# Outer-scaled velocity profile (U/u_inf vs y/delta)
# Columns: y_star    U_parallel_star
8.8521084463e-04 2.2777112635e-02
2.6418601603e-03 6.8216961048e-02
4.4000572229e-03 1.1344203835e-01
6.1602187414e-03 1.5823362806e-01
7.9228049342e-03 2.0225728441e-01
9.6883127437e-03 2.4511216803e-01
1.1457269015e-02 2.8640094793e-01
1.3230224181e-02 3.2577502938e-01
1.5007746782e-02 3.6297637036e-01
1.6790418997e-02 3.9784013928e-01
1.8578833171e-02 4.3030035082e-01
2.0373589266e-02 4.6036545584e-01
2.2175293094e-02 4.8810983811e-01
2.3984555151e-02 5.1364488700e-01
2.5801989923e-02 5.3711279985e-01
2.7628215515e-02 5.5866404824e-01
2.9463853500e-02 5.7845779703e-01
3.1309528924e-02 5.9664622546e-01
3.3165870392e-02 6.1337948410e-01
3.5033510215e-02 6.2879453521e-01
3.6913084591e-02 6.4302222009e-01
3.8805233801e-02 6.5617863724e-01
4.0710602417e-02 6.6837261494e-01
4.2629839521e-02 6.7969867499e-01
4.4563598920e-02 6.9024448993e-01
4.6512539366e-02 7.0008526334e-01
4.8477324788e-02 7.0929089620e-01
5.0458624509e-02 7.1792127807e-01
5.2457113480e-02 7.2603253728e-01
5.4473472506e-02 7.3367255120e-01
5.6508388480e-02 7.4088600286e-01
5.8562554618e-02 7.4771030787e-01
6.0636670693e-02 7.5418025780e-01
6.2731443273e-02 7.6032496914e-01
6.4847585964e-02 7.6617229177e-01
6.6985819652e-02 7.7174628182e-01
6.9146872749e-02 7.7707084579e-01
7.1331481439e-02 7.8216721776e-01
7.3540389932e-02 7.8705657244e-01
7.5774350715e-02 7.9175724287e-01
7.8034124810e-02 7.9628659996e-01
8.0320482032e-02 8.0065889369e-01
8.2634201252e-02 8.0488755091e-01
8.4976070663e-02 8.0898385412e-01
8.7346888046e-02 8.1295897575e-01
8.9747461045e-02 8.1682267732e-01
9.2178607439e-02 8.2058496348e-01
9.4641155425e-02 8.2425480570e-01
9.7135943893e-02 8.2784120015e-01
9.9663822719e-02 8.3135175329e-01
1.0222565305e-01 8.3479374472e-01
1.0482230760e-01 8.3817340295e-01
1.0745467095e-01 8.4149705638e-01
1.1012363984e-01 8.4477025300e-01
1.1283012348e-01 8.4799846592e-01
1.1557504386e-01 8.5118638647e-01
1.1835933607e-01 8.5433875755e-01
1.2118394860e-01 8.5745972704e-01
1.2404984369e-01 8.6055316613e-01
1.2695799764e-01 8.6362153488e-01
1.2990940113e-01 8.6666600322e-01
1.3290505960e-01 8.6968636869e-01
1.3594599355e-01 8.7268270711e-01
1.3903323889e-01 8.7565585210e-01
1.4216784734e-01 8.7860779560e-01
1.4535088672e-01 8.8154101185e-01
1.4858344138e-01 8.8445896590e-01
1.5186661252e-01 8.8736577635e-01
1.5520151858e-01 8.9026572247e-01
1.5858929564e-01 8.9316191052e-01
1.6203109776e-01 8.9605629017e-01
1.6552809745e-01 8.9895009102e-01
1.6908148599e-01 9.0184475307e-01
1.7269247388e-01 9.0474144598e-01
1.7636229123e-01 9.0764045661e-01
1.8009218821e-01 9.1054110574e-01
1.8388343544e-01 9.1344344409e-01
1.8773732446e-01 9.1634872440e-01
1.9165516813e-01 9.1925832977e-01
1.9563830111e-01 9.2217261805e-01
1.9968808028e-01 9.2509191295e-01
2.0380588525e-01 9.2801765418e-01
2.0799311880e-01 9.3095270488e-01
2.1225120733e-01 9.3390015574e-01
2.1658160143e-01 9.3686195942e-01
2.2098577627e-01 9.3983801325e-01
2.2546523219e-01 9.4282660832e-01
2.3002149517e-01 9.4582609026e-01
2.3465611732e-01 9.4883649792e-01
2.3937067750e-01 9.5185821738e-01
2.4416678177e-01 9.5489002346e-01
2.4904606395e-01 9.5793058032e-01
2.5401018624e-01 9.6098063323e-01
2.5906083972e-01 9.6404172172e-01
2.6419974493e-01 9.6711512865e-01
2.6942865250e-01 9.7020329566e-01
2.7474934371e-01 9.7330960492e-01
2.8016363112e-01 9.7643622061e-01
2.8567335914e-01 9.7958501089e-01
2.9128040474e-01 9.8275948807e-01
2.9698667800e-01 9.8596226060e-01
3.0279412282e-01 9.8919258741e-01
3.0870471758e-01 9.9244703310e-01
3.1472047577e-01 9.9572002259e-01
3.2084344673e-01 9.9900822549e-01
3.2707571631e-01 1.0023128914e+00
3.3341940760e-01 1.0056370230e+00
3.3987668164e-01 1.0089842536e+00
3.4644973816e-01 1.0123572330e+00
3.5314081635e-01 1.0157550864e+00
3.5995219559e-01 1.0191726581e+00
3.6688619625e-01 1.0226043331e+00
3.7394518046e-01 1.0260491243e+00
3.8113155295e-01 1.0295131153e+00
3.8844776182e-01 1.0330037155e+00
3.9589629941e-01 1.0365219365e+00
4.0347970315e-01 1.0400614879e+00
4.1120055640e-01 1.0436179419e+00
4.1906148935e-01 1.0471902780e+00
4.2706517991e-01 1.0507743979e+00
4.3521435461e-01 1.0543687333e+00
4.4351178956e-01 1.0579758879e+00
4.5196031136e-01 1.0615996659e+00
4.6056279808e-01 1.0652389741e+00
4.6932218026e-01 1.0688877854e+00
4.7824144187e-01 1.0725444221e+00
4.8732362135e-01 1.0762112501e+00
4.9657181262e-01 1.0798922839e+00
5.0598916619e-01 1.0835850731e+00
5.1557889018e-01 1.0872815224e+00
5.2534425142e-01 1.0909825052e+00
5.3528857658e-01 1.0946924509e+00
5.4541525329e-01 1.0984166910e+00
5.5572773133e-01 1.1021569874e+00
5.6622952373e-01 1.1059110409e+00
5.7692420804e-01 1.1096774922e+00
5.8781542751e-01 1.1134439337e+00
5.9890689236e-01 1.1172043934e+00
6.1020238099e-01 1.1209724846e+00
6.2170574135e-01 1.1247578376e+00
6.3342089216e-01 1.1285555866e+00
6.4535182431e-01 1.1323546946e+00
6.5750260219e-01 1.1361388789e+00
6.6987736510e-01 1.1399111693e+00
6.8248032863e-01 1.1436902866e+00
6.9531578609e-01 1.1474708354e+00
7.0838811003e-01 1.1512433801e+00
7.2170175367e-01 1.1550058475e+00
7.3526125242e-01 1.1587580637e+00
7.4907122547e-01 1.1624998690e+00
7.6313637731e-01 1.1662102665e+00
7.7746149933e-01 1.1698748959e+00
7.9205147144e-01 1.1734849285e+00
8.0691126360e-01 1.1770372727e+00
8.2204593741e-01 1.1805246386e+00
8.3746064739e-01 1.1839294172e+00
8.5316064205e-01 1.1872412042e+00
8.6915126416e-01 1.1904581950e+00
8.8543794976e-01 1.1935773111e+00
9.0202622478e-01 1.1965907559e+00
9.1892169765e-01 1.1994778201e+00
9.3613004522e-01 1.2022155459e+00
9.5365698808e-01 1.2047921674e+00
9.7150824998e-01 1.2071942850e+00
9.8968949395e-01 1.2094136495e+00
1.0082062265e+00 1.2114385882e+00
1.0270636598e+00 1.2132565241e+00
1.0462665213e+00 1.2148657246e+00
1.0658188038e+00 1.2162714317e+00
1.0857234502e+00 1.2174852816e+00
1.1059819775e+00 1.2185261023e+00
1.1265940518e+00 1.2194090259e+00
1.1475570400e+00 1.2201451623e+00
1.1688655740e+00 1.2207420199e+00
1.1905111749e+00 1.2212093172e+00
1.2124819881e+00 1.2215643086e+00
1.2347626801e+00 1.2218304244e+00
1.2573345351e+00 1.2220278049e+00
1.2801757740e+00 1.2221721579e+00
1.3032620902e+00 1.2222762415e+00
1.3265673718e+00 1.2223511598e+00
1.3500645551e+00 1.2224036313e+00
1.3737265345e+00 1.2224383850e+00
1.3975270482e+00 1.2224608990e+00
1.4214414639e+00 1.2224753046e+00
1.4454474026e+00 1.2224847412e+00
1.4695251618e+00 1.2224918975e+00
1.4936579282e+00 1.2224975704e+00
1.5178317908e+00 1.2225025106e+00
1.5420355886e+00 1.2225063910e+00
1.5662606370e+00 1.2225092174e+00
1.5905003815e+00 1.2225112380e+00
1.6147500233e+00 1.2225129489e+00
1.6390061545e+00 1.2225147577e+00
1.6632664267e+00 1.2225168360e+00
1.6875292702e+00 1.2225187706e+00
1.7117936668e+00 1.2225204968e+00
1.7360589760e+00 1.2225220539e+00
1.7603248065e+00 1.2225235648e+00
1.7845909265e+00 1.2225249908e+00
1.8088572029e+00 1.2225263996e+00
1.8331235614e+00 1.2225277482e+00
1.8573899618e+00 1.2225290955e+00
1.8816563829e+00 1.2225304107e+00
1.9059228140e+00 1.2225317516e+00
1.9301892497e+00 1.2225330845e+00
1.9544556876e+00 1.2225344534e+00
1.9787221265e+00 1.2225358199e+00
2.0029885657e+00 1.2225372174e+00
2.0272550051e+00 1.2225386032e+00
2.0515214446e+00 1.2225400060e+00
2.0757878841e+00 1.2225413940e+00
2.1000543236e+00 1.2225428020e+00
2.1243207631e+00 1.2225442019e+00
2.1485872026e+00 1.2225456214e+00
2.1728536421e+00 1.2225470313e+00
2.1971200817e+00 1.2225484607e+00
2.2213865212e+00 1.2225498884e+00
2.2456529607e+00 1.2225513410e+00
2.2699194002e+00 1.2225527986e+00
2.2941858397e+00 1.2225542827e+00
2.3184522792e+00 1.2225557769e+00
2.3427187187e+00 1.2225572988e+00
2.3669851583e+00 1.2225588305e+00
2.3912515978e+00 1.2225603807e+00
2.4155180373e+00 1.2225619323e+00
2.4397844768e+00 1.2225634903e+00
2.4640509163e+00 1.2225650445e+00
2.4883173558e+00 1.2225665957e+00
2.5125837953e+00 1.2225681353e+00
2.5368502349e+00 1.2225696585e+00
2.5611166744e+00 1.2225711549e+00
2.5853831139e+00 1.2225726150e+00
2.6096495534e+00 1.2225740293e+00
2.6339159929e+00 1.2225753938e+00
2.6581824324e+00 1.2225767125e+00
2.6824488720e+00 1.2225779934e+00
2.7067153115e+00 1.2225792490e+00
2.7309817510e+00 1.2225804869e+00
2.7552481905e+00 1.2225817135e+00
2.7795146300e+00 1.2225829276e+00
2.8037810695e+00 1.2225841262e+00
2.8280475090e+00 1.2225853014e+00
2.8523139486e+00 1.2225864445e+00
2.8765803881e+00 1.2225875443e+00
2.9008468276e+00 1.2225885934e+00
2.9251132671e+00 1.2225895872e+00
2.9493797066e+00 1.2225905296e+00
2.9736461461e+00 1.2225914271e+00
2.9979125856e+00 1.2225922949e+00
3.0221790252e+00 1.2225931500e+00
3.0464454647e+00 1.2225940145e+00
3.0707119042e+00 1.2225949044e+00
3.0949783437e+00 1.2225958306e+00
3.1192447832e+00 1.2225967962e+00
3.1435112227e+00 1.2225978024e+00
3.1677776623e+00 1.2225988493e+00
3.1920441018e+00 1.2225999363e+00
3.2163105413e+00 1.2226010629e+00
3.2405769808e+00 1.2226022244e+00
3.2648434203e+00 1.2226034203e+00
3.2891098598e+00 1.2226046414e+00
3.3133762993e+00 1.2226058884e+00
3.3376427389e+00 1.2226071487e+00
3.3619091784e+00 1.2226084263e+00
3.3861756179e+00 1.2226097035e+00
3.4104420574e+00 1.2226109824e+00
3.4347084969e+00 1.2226122357e+00
3.4589749364e+00 1.2226134646e+00
3.4832413759e+00 1.2226146414e+00
3.5075078155e+00 1.2226157823e+00
3.5317742550e+00 1.2226168732e+00
3.5560406945e+00 1.2226179504e+00
3.5803071340e+00 1.2226190062e+00
3.6045735735e+00 1.2226200801e+00
3.6288400130e+00 1.2226211534e+00
3.6531064525e+00 1.2226222588e+00
3.6773728921e+00 1.2226233630e+00
3.7016393316e+00 1.2226244947e+00
3.7259057711e+00 1.2226256112e+00
3.7501722106e+00 1.2226267473e+00
3.7744386501e+00 1.2226278612e+00
3.7987050896e+00 1.2226289996e+00
3.8229715292e+00 1.2226301205e+00
3.8472379687e+00 1.2226312738e+00
3.8715044082e+00 1.2226324126e+00
3.8957708477e+00 1.2226335898e+00
3.9200372872e+00 1.2226347583e+00
3.9443037267e+00 1.2226359727e+00
3.9685701662e+00 1.2226371822e+00
3.9928366058e+00 1.2226384378e+00
4.0171030453e+00 1.2226396880e+00
4.0413694848e+00 1.2226409842e+00
4.0656359243e+00 1.2226422786e+00
4.0899023638e+00 1.2226436225e+00
4.1141688033e+00 1.2226449682e+00
4.1384352428e+00 1.2226463626e+00
4.1627016824e+00 1.2226477559e+00
4.1869681219e+00 1.2226491915e+00
4.2112345614e+00 1.2226506177e+00
4.2355010009e+00 1.2226520751e+00
4.2597674404e+00 1.2226535095e+00
4.2840338799e+00 1.2226549622e+00
4.3083003194e+00 1.2226563796e+00
4.3325667590e+00 1.2226578077e+00
4.3568331985e+00 1.2226591936e+00
4.3810996380e+00 1.2226605860e+00
4.4053660775e+00 1.2226619309e+00
4.4296325170e+00 1.2226632819e+00
4.4538989565e+00 1.2226645893e+00
4.4781653961e+00 1.2226659156e+00
4.5024318356e+00 1.2226672140e+00
4.5266982751e+00 1.2226685486e+00
4.5509647146e+00 1.2226698641e+00
4.5752311541e+00 1.2226712183e+00
4.5994975936e+00 1.2226725466e+00
4.6237640331e+00 1.2226739071e+00
4.6480304727e+00 1.2226752364e+00
4.6722969122e+00 1.2226766010e+00
4.6965633517e+00 1.2226779415e+00
4.7208297912e+00 1.2226793271e+00
4.7450962307e+00 1.2226806933e+00
4.7693626702e+00 1.2226821041e+00
4.7936291097e+00 1.2226834890e+00
4.8178955493e+00 1.2226849090e+00
4.8421619888e+00 1.2226862913e+00
4.8664284283e+00 1.2226876952e+00
4.8906948678e+00 1.2226890482e+00
4.9149613073e+00 1.2226904105e+00
4.9392277468e+00 1.2226917142e+00
4.9634941863e+00 1.2226930220e+00
4.9877606259e+00 1.2226942709e+00
5.0120270654e+00 1.2226955249e+00
5.0362935049e+00 1.2226967256e+00
5.0605599444e+00 1.2226979365e+00
5.0848263839e+00 1.2226991017e+00
5.1090928234e+00 1.2227002818e+00
5.1333592630e+00 1.2227014211e+00
5.1576257025e+00 1.2227025771e+00
5.1818921420e+00 1.2227036944e+00
5.2061585815e+00 1.2227048296e+00
5.2304250210e+00 1.2227059292e+00
5.2546914605e+00 1.2227070511e+00
5.2789579000e+00 1.2227081456e+00
5.3032243396e+00 1.2227092742e+00
5.3274907791e+00 1.2227103919e+00
5.3517572186e+00 1.2227115602e+00
5.3760236581e+00 1.2227127354e+00
5.4002900976e+00 1.2227139721e+00
5.4245565371e+00 1.2227152251e+00
5.4488229766e+00 1.2227165376e+00
5.4730894162e+00 1.2227178638e+00
5.4973558557e+00 1.2227192341e+00
5.5216222952e+00 1.2227206080e+00
5.5458887347e+00 1.2227220069e+00
5.5701551742e+00 1.2227234057e+00
5.5944216137e+00 1.2227248211e+00
5.6186880533e+00 1.2227262504e+00
5.6429544928e+00 1.2227277046e+00
5.6672209323e+00 1.2227292024e+00
5.6914873718e+00 1.2227307391e+00
5.7157538113e+00 1.2227323462e+00
5.7400202508e+00 1.2227339921e+00
5.7642866903e+00 1.2227357178e+00
5.7885531299e+00 1.2227374645e+00
5.8128195694e+00 1.2227392866e+00
5.8370860089e+00 1.2227411031e+00
5.8613524484e+00 1.2227429841e+00
5.8856188879e+00 1.2227448296e+00
5.9098853274e+00 1.2227467238e+00
5.9341517669e+00 1.2227485505e+00
5.9584182065e+00 1.2227504090e+00
5.9826846460e+00 1.2227521728e+00
6.0069510855e+00 1.2227539608e+00
6.0312175250e+00 1.2227556398e+00
6.0554839645e+00 1.2227573516e+00
6.0797504040e+00 1.2227589518e+00
6.1040168435e+00 1.2227606044e+00
6.1282832831e+00 1.2227621404e+00
6.1525497226e+00 1.2227637447e+00
6.1768161621e+00 1.2227652044e+00
6.2010826016e+00 1.2227667020e+00
6.2253490411e+00 1.2227679161e+00
6.2496154806e+00 1.2227688666e+00
