# Mean flow yaw angle vs inner units (degrees)
# Columns: y_plus    Phi_deg
3.9832992606e-01 2.4130363538e+01
1.1887924427e+00 2.4148806910e+01
1.9799514194e+00 2.4161122227e+01
2.7719943680e+00 2.4169638764e+01
3.5651283791e+00 2.4175229683e+01
4.3595770683e+00 2.4178549256e+01
5.1555775073e+00 2.4180063860e+01
5.9533773809e+00 2.4180149185e+01
6.7532325235e+00 2.4179096807e+01
7.5554049053e+00 2.4177153265e+01
8.3601610713e+00 2.4174485458e+01
9.1677709952e+00 2.4171215175e+01
9.9785072812e+00 2.4167411696e+01
1.0792644643e+01 2.4163132663e+01
1.1610459588e+01 2.4158405401e+01
1.2432230253e+01 2.4153248923e+01
1.3258236337e+01 2.4147658300e+01
1.4088759099e+01 2.4141636591e+01
1.4924081400e+01 2.4135187359e+01
1.5764487770e+01 2.4128335049e+01
1.6610264487e+01 2.4121101841e+01
1.7461699667e+01 2.4113514419e+01
1.8319083357e+01 2.4105580572e+01
1.9182707631e+01 2.4097299360e+01
2.0052866693e+01 2.4088647327e+01
2.0929856971e+01 2.4079598761e+01
2.1813977219e+01 2.4070123202e+01
2.2705528623e+01 2.4060206265e+01
2.3604814899e+01 2.4049842296e+01
2.4512142398e+01 2.4039046345e+01
2.5427820210e+01 2.4027842627e+01
2.6352160271e+01 2.4016272676e+01
2.7285477466e+01 2.4004385344e+01
2.8228089740e+01 2.3992244096e+01
2.9180318202e+01 2.3979914054e+01
3.0142487241e+01 2.3967460927e+01
3.1114924627e+01 2.3954934505e+01
3.2097961633e+01 2.3942370949e+01
3.3091933139e+01 2.3929787950e+01
3.4097177753e+01 2.3917195714e+01
3.5114037921e+01 2.3904596355e+01
3.6142860047e+01 2.3891991401e+01
3.7183994610e+01 2.3879374990e+01
3.8237796283e+01 2.3866736071e+01
3.9304624055e+01 2.3854055867e+01
4.0384841351e+01 2.3841311801e+01
4.1478816159e+01 2.3828464048e+01
4.2586921152e+01 2.3815449539e+01
4.3709533817e+01 2.3802185729e+01
4.4847036585e+01 2.3788595441e+01
4.5999816957e+01 2.3774624018e+01
4.7168267640e+01 2.3760248462e+01
4.8352786679e+01 2.3745468611e+01
4.9553777591e+01 2.3730291444e+01
5.0771649508e+01 2.3714711311e+01
5.2006817308e+01 2.3698719442e+01
5.3259701767e+01 2.3682329888e+01
5.4530729690e+01 2.3665591718e+01
5.5820334067e+01 2.3648569688e+01
5.7128954215e+01 2.3631317170e+01
5.8457035929e+01 2.3613845362e+01
5.9805031633e+01 2.3596101818e+01
6.1173400536e+01 2.3577981168e+01
6.2562608788e+01 2.3559367344e+01
6.3973129635e+01 2.3540177532e+01
6.5405443587e+01 2.3520401692e+01
6.6860038576e+01 2.3500121735e+01
6.8337410125e+01 2.3479489417e+01
6.9838061516e+01 2.3458675773e+01
7.1362503960e+01 2.3437829541e+01
7.2911256775e+01 2.3417069820e+01
7.4484847559e+01 2.3396492885e+01
7.6083812373e+01 2.3376149578e+01
7.7708695921e+01 2.3356000933e+01
7.9360051734e+01 2.3335934177e+01
8.1038442365e+01 2.3315873166e+01
8.2744439576e+01 2.3295865065e+01
8.4478624530e+01 2.3275997082e+01
8.6241587997e+01 2.3256250798e+01
8.8033930547e+01 2.3236487900e+01
8.9856262762e+01 2.3216571489e+01
9.1709205436e+01 2.3196439822e+01
9.3593389795e+01 2.3176040045e+01
9.5509457704e+01 2.3155295442e+01
9.7458061892e+01 2.3134161196e+01
9.9439866172e+01 2.3112622032e+01
1.0145554566e+02 2.3090678841e+01
1.0350578703e+02 2.3068354998e+01
1.0559128871e+02 2.3045673218e+01
1.0771276115e+02 2.3022640012e+01
1.0987092704e+02 2.2999279512e+01
1.1206652160e+02 2.2975617054e+01
1.1430029277e+02 2.2951665210e+01
1.1657300151e+02 2.2927444142e+01
1.1888542205e+02 2.2902944562e+01
1.2123834212e+02 2.2878100681e+01
1.2363256328e+02 2.2852879366e+01
1.2606890115e+02 2.2827382751e+01
1.2854818569e+02 2.2801798013e+01
1.3107126148e+02 2.2776144271e+01
1.3363898805e+02 2.2750100283e+01
1.3625224012e+02 2.2723351312e+01
1.3891190791e+02 2.2695974299e+01
1.4161889747e+02 2.2668186308e+01
1.4437413097e+02 2.2640038820e+01
1.4717854699e+02 2.2611524888e+01
1.5003310091e+02 2.2582626333e+01
1.5293876514e+02 2.2553247650e+01
1.5589652954e+02 2.2523222264e+01
1.5890740169e+02 2.2492460988e+01
1.6197240728e+02 2.2461025493e+01
1.6509259044e+02 2.2428933300e+01
1.6826901409e+02 2.2396182343e+01
1.7150276031e+02 2.2363018716e+01
1.7479493070e+02 2.2329947985e+01
1.7814664679e+02 2.2297335917e+01
1.8155905037e+02 2.2265173896e+01
1.8503330390e+02 2.2233175143e+01
1.8857059093e+02 2.2200980929e+01
1.9217211647e+02 2.2168189305e+01
1.9583910742e+02 2.2134481209e+01
1.9957281298e+02 2.2099790081e+01
2.0337450507e+02 2.2064181792e+01
2.0724547877e+02 2.2027788320e+01
2.1118705278e+02 2.1990626807e+01
2.1520056983e+02 2.1952777551e+01
2.1928739716e+02 2.1914498296e+01
2.2344892701e+02 2.1875493557e+01
2.2768657703e+02 2.1835394009e+01
2.3200179082e+02 2.1794336437e+01
2.3639603841e+02 2.1752645190e+01
2.4087081674e+02 2.1710430032e+01
2.4542765019e+02 2.1667991476e+01
2.5006809109e+02 2.1625680103e+01
2.5479372026e+02 2.1583344067e+01
2.5960614754e+02 2.1540519218e+01
2.6450701231e+02 2.1496819690e+01
2.6949798412e+02 2.1452370926e+01
2.7458076319e+02 2.1407377874e+01
2.7975708102e+02 2.1361840099e+01
2.8502870098e+02 2.1315841118e+01
2.9039741890e+02 2.1269528081e+01
2.9586506368e+02 2.1222696596e+01
3.0143349794e+02 2.1175385926e+01
3.0710461862e+02 2.1127929337e+01
3.1288035765e+02 2.1080401306e+01
3.1876268259e+02 2.1032292538e+01
3.2475359732e+02 2.0983557239e+01
3.3085514269e+02 2.0935427349e+01
3.3706939727e+02 2.0888963921e+01
3.4339847799e+02 2.0843988835e+01
3.4984454091e+02 2.0799649357e+01
3.5640978188e+02 2.0755336900e+01
3.6309643733e+02 2.0711386555e+01
3.6990678487e+02 2.0668056103e+01
3.7684314396e+02 2.0625745605e+01
3.8390787633e+02 2.0584561216e+01
3.9110338615e+02 2.0544637007e+01
3.9843211953e+02 2.0506106059e+01
4.0589656306e+02 2.0468829464e+01
4.1349924044e+02 2.0433204250e+01
4.2124270614e+02 2.0399459892e+01
4.2912953435e+02 2.0368054118e+01
4.3716230063e+02 2.0339595455e+01
4.4534355328e+02 2.0314245143e+01
4.5367577013e+02 2.0291745279e+01
4.6216129653e+02 2.0271982581e+01
4.7080225980e+02 2.0254294411e+01
4.7960045663e+02 2.0238135876e+01
4.8855721127e+02 2.0223698815e+01
4.9767320634e+02 2.0211215325e+01
5.0694829158e+02 2.0200842543e+01
5.1638128212e+02 2.0192618438e+01
5.2596976245e+02 2.0186023090e+01
5.3570991718e+02 2.0180714817e+01
5.4559641198e+02 2.0176746259e+01
5.5562234697e+02 2.0173995733e+01
5.6577930043e+02 2.0172116093e+01
5.7605747209e+02 2.0170767239e+01
5.8644592435e+02 2.0169828977e+01
5.9693290738e+02 2.0169180550e+01
6.0750624294e+02 2.0168686706e+01
6.1815373393e+02 2.0168375837e+01
6.2886356302e+02 2.0168241215e+01
6.3962464611e+02 2.0168183835e+01
6.5042691296e+02 2.0168124177e+01
6.6126149787e+02 2.0168068244e+01
6.7212083508e+02 2.0168034123e+01
6.8299866488e+02 2.0168006430e+01
6.9388996500e+02 2.0167976655e+01
7.0479082754e+02 2.0167937807e+01
7.1569830307e+02 2.0167888402e+01
7.2661023225e+02 2.0167845036e+01
7.3752508151e+02 2.0167817027e+01
7.4844179417e+02 2.0167787648e+01
7.5935966386e+02 2.0167756472e+01
7.7027823245e+02 2.0167725868e+01
7.8119721165e+02 2.0167696779e+01
7.9211642543e+02 2.0167668244e+01
8.0303576952e+02 2.0167641593e+01
8.1395518398e+02 2.0167616056e+01
8.2487463536e+02 2.0167592587e+01
8.3579410559e+02 2.0167570102e+01
8.4671358515e+02 2.0167548810e+01
8.5763306920e+02 2.0167527277e+01
8.6855255537e+02 2.0167505679e+01
8.7947204248e+02 2.0167482997e+01
8.9039153002e+02 2.0167459813e+01
9.0131101774e+02 2.0167435616e+01
9.1223050554e+02 2.0167411279e+01
9.2314999336e+02 2.0167386471e+01
9.3406948120e+02 2.0167361891e+01
9.4498896904e+02 2.0167337070e+01
9.5590845688e+02 2.0167312586e+01
9.6682794473e+02 2.0167288011e+01
9.7774743257e+02 2.0167263831e+01
9.8866692042e+02 2.0167239478e+01
9.9958640826e+02 2.0167215220e+01
1.0105058961e+03 2.0167190518e+01
1.0214253840e+03 2.0167165662e+01
1.0323448718e+03 2.0167140286e+01
1.0432643596e+03 2.0167114707e+01
1.0541838475e+03 2.0167088671e+01
1.0651033353e+03 2.0167062517e+01
1.0760228232e+03 2.0167036094e+01
1.0869423110e+03 2.0167009664e+01
1.0978617989e+03 2.0166983104e+01
1.1087812867e+03 2.0166956563e+01
1.1197007746e+03 2.0166930025e+01
1.1306202624e+03 2.0166903655e+01
1.1415397502e+03 2.0166877555e+01
1.1524592381e+03 2.0166851917e+01
1.1633787259e+03 2.0166826900e+01
1.1742982138e+03 2.0166802657e+01
1.1852177016e+03 2.0166779241e+01
1.1961371895e+03 2.0166756578e+01
1.2070566773e+03 2.0166734537e+01
1.2179761652e+03 2.0166712911e+01
1.2288956530e+03 2.0166691584e+01
1.2398151408e+03 2.0166670451e+01
1.2507346287e+03 2.0166649532e+01
1.2616541165e+03 2.0166628872e+01
1.2725736044e+03 2.0166608604e+01
1.2834930922e+03 2.0166588877e+01
1.2944125801e+03 2.0166569892e+01
1.3053320679e+03 2.0166551786e+01
1.3162515558e+03 2.0166534644e+01
1.3271710436e+03 2.0166518408e+01
1.3380905314e+03 2.0166502960e+01
1.3490100193e+03 2.0166488041e+01
1.3599295071e+03 2.0166473338e+01
1.3708489950e+03 2.0166458469e+01
1.3817684828e+03 2.0166443146e+01
1.3926879707e+03 2.0166427177e+01
1.4036074585e+03 2.0166410513e+01
1.4145269464e+03 2.0166393136e+01
1.4254464342e+03 2.0166375046e+01
1.4363659220e+03 2.0166356264e+01
1.4472854099e+03 2.0166336794e+01
1.4582048977e+03 2.0166316727e+01
1.4691243856e+03 2.0166296067e+01
1.4800438734e+03 2.0166274978e+01
1.4909633613e+03 2.0166253443e+01
1.5018828491e+03 2.0166231684e+01
1.5128023370e+03 2.0166209631e+01
1.5237218248e+03 2.0166187588e+01
1.5346413126e+03 2.0166165516e+01
1.5455608005e+03 2.0166143891e+01
1.5564802883e+03 2.0166122685e+01
1.5673997762e+03 2.0166102376e+01
1.5783192640e+03 2.0166082685e+01
1.5892387519e+03 2.0166063854e+01
1.6001582397e+03 2.0166045260e+01
1.6110777276e+03 2.0166027036e+01
1.6219972154e+03 2.0166008501e+01
1.6329167032e+03 2.0165989982e+01
1.6438361911e+03 2.0165970914e+01
1.6547556789e+03 2.0165951873e+01
1.6656751668e+03 2.0165932364e+01
1.6765946546e+03 2.0165913120e+01
1.6875141425e+03 2.0165893548e+01
1.6984336303e+03 2.0165874359e+01
1.7093531182e+03 2.0165854754e+01
1.7202726060e+03 2.0165835454e+01
1.7311920938e+03 2.0165815601e+01
1.7421115817e+03 2.0165796000e+01
1.7530310695e+03 2.0165775741e+01
1.7639505574e+03 2.0165755632e+01
1.7748700452e+03 2.0165734739e+01
1.7857895331e+03 2.0165713926e+01
1.7967090209e+03 2.0165692321e+01
1.8076285088e+03 2.0165670806e+01
1.8185479966e+03 2.0165648501e+01
1.8294674844e+03 2.0165626222e+01
1.8403869723e+03 2.0165603093e+01
1.8513064601e+03 2.0165579927e+01
1.8622259480e+03 2.0165555925e+01
1.8731454358e+03 2.0165531936e+01
1.8840649237e+03 2.0165507225e+01
1.8949844115e+03 2.0165482671e+01
1.9059038994e+03 2.0165457591e+01
1.9168233872e+03 2.0165432903e+01
1.9277428750e+03 2.0165407914e+01
1.9386623629e+03 2.0165383525e+01
1.9495818507e+03 2.0165358965e+01
1.9605013386e+03 2.0165335121e+01
1.9714208264e+03 2.0165311179e+01
1.9823403143e+03 2.0165288040e+01
1.9932598021e+03 2.0165264806e+01
2.0041792900e+03 2.0165242308e+01
2.0150987778e+03 2.0165219494e+01
2.0260182656e+03 2.0165197146e+01
2.0369377535e+03 2.0165174186e+01
2.0478572413e+03 2.0165151539e+01
2.0587767292e+03 2.0165128238e+01
2.0696962170e+03 2.0165105364e+01
2.0806157049e+03 2.0165081948e+01
2.0915351927e+03 2.0165059052e+01
2.1024546806e+03 2.0165035562e+01
2.1133741684e+03 2.0165012473e+01
2.1242936562e+03 2.0164988625e+01
2.1352131441e+03 2.0164965100e+01
2.1461326319e+03 2.0164940824e+01
2.1570521198e+03 2.0164916987e+01
2.1679716076e+03 2.0164892559e+01
2.1788910955e+03 2.0164868778e+01
2.1898105833e+03 2.0164844636e+01
2.2007300712e+03 2.0164821376e+01
2.2116495590e+03 2.0164797964e+01
2.2225690468e+03 2.0164775575e+01
2.2334885347e+03 2.0164753126e+01
2.2444080225e+03 2.0164731709e+01
2.2553275104e+03 2.0164710212e+01
2.2662469982e+03 2.0164689655e+01
2.2771664861e+03 2.0164668927e+01
2.2880859739e+03 2.0164649011e+01
2.2990054618e+03 2.0164628838e+01
2.3099249496e+03 2.0164609393e+01
2.3208444374e+03 2.0164589657e+01
2.3317639253e+03 2.0164570613e+01
2.3426834131e+03 2.0164551253e+01
2.3536029010e+03 2.0164532533e+01
2.3645223888e+03 2.0164513421e+01
2.3754418767e+03 2.0164494798e+01
2.3863613645e+03 2.0164475581e+01
2.3972808524e+03 2.0164456559e+01
2.4082003402e+03 2.0164436655e+01
2.4191198280e+03 2.0164416630e+01
2.4300393159e+03 2.0164395535e+01
2.4409588037e+03 2.0164374149e+01
2.4518782916e+03 2.0164351729e+01
2.4627977794e+03 2.0164329062e+01
2.4737172673e+03 2.0164305629e+01
2.4846367551e+03 2.0164282122e+01
2.4955562430e+03 2.0164258181e+01
2.5064757308e+03 2.0164234237e+01
2.5173952187e+03 2.0164210003e+01
2.5283147065e+03 2.0164185532e+01
2.5392341943e+03 2.0164160631e+01
2.5501536822e+03 2.0164134987e+01
2.5610731700e+03 2.0164108670e+01
2.5719926579e+03 2.0164081153e+01
2.5829121457e+03 2.0164052957e+01
2.5938316336e+03 2.0164023404e+01
2.6047511214e+03 2.0163993469e+01
2.6156706093e+03 2.0163962257e+01
2.6265900971e+03 2.0163931108e+01
2.6375095849e+03 2.0163898870e+01
2.6484290728e+03 2.0163867197e+01
2.6593485606e+03 2.0163834704e+01
2.6702680485e+03 2.0163803316e+01
2.6811875363e+03 2.0163771393e+01
2.6921070242e+03 2.0163741039e+01
2.7030265120e+03 2.0163710273e+01
2.7139459999e+03 2.0163681323e+01
2.7248654877e+03 2.0163651805e+01
2.7357849755e+03 2.0163624164e+01
2.7467044634e+03 2.0163595607e+01
2.7576239512e+03 2.0163569043e+01
2.7685434391e+03 2.0163541281e+01
2.7794629269e+03 2.0163516067e+01
2.7903824148e+03 2.0163490207e+01
2.8013019026e+03 2.0163469440e+01
2.8122213905e+03 2.0163453227e+01
