# Rotated Reynolds stress Morkovin's scaling
# Columns: y_plus    rho u''u''rotated/tau_wall
3.8773702413e-01 2.4814330085e-02
1.1571785444e+00 2.1966414008e-01
1.9272980036e+00 6.0172738799e-01
2.6982779270e+00 1.1538880322e+00
3.4703198979e+00 1.8413110784e+00
4.2436415854e+00 2.6140385288e+00
5.0184737565e+00 3.4169617128e+00
5.7950575092e+00 4.2001632270e+00
6.5736418747e+00 4.9256833331e+00
7.3544818564e+00 5.5692235108e+00
8.1378369110e+00 6.1188114649e+00
8.9239698326e+00 6.5717067133e+00
9.7131459760e+00 6.9315382904e+00
1.0505632749e+01 7.2057342822e+00
1.1301699307e+01 7.4038084871e+00
1.2101616390e+01 7.5360074200e+00
1.2905656257e+01 7.6124720517e+00
1.3714092688e+01 7.6425967892e+00
1.4527201024e+01 7.6347182130e+00
1.5345258226e+01 7.5959882848e+00
1.6168542961e+01 7.5324259353e+00
1.6997335681e+01 7.4490630767e+00
1.7831918720e+01 7.3501109777e+00
1.8672576387e+01 7.2391306536e+00
1.9519595060e+01 7.1191244242e+00
2.0373263283e+01 6.9926200883e+00
2.1233871868e+01 6.8617165335e+00
2.2101713990e+01 6.7281749976e+00
2.2977085288e+01 6.5934692516e+00
2.3860283967e+01 6.4588279754e+00
2.4751610897e+01 6.3252132732e+00
2.5651369717e+01 6.1933177776e+00
2.6559866940e+01 6.0635958057e+00
2.7477412056e+01 5.9363614724e+00
2.8404317634e+01 5.8118954791e+00
2.9340899435e+01 5.6904955001e+00
3.0287476515e+01 5.5724581663e+00
3.1244371336e+01 5.4580112143e+00
3.2211909873e+01 5.3472714853e+00
3.3190421728e+01 5.2402324093e+00
3.4180240242e+01 5.1368396547e+00
3.5181702607e+01 5.0370495078e+00
3.6195149980e+01 4.9408831862e+00
3.7220927603e+01 4.8483992454e+00
3.8259384918e+01 4.7596778658e+00
3.9310875686e+01 4.6747509725e+00
4.0375758108e+01 4.5935772440e+00
4.1454394947e+01 4.5159994777e+00
4.2547153652e+01 4.4417951570e+00
4.3654406483e+01 4.3707055798e+00
4.4776530636e+01 4.3025263420e+00
4.5913908375e+01 4.2371202236e+00
4.7066927159e+01 4.1744278016e+00
4.8235979776e+01 4.1143840917e+00
4.9421464475e+01 4.0568884936e+00
5.0623785105e+01 4.0017937623e+00
5.1843351247e+01 3.9490013231e+00
5.3080578360e+01 3.8984683180e+00
5.4335887919e+01 3.8501966701e+00
5.5609707556e+01 3.8041266239e+00
5.6902471212e+01 3.7600802227e+00
5.8214619280e+01 3.7177428043e+00
5.9546598757e+01 3.6768065904e+00
6.0898863395e+01 3.6370578555e+00
6.2271873857e+01 3.5984213241e+00
6.3666097873e+01 3.5608947261e+00
6.5082010401e+01 3.5245235025e+00
6.6520093784e+01 3.4893304044e+00
6.7980837922e+01 3.4552985313e+00
6.9464740431e+01 3.4223498407e+00
7.0972306819e+01 3.3904049437e+00
7.2504050652e+01 3.3594045547e+00
7.4060493737e+01 3.3293473813e+00
7.5642166290e+01 3.3002189688e+00
7.7249607125e+01 3.2719144572e+00
7.8883363833e+01 3.2442176527e+00
8.0543992970e+01 3.2169396185e+00
8.2232060247e+01 3.1900193495e+00
8.3948140720e+01 3.1635996443e+00
8.5692818992e+01 3.1378593553e+00
8.7466689403e+01 3.1128548211e+00
8.9270356242e+01 3.0885356214e+00
9.1104433945e+01 3.0648451981e+00
9.2969547311e+01 3.0417011313e+00
9.4866331710e+01 3.0189727279e+00
9.6795433299e+01 2.9965852084e+00
9.8757509249e+01 2.9745544718e+00
1.0075322796e+02 2.9528110387e+00
1.0278326929e+02 2.9312253024e+00
1.0484832481e+02 2.9096502373e+00
1.0694909798e+02 2.8879435784e+00
1.0908630446e+02 2.8661135139e+00
1.1126067231e+02 2.8442103823e+00
1.1347294226e+02 2.8221695649e+00
1.1572386793e+02 2.7999956311e+00
1.1801421613e+02 2.7777140704e+00
1.2034476708e+02 2.7553911304e+00
1.2271631472e+02 2.7331239127e+00
1.2512966693e+02 2.7110550773e+00
1.2758564584e+02 2.6892374874e+00
1.3008508813e+02 2.6676985626e+00
1.3262884523e+02 2.6464496371e+00
1.3521778371e+02 2.6253962062e+00
1.3785278552e+02 2.6043370277e+00
1.4053474831e+02 2.5830300913e+00
1.4326458570e+02 2.5613080304e+00
1.4604322764e+02 2.5390442166e+00
1.4887162071e+02 2.5161096556e+00
1.5175072843e+02 2.4924281651e+00
1.5468153159e+02 2.4681600896e+00
1.5766502861e+02 2.4436730827e+00
1.6070223585e+02 2.4192396465e+00
1.6379418795e+02 2.3950063616e+00
1.6694193823e+02 2.3707987028e+00
1.7014655900e+02 2.3460388545e+00
1.7340914194e+02 2.3203220702e+00
1.7673079848e+02 2.2936837977e+00
1.8011266020e+02 2.2662234516e+00
1.8355587914e+02 2.2380684636e+00
1.8706162828e+02 2.2094558638e+00
1.9063110189e+02 2.1807925820e+00
1.9426551594e+02 2.1518306216e+00
1.9796610854e+02 2.1223153539e+00
2.0173414033e+02 2.0925184424e+00
2.0557089493e+02 2.0630557806e+00
2.0947767937e+02 2.0340991615e+00
2.1345582454e+02 2.0046894345e+00
2.1750668562e+02 1.9740292795e+00
2.2163164260e+02 1.9421003079e+00
2.2583210068e+02 1.9094203264e+00
2.3010949078e+02 1.8760043663e+00
2.3446527005e+02 1.8415905188e+00
2.3890092232e+02 1.8065064235e+00
2.4341795865e+02 1.7711121349e+00
2.4801791781e+02 1.7352555051e+00
2.5270236682e+02 1.6984576848e+00
2.5747290150e+02 1.6612154333e+00
2.6233114696e+02 1.6240376982e+00
2.6727875823e+02 1.5860770833e+00
2.7231742076e+02 1.5468232317e+00
2.7744885101e+02 1.5067422970e+00
2.8267479708e+02 1.4660789539e+00
2.8799703921e+02 1.4247886911e+00
2.9341739051e+02 1.3825715731e+00
2.9893769745e+02 1.3398138358e+00
3.0455984059e+02 1.2962732346e+00
3.1028573518e+02 1.2512811256e+00
3.1611733179e+02 1.2047091558e+00
3.2205661702e+02 1.1570139053e+00
3.2810561415e+02 1.1087750887e+00
3.3426638381e+02 1.0602528758e+00
3.4054102473e+02 1.0110146303e+00
3.4693167437e+02 9.6013232433e-01
3.5344050967e+02 9.0710942535e-01
3.6006974768e+02 8.5299638534e-01
3.6682164618e+02 7.9822079422e-01
3.7369850410e+02 7.4310624342e-01
3.8070266166e+02 6.8781228567e-01
3.8783649994e+02 6.3265830995e-01
3.9510243939e+02 5.7750542613e-01
4.0250293658e+02 5.2249544287e-01
4.1004047808e+02 4.6839830472e-01
4.1771756960e+02 4.1604330481e-01
4.2553671823e+02 3.6561139445e-01
4.3350040448e+02 3.1798244301e-01
4.4161104030e+02 2.7382208206e-01
4.4987090866e+02 2.3321569240e-01
4.5828208032e+02 1.9640995298e-01
4.6684630417e+02 1.6392955851e-01
4.7556486928e+02 1.3545905233e-01
4.8443844007e+02 1.1082441855e-01
4.9346687031e+02 9.0274493212e-02
5.0264900663e+02 7.3584099320e-02
5.1198249775e+02 5.9783020436e-02
5.2146362975e+02 4.8491038364e-02
5.3108721016e+02 3.9349697357e-02
5.4084652259e+02 3.2111290643e-02
5.5073336928e+02 2.6537244207e-02
5.6073821057e+02 2.2149768590e-02
5.7085039974e+02 1.8638447219e-02
5.8105849942e+02 1.5746993314e-02
5.9135065524e+02 1.3408625384e-02
6.0171499445e+02 1.1575736486e-02
6.1214001398e+02 1.0044801600e-02
6.2261492451e+02 8.7584938907e-03
6.3312992358e+02 7.6793278840e-03
6.4367638126e+02 6.7587157502e-03
6.5424693300e+02 5.9876864163e-03
6.6483548556e+02 5.3348397362e-03
6.7543715021e+02 4.7828611764e-03
6.8604812299e+02 4.3149260956e-03
6.9666553289e+02 3.9104771649e-03
7.0728727802e+02 3.5583206063e-03
7.1791186556e+02 3.2502122365e-03
7.2853826695e+02 2.9781280123e-03
7.3916579460e+02 2.7366855884e-03
7.4979400256e+02 2.5231021782e-03
7.6042261022e+02 2.3331000023e-03
7.7105144622e+02 2.1632016671e-03
7.8168040906e+02 2.0107091293e-03
7.9230944040e+02 1.8736255059e-03
8.0293850768e+02 1.7499547394e-03
8.1356759330e+02 1.6382357470e-03
8.2419668801e+02 1.5369489211e-03
8.3482578710e+02 1.4450090227e-03
8.4545488823e+02 1.3612411002e-03
8.5608399030e+02 1.2848396906e-03
8.6671309277e+02 1.2148967914e-03
8.7734219542e+02 1.1508213299e-03
8.8797129815e+02 1.0919093001e-03
8.9860040090e+02 1.0377446055e-03
9.0922950367e+02 9.8779335600e-04
9.1985860644e+02 9.4176590111e-04
9.3048770921e+02 8.9923897184e-04
9.4111681199e+02 8.5999029682e-04
9.5174591476e+02 8.2365951727e-04
9.6237501753e+02 7.9005944023e-04
9.7300412031e+02 7.5887748681e-04
9.8363322308e+02 7.2996418833e-04
9.9426232586e+02 7.0305973599e-04
1.0048914286e+03 6.7805365932e-04
1.0155205314e+03 6.5472965013e-04
1.0261496342e+03 6.3300300427e-04
1.0367787369e+03 6.1268853847e-04
1.0474078397e+03 5.9372036877e-04
1.0580369425e+03 5.7593922667e-04
1.0686660453e+03 5.5929773112e-04
1.0792951480e+03 5.4366353425e-04
1.0899242508e+03 5.2901207558e-04
1.1005533536e+03 5.1523652740e-04
1.1111824564e+03 5.0232241618e-04
1.1218115591e+03 4.9017002019e-04
1.1324406619e+03 4.7876380721e-04
1.1430697647e+03 4.6801351303e-04
1.1536988675e+03 4.5791589838e-04
1.1643279702e+03 4.4840068980e-04
1.1749570730e+03 4.3947714091e-04
1.1855861758e+03 4.3108501291e-04
1.1962152786e+03 4.2323182579e-04
1.2068443813e+03 4.1585521025e-04
1.2174734841e+03 4.0895201261e-04
1.2281025869e+03 4.0245058145e-04
1.2387316896e+03 3.9633520190e-04
1.2493607924e+03 3.9053341380e-04
1.2599898952e+03 3.8503644875e-04
1.2706189980e+03 3.7979045322e-04
1.2812481007e+03 3.7480006531e-04
1.2918772035e+03 3.7002118039e-04
1.3025063063e+03 3.6545926187e-04
1.3131354091e+03 3.6108118123e-04
1.3237645118e+03 3.5691204415e-04
1.3343936146e+03 3.5295265805e-04
1.3450227174e+03 3.4924253283e-04
1.3556518202e+03 3.4577428150e-04
1.3662809229e+03 3.4254843529e-04
1.3769100257e+03 3.3952756451e-04
1.3875391285e+03 3.3669451021e-04
1.3981682312e+03 3.3401937084e-04
1.4087973340e+03 3.3149337386e-04
1.4194264368e+03 3.2910157781e-04
1.4300555396e+03 3.2684279600e-04
1.4406846423e+03 3.2471518157e-04
1.4513137451e+03 3.2272328309e-04
1.4619428479e+03 3.2087362466e-04
1.4725719507e+03 3.1916477634e-04
1.4832010534e+03 3.1759457723e-04
1.4938301562e+03 3.1613909714e-04
1.5044592590e+03 3.1478331972e-04
1.5150883618e+03 3.1349296917e-04
1.5257174645e+03 3.1226236824e-04
1.5363465673e+03 3.1106765571e-04
1.5469756701e+03 3.0992166774e-04
1.5576047728e+03 3.0881164313e-04
1.5682338756e+03 3.0776032529e-04
1.5788629784e+03 3.0675615828e-04
1.5894920812e+03 3.0581645603e-04
1.6001211839e+03 3.0492288139e-04
1.6107502867e+03 3.0408508114e-04
1.6213793895e+03 3.0328688058e-04
1.6320084923e+03 3.0253738538e-04
1.6426375950e+03 3.0182630656e-04
1.6532666978e+03 3.0115868702e-04
1.6638958006e+03 3.0052733697e-04
1.6745249034e+03 2.9993397836e-04
1.6851540061e+03 2.9937911700e-04
1.6957831089e+03 2.9886529485e-04
1.7064122117e+03 2.9839955882e-04
1.7170413145e+03 2.9798257586e-04
1.7276704172e+03 2.9762374521e-04
1.7382995200e+03 2.9732102812e-04
1.7489286228e+03 2.9708225470e-04
1.7595577255e+03 2.9690000246e-04
1.7701868283e+03 2.9677493253e-04
1.7808159311e+03 2.9669355635e-04
1.7914450339e+03 2.9664772634e-04
1.8020741366e+03 2.9662046595e-04
1.8127032394e+03 2.9659878769e-04
1.8233323422e+03 2.9657030544e-04
1.8339614450e+03 2.9652717017e-04
1.8445905477e+03 2.9646754766e-04
1.8552196505e+03 2.9639407664e-04
1.8658487533e+03 2.9631141862e-04
1.8764778561e+03 2.9623006725e-04
1.8871069588e+03 2.9614950128e-04
1.8977360616e+03 2.9608384029e-04
1.9083651644e+03 2.9601955384e-04
1.9189942671e+03 2.9597859349e-04
1.9296233699e+03 2.9593345863e-04
1.9402524727e+03 2.9592058582e-04
1.9508815755e+03 2.9589596167e-04
1.9615106782e+03 2.9591550112e-04
1.9721397810e+03 2.9591524609e-04
1.9827688838e+03 2.9597630325e-04
1.9933979866e+03 2.9600752921e-04
2.0040270893e+03 2.9611831981e-04
2.0146561921e+03 2.9618023331e-04
2.0252852949e+03 2.9634013644e-04
2.0359143977e+03 2.9642617514e-04
2.0465435004e+03 2.9663337800e-04
2.0571726032e+03 2.9673630291e-04
2.0678017060e+03 2.9698456362e-04
2.0784308088e+03 2.9708929422e-04
2.0890599115e+03 2.9735785284e-04
2.0996890143e+03 2.9743272835e-04
2.1103181171e+03 2.9768154629e-04
2.1209472198e+03 2.9768694389e-04
2.1315763226e+03 2.9787831998e-04
2.1422054254e+03 2.9779455246e-04
2.1528345282e+03 2.9791470462e-04
2.1634636309e+03 2.9775401709e-04
2.1740927337e+03 2.9782011861e-04
2.1847218365e+03 2.9763570338e-04
2.1953509393e+03 2.9770666314e-04
2.2059800420e+03 2.9759855588e-04
2.2166091448e+03 2.9777213211e-04
2.2272382476e+03 2.9787882689e-04
2.2378673504e+03 2.9829092674e-04
2.2484964531e+03 2.9880041891e-04
2.2591255559e+03 2.9964416956e-04
2.2697546587e+03 3.0079476612e-04
2.2803837614e+03 3.0228555717e-04
2.2910128642e+03 3.0428222358e-04
2.3016419670e+03 3.0654629246e-04
2.3122710698e+03 3.0944670108e-04
2.3229001725e+03 3.1243298902e-04
2.3335292753e+03 3.1609282891e-04
2.3441583781e+03 3.1955005744e-04
2.3547874809e+03 3.2362598055e-04
2.3654165836e+03 3.2713157542e-04
2.3760456864e+03 3.3114101104e-04
2.3866747892e+03 3.3419173966e-04
2.3973038920e+03 3.3762703712e-04
2.4079329947e+03 3.3976060648e-04
2.4185620975e+03 3.4220734812e-04
2.4291912003e+03 3.4311317347e-04
2.4398203030e+03 3.4435369771e-04
2.4504494058e+03 3.4396135043e-04
2.4610785086e+03 3.4403261361e-04
2.4717076114e+03 3.4252734374e-04
2.4823367141e+03 3.4169060158e-04
2.4929658169e+03 3.3945553143e-04
2.5035949197e+03 3.3812387328e-04
2.5142240225e+03 3.3567483429e-04
2.5248531252e+03 3.3435153349e-04
2.5354822280e+03 3.3229458331e-04
2.5461113308e+03 3.3154553630e-04
2.5567404336e+03 3.3058321366e-04
2.5673695363e+03 3.3106778651e-04
2.5779986391e+03 3.3205037317e-04
2.5886277419e+03 3.3458098122e-04
2.5992568447e+03 3.3855958936e-04
2.6098859474e+03 3.4416890533e-04
2.6205150502e+03 3.5240913418e-04
2.6311441530e+03 3.6232197591e-04
2.6417732557e+03 3.7603491925e-04
2.6524023585e+03 3.9118821993e-04
2.6630314613e+03 4.1059422393e-04
2.6736605641e+03 4.3041309002e-04
2.6842896668e+03 4.5317123008e-04
2.6949187696e+03 4.7407472170e-04
2.7055478724e+03 4.9427379843e-04
2.7161769752e+03 5.0967233290e-04
2.7268060779e+03 5.1969205072e-04
2.7374351807e+03 5.2451260857e-04
