# Rotated Reynolds stress Morkovin's scaling
# Columns: y_plus    -rho u''v''rotated/tau_wall
3.8773702413e-01 1.1378834476e-04
1.1571785444e+00 2.0531811141e-03
1.9272980036e+00 8.9312774663e-03
2.6982779270e+00 2.3592325681e-02
3.4703198979e+00 4.7769996410e-02
4.2436415854e+00 8.1526277172e-02
5.0184737565e+00 1.2376165652e-01
5.7950575092e+00 1.7235136758e-01
6.5736418747e+00 2.2505671518e-01
7.3544818564e+00 2.7950509342e-01
8.1378369110e+00 3.3388248732e-01
8.9239698326e+00 3.8658912067e-01
9.7131459760e+00 4.3670394081e-01
1.0505632749e+01 4.8346933497e-01
1.1301699307e+01 5.2666446249e-01
1.2101616390e+01 5.6606920888e-01
1.2905656257e+01 6.0183952414e-01
1.3714092688e+01 6.3402424345e-01
1.4527201024e+01 6.6295130808e-01
1.5345258226e+01 6.8878676146e-01
1.6168542961e+01 7.1190968090e-01
1.6997335681e+01 7.3251202129e-01
1.7831918720e+01 7.5095419231e-01
1.8672576387e+01 7.6740287527e-01
1.9519595060e+01 7.8216459410e-01
2.0373263283e+01 7.9536542914e-01
2.1233871868e+01 8.0725764926e-01
2.2101713990e+01 8.1792739451e-01
2.2977085288e+01 8.2756638191e-01
2.3860283967e+01 8.3621493425e-01
2.4751610897e+01 8.4401688243e-01
2.5651369717e+01 8.5100176080e-01
2.6559866940e+01 8.5731049200e-01
2.7477412056e+01 8.6298566989e-01
2.8404317634e+01 8.6815112101e-01
2.9340899435e+01 8.7282031873e-01
3.0287476515e+01 8.7706684595e-01
3.1244371336e+01 8.8087385808e-01
3.2211909873e+01 8.8429839495e-01
3.3190421728e+01 8.8733613881e-01
3.4180240242e+01 8.9005056335e-01
3.5181702607e+01 8.9244048650e-01
3.6195149980e+01 8.9455401829e-01
3.7220927603e+01 8.9637555050e-01
3.8259384918e+01 8.9793134676e-01
3.9310875686e+01 8.9920020142e-01
4.0375758108e+01 9.0022209236e-01
4.1454394947e+01 9.0101479616e-01
4.2547153652e+01 9.0164311455e-01
4.3654406483e+01 9.0212316584e-01
4.4776530636e+01 9.0249285838e-01
4.5913908375e+01 9.0274464852e-01
4.7066927159e+01 9.0289641562e-01
4.8235979776e+01 9.0292788136e-01
4.9421464475e+01 9.0284260934e-01
5.0623785105e+01 9.0261727579e-01
5.1843351247e+01 9.0226340696e-01
5.3080578360e+01 9.0177658993e-01
5.4335887919e+01 9.0118537476e-01
5.5609707556e+01 9.0050029077e-01
5.6902471212e+01 8.9975415231e-01
5.8214619280e+01 8.9894765278e-01
5.9546598757e+01 8.9808296132e-01
6.0898863395e+01 8.9712768906e-01
6.2271873857e+01 8.9606759949e-01
6.3666097873e+01 8.9487614955e-01
6.5082010401e+01 8.9354363326e-01
6.6520093784e+01 8.9204338429e-01
6.7980837922e+01 8.9037302614e-01
6.9464740431e+01 8.8853631977e-01
7.0972306819e+01 8.8657723679e-01
7.2504050652e+01 8.8452915694e-01
7.4060493737e+01 8.8241828229e-01
7.5642166290e+01 8.8023278072e-01
7.7249607125e+01 8.7795398815e-01
7.8883363833e+01 8.7554681531e-01
8.0543992970e+01 8.7301202177e-01
8.2232060247e+01 8.7036885432e-01
8.3948140720e+01 8.6764485080e-01
8.5692818992e+01 8.6483313787e-01
8.7466689403e+01 8.6193281115e-01
8.9270356242e+01 8.5895558684e-01
9.1104433945e+01 8.5594928866e-01
9.2969547311e+01 8.5295193462e-01
9.4866331710e+01 8.4996803008e-01
9.6795433299e+01 8.4694398827e-01
9.8757509249e+01 8.4384166299e-01
1.0075322796e+02 8.4067982698e-01
1.0278326929e+02 8.3750234958e-01
1.0484832481e+02 8.3430293229e-01
1.0694909798e+02 8.3105955183e-01
1.0908630446e+02 8.2775147988e-01
1.1126067231e+02 8.2433612810e-01
1.1347294226e+02 8.2074297971e-01
1.1572386793e+02 8.1695966556e-01
1.1801421613e+02 8.1302334585e-01
1.2034476708e+02 8.0899508151e-01
1.2271631472e+02 8.0490472798e-01
1.2512966693e+02 8.0074170546e-01
1.2758564584e+02 7.9644593915e-01
1.3008508813e+02 7.9199269732e-01
1.3262884523e+02 7.8735613638e-01
1.3521778371e+02 7.8250466853e-01
1.3785278552e+02 7.7747751407e-01
1.4053474831e+02 7.7231577553e-01
1.4326458570e+02 7.6701451970e-01
1.4604322764e+02 7.6160724619e-01
1.4887162071e+02 7.5612356498e-01
1.5175072843e+02 7.5053550726e-01
1.5468153159e+02 7.4476324834e-01
1.5766502861e+02 7.3874931447e-01
1.6070223585e+02 7.3248377324e-01
1.6379418795e+02 7.2597716557e-01
1.6694193823e+02 7.1920526750e-01
1.7014655900e+02 7.1216803392e-01
1.7340914194e+02 7.0487376470e-01
1.7673079848e+02 6.9740627264e-01
1.8011266020e+02 6.8992145986e-01
1.8355587914e+02 6.8243414420e-01
1.8706162828e+02 6.7487831088e-01
1.9063110189e+02 6.6717416418e-01
1.9426551594e+02 6.5923074146e-01
1.9796610854e+02 6.5116678838e-01
2.0173414033e+02 6.4319852319e-01
2.0557089493e+02 6.3531623627e-01
2.0947767937e+02 6.2731183138e-01
2.1345582454e+02 6.1891872595e-01
2.1750668562e+02 6.0997227915e-01
2.2163164260e+02 6.0055210155e-01
2.2583210068e+02 5.9069259587e-01
2.3010949078e+02 5.8040742329e-01
2.3446527005e+02 5.6979206589e-01
2.3890092232e+02 5.5888467996e-01
2.4341795865e+02 5.4780562073e-01
2.4801791781e+02 5.3670224848e-01
2.5270236682e+02 5.2559104419e-01
2.5747290150e+02 5.1433445172e-01
2.6233114696e+02 5.0276438508e-01
2.6727875823e+02 4.9075417565e-01
2.7231742076e+02 4.7824867553e-01
2.7744885101e+02 4.6516689396e-01
2.8267479708e+02 4.5163009397e-01
2.8799703921e+02 4.3803695727e-01
2.9341739051e+02 4.2453806595e-01
2.9893769745e+02 4.1099581456e-01
3.0455984059e+02 3.9714974026e-01
3.1028573518e+02 3.8275648528e-01
3.1611733179e+02 3.6786255013e-01
3.2205661702e+02 3.5220568149e-01
3.2810561415e+02 3.3612586383e-01
3.3426638381e+02 3.2003140163e-01
3.4054102473e+02 3.0400074910e-01
3.4693167437e+02 2.8790363696e-01
3.5344050967e+02 2.7145697595e-01
3.6006974768e+02 2.5470338339e-01
3.6682164618e+02 2.3782531524e-01
3.7369850410e+02 2.2082791135e-01
3.8070266166e+02 2.0396059210e-01
3.8783649994e+02 1.8744592938e-01
3.9510243939e+02 1.7115425869e-01
4.0250293658e+02 1.5524325213e-01
4.1004047808e+02 1.3988096096e-01
4.1771756960e+02 1.2490022146e-01
4.2553671823e+02 1.1041134451e-01
4.3350040448e+02 9.6577640380e-02
4.4161104030e+02 8.3550253815e-02
4.4987090866e+02 7.1385661170e-02
4.5828208032e+02 6.0187399025e-02
4.6684630417e+02 5.0161040699e-02
4.7556486928e+02 4.1309258904e-02
4.8443844007e+02 3.3499386774e-02
4.9346687031e+02 2.6887186223e-02
5.0264900663e+02 2.1372040880e-02
5.1198249775e+02 1.6585581403e-02
5.2146362975e+02 1.2489475676e-02
5.3108721016e+02 9.2028586359e-03
5.4084652259e+02 6.7006948941e-03
5.5073336928e+02 4.8516457155e-03
5.6073821057e+02 3.4639400804e-03
5.7085039974e+02 2.4525636646e-03
5.8105849942e+02 1.7057797745e-03
5.9135065524e+02 1.1749180726e-03
6.0171499445e+02 8.4573125470e-04
6.1214001398e+02 6.3104167881e-04
6.2261492451e+02 4.6341271871e-04
6.3312992358e+02 3.3109058971e-04
6.4367638126e+02 2.3137382646e-04
6.5424693300e+02 1.6652487479e-04
6.6483548556e+02 1.3294432015e-04
6.7543715021e+02 1.1353921993e-04
6.8604812299e+02 1.0005700134e-04
6.9666553289e+02 9.1308999928e-05
7.0728727802e+02 8.4808878311e-05
7.1791186556e+02 7.7106555364e-05
7.2853826695e+02 6.8111531989e-05
7.3916579460e+02 5.9364669644e-05
7.4979400256e+02 5.2936360426e-05
7.6042261022e+02 4.8808948517e-05
7.7105144622e+02 4.5479418624e-05
7.8168040906e+02 4.2551010035e-05
7.9230944040e+02 4.0022807554e-05
8.0293850768e+02 3.7888049742e-05
8.1356759330e+02 3.6109407610e-05
8.2419668801e+02 3.4623241979e-05
8.3482578710e+02 3.3371216548e-05
8.4545488823e+02 3.2262698907e-05
8.5608399030e+02 3.1245404746e-05
8.6671309277e+02 3.0258860673e-05
8.7734219542e+02 2.9294862212e-05
8.8797129815e+02 2.8328691449e-05
8.9860040090e+02 2.7370768703e-05
9.0922950367e+02 2.6411429854e-05
9.1985860644e+02 2.5471469697e-05
9.3048770921e+02 2.4554145980e-05
9.4111681199e+02 2.3681890908e-05
9.5174591476e+02 2.2852469777e-05
9.6237501753e+02 2.2071035681e-05
9.7300412031e+02 2.1318397894e-05
9.8363322308e+02 2.0586157105e-05
9.9426232586e+02 1.9845622582e-05
1.0048914286e+03 1.9086874606e-05
1.0155205314e+03 1.8290856020e-05
1.0261496342e+03 1.7473847953e-05
1.0367787369e+03 1.6650805758e-05
1.0474078397e+03 1.5862659800e-05
1.0580369425e+03 1.5126707310e-05
1.0686660453e+03 1.4464802414e-05
1.0792951480e+03 1.3861119966e-05
1.0899242508e+03 1.3311457084e-05
1.1005533536e+03 1.2788924118e-05
1.1111824564e+03 1.2294261461e-05
1.1218115591e+03 1.1810882972e-05
1.1324406619e+03 1.1344627743e-05
1.1430697647e+03 1.0880893609e-05
1.1536988675e+03 1.0428458285e-05
1.1643279702e+03 9.9805029724e-06
1.1749570730e+03 9.5528710451e-06
1.1855861758e+03 9.1371789877e-06
1.1962152786e+03 8.7373677523e-06
1.2068443813e+03 8.3329026534e-06
1.2174734841e+03 7.9271947305e-06
1.2281025869e+03 7.5113791187e-06
1.2387316896e+03 7.1024528483e-06
1.2493607924e+03 6.6960894146e-06
1.2599898952e+03 6.3041750212e-06
1.2706189980e+03 5.9145751668e-06
1.2812481007e+03 5.5317373702e-06
1.2918772035e+03 5.1409177729e-06
1.3025063063e+03 4.7459628260e-06
1.3131354091e+03 4.3330006897e-06
1.3237645118e+03 3.9077728631e-06
1.3343936146e+03 3.4551278104e-06
1.3450227174e+03 2.9853103944e-06
1.3556518202e+03 2.4856875670e-06
1.3662809229e+03 1.9778492456e-06
1.3769100257e+03 1.4531446908e-06
1.3875391285e+03 9.3920854372e-07
1.3981682312e+03 4.2297548732e-07
1.4087973340e+03 -7.0049410691e-08
1.4194264368e+03 -5.5966521921e-07
1.4300555396e+03 -1.0239893468e-06
1.4406846423e+03 -1.4889880292e-06
1.4513137451e+03 -1.9379814085e-06
1.4619428479e+03 -2.4019617880e-06
1.4725719507e+03 -2.8640738595e-06
1.4832010534e+03 -3.3518333505e-06
1.4938301562e+03 -3.8394667952e-06
1.5044592590e+03 -4.3486590801e-06
1.5150883618e+03 -4.8481270325e-06
1.5257174645e+03 -5.3616359006e-06
1.5363465673e+03 -5.8612049907e-06
1.5469756701e+03 -6.3757392666e-06
1.5576047728e+03 -6.8773546778e-06
1.5682338756e+03 -7.3915619887e-06
1.5788629784e+03 -7.8856794634e-06
1.5894920812e+03 -8.3816936286e-06
1.6001211839e+03 -8.8455473320e-06
1.6107502867e+03 -9.3016212138e-06
1.6213793895e+03 -9.7203397176e-06
1.6320084923e+03 -1.0135470146e-05
1.6426375950e+03 -1.0523508144e-05
1.6532666978e+03 -1.0924776009e-05
1.6638958006e+03 -1.1315161322e-05
1.6745249034e+03 -1.1734551188e-05
1.6851540061e+03 -1.2155898139e-05
1.6957831089e+03 -1.2614023056e-05
1.7064122117e+03 -1.3075087106e-05
1.7170413145e+03 -1.3565171874e-05
1.7276704172e+03 -1.4047915688e-05
1.7382995200e+03 -1.4549224331e-05
1.7489286228e+03 -1.5035112365e-05
1.7595577255e+03 -1.5531376400e-05
1.7701868283e+03 -1.6002482784e-05
1.7808159311e+03 -1.6475807498e-05
1.7914450339e+03 -1.6914129800e-05
1.8020741366e+03 -1.7346696260e-05
1.8127032394e+03 -1.7731463811e-05
1.8233323422e+03 -1.8103561144e-05
1.8339614450e+03 -1.8425122547e-05
1.8445905477e+03 -1.8748025929e-05
1.8552196505e+03 -1.9041405969e-05
1.8658487533e+03 -1.9365257162e-05
1.8764778561e+03 -1.9680687914e-05
1.8871069588e+03 -2.0042715709e-05
1.8977360616e+03 -2.0400074002e-05
1.9083651644e+03 -2.0803901706e-05
1.9189942671e+03 -2.1193872379e-05
1.9296233699e+03 -2.1619981427e-05
1.9402524727e+03 -2.2019938007e-05
1.9508815755e+03 -2.2450653151e-05
1.9615106782e+03 -2.2856509897e-05
1.9721397810e+03 -2.3299402158e-05
1.9827688838e+03 -2.3723931193e-05
1.9933979866e+03 -2.4182219450e-05
2.0040270893e+03 -2.4615015907e-05
2.0146561921e+03 -2.5065658458e-05
2.0252852949e+03 -2.5490115599e-05
2.0359143977e+03 -2.5930870940e-05
2.0465435004e+03 -2.6367345313e-05
2.0571726032e+03 -2.6822861264e-05
2.0678017060e+03 -2.7291550802e-05
2.0784308088e+03 -2.7759940995e-05
2.0890599115e+03 -2.8243455186e-05
2.0996890143e+03 -2.8694708843e-05
2.1103181171e+03 -2.9163421108e-05
2.1209472198e+03 -2.9570570378e-05
2.1315763226e+03 -3.0002122601e-05
2.1422054254e+03 -3.0348907736e-05
2.1528345282e+03 -3.0732636122e-05
2.1634636309e+03 -3.1020751175e-05
2.1740927337e+03 -3.1363439103e-05
2.1847218365e+03 -3.1610634773e-05
2.1953509393e+03 -3.1928825419e-05
2.2059800420e+03 -3.2162498477e-05
2.2166091448e+03 -3.2481686331e-05
2.2272382476e+03 -3.2736041925e-05
2.2378673504e+03 -3.3075665743e-05
2.2484964531e+03 -3.3364859971e-05
2.2591255559e+03 -3.3716834937e-05
2.2697546587e+03 -3.4034422829e-05
2.2803837614e+03 -3.4383624812e-05
2.2910128642e+03 -3.4721907444e-05
2.3016419670e+03 -3.5048069199e-05
2.3122710698e+03 -3.5382533729e-05
2.3229001725e+03 -3.5651141248e-05
2.3335292753e+03 -3.5955670431e-05
2.3441583781e+03 -3.6158208024e-05
2.3547874809e+03 -3.6444818294e-05
2.3654165836e+03 -3.6614037265e-05
2.3760456864e+03 -3.6916287657e-05
2.3866747892e+03 -3.7090618107e-05
2.3973038920e+03 -3.7428885005e-05
2.4079329947e+03 -3.7630025757e-05
2.4185620975e+03 -3.8006737386e-05
2.4291912003e+03 -3.8246167296e-05
2.4398203030e+03 -3.8657161579e-05
2.4504494058e+03 -3.8942818949e-05
2.4610785086e+03 -3.9379949690e-05
2.4717076114e+03 -3.9716547945e-05
2.4823367141e+03 -4.0167645562e-05
2.4929658169e+03 -4.0554398983e-05
2.5035949197e+03 -4.0993799599e-05
2.5142240225e+03 -4.1414385496e-05
2.5248531252e+03 -4.1797846633e-05
2.5354822280e+03 -4.2232784929e-05
2.5461113308e+03 -4.2523843860e-05
2.5567404336e+03 -4.2983634619e-05
2.5673695363e+03 -4.3174395516e-05
2.5779986391e+03 -4.3701666439e-05
2.5886277419e+03 -4.3790922973e-05
2.5992568447e+03 -4.4430016505e-05
2.6098859474e+03 -4.4400474557e-05
2.6205150502e+03 -4.5187761147e-05
2.6311441530e+03 -4.5024998666e-05
2.6417732557e+03 -4.5989069062e-05
2.6524023585e+03 -4.5702444627e-05
2.6630314613e+03 -4.6830424610e-05
2.6736605641e+03 -4.6473551229e-05
2.6842896668e+03 -4.7692566378e-05
2.6949187696e+03 -4.7414702777e-05
2.7055478724e+03 -4.8601365291e-05
2.7161769752e+03 -4.8628035754e-05
2.7268060779e+03 -4.9627937412e-05
2.7374351807e+03 -5.0146529999e-05
