# Rotated Reynolds stress Morkovin's scaling
# Columns: y_plus    rho w''w''rotated/tau_wall
3.8773702413e-01 1.0294995308e-02
1.1571785444e+00 7.5142837545e-02
1.9272980036e+00 1.7403837772e-01
2.6982779270e+00 2.8737000692e-01
3.4703198979e+00 4.0401570092e-01
4.2436415854e+00 5.1779835520e-01
5.0184737565e+00 6.2605855087e-01
5.7950575092e+00 7.2775110693e-01
6.5736418747e+00 8.2309998934e-01
7.3544818564e+00 9.1249760050e-01
8.1378369110e+00 9.9663173605e-01
8.9239698326e+00 1.0758667058e+00
9.7131459760e+00 1.1505874563e+00
1.0505632749e+01 1.2208691651e+00
1.1301699307e+01 1.2868462636e+00
1.2101616390e+01 1.3485032752e+00
1.2905656257e+01 1.4059558974e+00
1.3714092688e+01 1.4592707687e+00
1.4527201024e+01 1.5086372429e+00
1.5345258226e+01 1.5542162145e+00
1.6168542961e+01 1.5962399860e+00
1.6997335681e+01 1.6348960180e+00
1.7831918720e+01 1.6703851961e+00
1.8672576387e+01 1.7028604838e+00
1.9519595060e+01 1.7324798285e+00
2.0373263283e+01 1.7593923305e+00
2.1233871868e+01 1.7837690181e+00
2.2101713990e+01 1.8057972352e+00
2.2977085288e+01 1.8256798185e+00
2.3860283967e+01 1.8436294334e+00
2.4751610897e+01 1.8598411310e+00
2.5651369717e+01 1.8744898927e+00
2.6559866940e+01 1.8877025215e+00
2.7477412056e+01 1.8995793639e+00
2.8404317634e+01 1.9101817405e+00
2.9340899435e+01 1.9195645119e+00
3.0287476515e+01 1.9277559603e+00
3.1244371336e+01 1.9347930755e+00
3.2211909873e+01 1.9407170706e+00
3.3190421728e+01 1.9456177711e+00
3.4180240242e+01 1.9496053943e+00
3.5181702607e+01 1.9528099633e+00
3.6195149980e+01 1.9553372293e+00
3.7220927603e+01 1.9572831821e+00
3.8259384918e+01 1.9587089171e+00
3.9310875686e+01 1.9596704744e+00
4.0375758108e+01 1.9602145743e+00
4.1454394947e+01 1.9604048227e+00
4.2547153652e+01 1.9602966896e+00
4.3654406483e+01 1.9599337878e+00
4.4776530636e+01 1.9593081772e+00
4.5913908375e+01 1.9583718123e+00
4.7066927159e+01 1.9570509030e+00
4.8235979776e+01 1.9552875997e+00
4.9421464475e+01 1.9530349813e+00
5.0623785105e+01 1.9502561085e+00
5.1843351247e+01 1.9468991916e+00
5.3080578360e+01 1.9429128797e+00
5.4335887919e+01 1.9382835132e+00
5.5609707556e+01 1.9330721576e+00
5.6902471212e+01 1.9273946732e+00
5.8214619280e+01 1.9214012030e+00
5.9546598757e+01 1.9152342578e+00
6.0898863395e+01 1.9089891575e+00
6.2271873857e+01 1.9026884670e+00
6.3666097873e+01 1.8963092050e+00
6.5082010401e+01 1.8898359674e+00
6.6520093784e+01 1.8832891683e+00
6.7980837922e+01 1.8767051380e+00
6.9464740431e+01 1.8700956380e+00
7.0972306819e+01 1.8634361942e+00
7.2504050652e+01 1.8566959983e+00
7.4060493737e+01 1.8498548125e+00
7.5642166290e+01 1.8428583488e+00
7.7249607125e+01 1.8356245928e+00
7.8883363833e+01 1.8281336422e+00
8.0543992970e+01 1.8204968206e+00
8.2232060247e+01 1.8128922113e+00
8.3948140720e+01 1.8053831511e+00
8.5692818992e+01 1.7978622857e+00
8.7466689403e+01 1.7901715316e+00
8.9270356242e+01 1.7821750516e+00
9.1104433945e+01 1.7738172537e+00
9.2969547311e+01 1.7651670484e+00
9.4866331710e+01 1.7563428762e+00
9.6795433299e+01 1.7474245736e+00
9.8757509249e+01 1.7384431751e+00
1.0075322796e+02 1.7294052757e+00
1.0278326929e+02 1.7203932698e+00
1.0484832481e+02 1.7115281751e+00
1.0694909798e+02 1.7028283592e+00
1.0908630446e+02 1.6941765747e+00
1.1126067231e+02 1.6853874212e+00
1.1347294226e+02 1.6762740852e+00
1.1572386793e+02 1.6667901537e+00
1.1801421613e+02 1.6570494499e+00
1.2034476708e+02 1.6472027353e+00
1.2271631472e+02 1.6373082478e+00
1.2512966693e+02 1.6272976861e+00
1.2758564584e+02 1.6171902182e+00
1.3008508813e+02 1.6069944083e+00
1.3262884523e+02 1.5966098131e+00
1.3521778371e+02 1.5860019438e+00
1.3785278552e+02 1.5751706612e+00
1.4053474831e+02 1.5640637934e+00
1.4326458570e+02 1.5525239447e+00
1.4604322764e+02 1.5405995703e+00
1.4887162071e+02 1.5286678357e+00
1.5175072843e+02 1.5169662596e+00
1.5468153159e+02 1.5053445165e+00
1.5766502861e+02 1.4936642433e+00
1.6070223585e+02 1.4820953114e+00
1.6379418795e+02 1.4707738984e+00
1.6694193823e+02 1.4594463850e+00
1.7014655900e+02 1.4478862043e+00
1.7340914194e+02 1.4361013918e+00
1.7673079848e+02 1.4239155149e+00
1.8011266020e+02 1.4112847927e+00
1.8355587914e+02 1.3982212694e+00
1.8706162828e+02 1.3844961951e+00
1.9063110189e+02 1.3698046176e+00
1.9426551594e+02 1.3539825298e+00
1.9796610854e+02 1.3371357305e+00
2.0173414033e+02 1.3194248526e+00
2.0557089493e+02 1.3008465067e+00
2.0947767937e+02 1.2816743248e+00
2.1345582454e+02 1.2622123972e+00
2.1750668562e+02 1.2427072886e+00
2.2163164260e+02 1.2232319335e+00
2.2583210068e+02 1.2037140015e+00
2.3010949078e+02 1.1834508529e+00
2.3446527005e+02 1.1618680330e+00
2.3890092232e+02 1.1391629739e+00
2.4341795865e+02 1.1154642940e+00
2.4801791781e+02 1.0909537825e+00
2.5270236682e+02 1.0658689152e+00
2.5747290150e+02 1.0403865181e+00
2.6233114696e+02 1.0137558198e+00
2.6727875823e+02 9.8566342702e-01
2.7231742076e+02 9.5676170825e-01
2.7744885101e+02 9.2732808582e-01
2.8267479708e+02 8.9774752614e-01
2.8799703921e+02 8.6829959352e-01
2.9341739051e+02 8.3859279626e-01
2.9893769745e+02 8.0848320658e-01
3.0455984059e+02 7.7736909601e-01
3.1028573518e+02 7.4513095691e-01
3.1611733179e+02 7.1228068812e-01
3.2205661702e+02 6.7917272065e-01
3.2810561415e+02 6.4583634137e-01
3.3426638381e+02 6.1262042255e-01
3.4054102473e+02 5.7876204787e-01
3.4693167437e+02 5.4410214391e-01
3.5344050967e+02 5.0924327386e-01
3.6006974768e+02 4.7502718530e-01
3.6682164618e+02 4.4138478685e-01
3.7369850410e+02 4.0787127084e-01
3.8070266166e+02 3.7538853873e-01
3.8783649994e+02 3.4428201142e-01
3.9510243939e+02 3.1418496743e-01
4.0250293658e+02 2.8536093681e-01
4.1004047808e+02 2.5705864121e-01
4.1771756960e+02 2.2977260294e-01
4.2553671823e+02 2.0397730182e-01
4.3350040448e+02 1.7964921017e-01
4.4161104030e+02 1.5701522872e-01
4.4987090866e+02 1.3596201547e-01
4.5828208032e+02 1.1664923771e-01
4.6684630417e+02 9.9286610649e-02
4.7556486928e+02 8.3739042303e-02
4.8443844007e+02 6.9970451382e-02
4.9346687031e+02 5.8340554734e-02
5.0264900663e+02 4.8551653125e-02
5.1198249775e+02 4.0162872617e-02
5.2146362975e+02 3.3125323477e-02
5.3108721016e+02 2.6990037664e-02
5.4084652259e+02 2.1799648353e-02
5.5073336928e+02 1.7571112950e-02
5.6073821057e+02 1.4147585514e-02
5.7085039974e+02 1.1396929236e-02
5.8105849942e+02 9.1757041153e-03
5.9135065524e+02 7.4200372458e-03
6.0171499445e+02 6.0870814025e-03
6.1214001398e+02 5.0561325881e-03
6.2261492451e+02 4.2667425820e-03
6.3312992358e+02 3.6198774026e-03
6.4367638126e+02 3.1045898831e-03
6.5424693300e+02 2.7032115113e-03
6.6483548556e+02 2.3750877848e-03
6.7543715021e+02 2.0953006208e-03
6.8604812299e+02 1.8624475059e-03
6.9666553289e+02 1.6707490064e-03
7.0728727802e+02 1.5102402695e-03
7.1791186556e+02 1.3742600123e-03
7.2853826695e+02 1.2572964800e-03
7.3916579460e+02 1.1549965112e-03
7.4979400256e+02 1.0662956366e-03
7.6042261022e+02 9.8949534727e-04
7.7105144622e+02 9.2244604495e-04
7.8168040906e+02 8.6354169984e-04
7.9230944040e+02 8.1152892207e-04
8.0293850768e+02 7.6542665678e-04
8.1356759330e+02 7.2444628706e-04
8.2419668801e+02 6.8793132828e-04
8.3482578710e+02 6.5534278087e-04
8.4545488823e+02 6.2621871321e-04
8.5608399030e+02 6.0017736421e-04
8.6671309277e+02 5.7687741040e-04
8.7734219542e+02 5.5602938715e-04
8.8797129815e+02 5.3735857140e-04
8.9860040090e+02 5.2063035660e-04
9.0922950367e+02 5.0561505562e-04
9.1985860644e+02 4.9212385374e-04
9.3048770921e+02 4.7996959635e-04
9.4111681199e+02 4.6900999540e-04
9.5174591476e+02 4.5910351991e-04
9.6237501753e+02 4.5015282851e-04
9.7300412031e+02 4.4205751115e-04
9.8363322308e+02 4.3475152744e-04
9.9426232586e+02 4.2816048422e-04
1.0048914286e+03 4.2223214157e-04
1.0155205314e+03 4.1690523115e-04
1.0261496342e+03 4.1212923311e-04
1.0367787369e+03 4.0784715971e-04
1.0474078397e+03 4.0400456956e-04
1.0580369425e+03 4.0054884284e-04
1.0686660453e+03 3.9743024287e-04
1.0792951480e+03 3.9461407796e-04
1.0899242508e+03 3.9207061962e-04
1.1005533536e+03 3.8979049272e-04
1.1111824564e+03 3.8775978397e-04
1.1218115591e+03 3.8597929734e-04
1.1324406619e+03 3.8443017645e-04
1.1430697647e+03 3.8310562512e-04
1.1536988675e+03 3.8197310171e-04
1.1643279702e+03 3.8102380484e-04
1.1749570730e+03 3.8022496804e-04
1.1855861758e+03 3.7958239644e-04
1.1962152786e+03 3.7907060923e-04
1.2068443813e+03 3.7871145906e-04
1.2174734841e+03 3.7847802189e-04
1.2281025869e+03 3.7839940065e-04
1.2387316896e+03 3.7843742385e-04
1.2493607924e+03 3.7862481725e-04
1.2599898952e+03 3.7891173545e-04
1.2706189980e+03 3.7933735985e-04
1.2812481007e+03 3.7984108090e-04
1.2918772035e+03 3.8046626477e-04
1.3025063063e+03 3.8113750563e-04
1.3131354091e+03 3.8190100493e-04
1.3237645118e+03 3.8267200298e-04
1.3343936146e+03 3.8351031096e-04
1.3450227174e+03 3.8433266938e-04
1.3556518202e+03 3.8521663134e-04
1.3662809229e+03 3.8607871995e-04
1.3769100257e+03 3.8701104959e-04
1.3875391285e+03 3.8792782561e-04
1.3981682312e+03 3.8893149725e-04
1.4087973340e+03 3.8992484867e-04
1.4194264368e+03 3.9101011770e-04
1.4300555396e+03 3.9207022262e-04
1.4406846423e+03 3.9320594703e-04
1.4513137451e+03 3.9428400149e-04
1.4619428479e+03 3.9541344847e-04
1.4725719507e+03 3.9645417164e-04
1.4832010534e+03 3.9753001991e-04
1.4938301562e+03 3.9849486620e-04
1.5044592590e+03 3.9948442484e-04
1.5150883618e+03 4.0034519181e-04
1.5257174645e+03 4.0122327526e-04
1.5363465673e+03 4.0195939798e-04
1.5469756701e+03 4.0270972446e-04
1.5576047728e+03 4.0331196444e-04
1.5682338756e+03 4.0393360037e-04
1.5788629784e+03 4.0441214700e-04
1.5894920812e+03 4.0492504428e-04
1.6001211839e+03 4.0530800334e-04
1.6107502867e+03 4.0574266771e-04
1.6213793895e+03 4.0605903913e-04
1.6320084923e+03 4.0643866457e-04
1.6426375950e+03 4.0670700447e-04
1.6532666978e+03 4.0704714818e-04
1.6638958006e+03 4.0728339057e-04
1.6745249034e+03 4.0760153717e-04
1.6851540061e+03 4.0782519290e-04
1.6957831089e+03 4.0814148264e-04
1.7064122117e+03 4.0836992141e-04
1.7170413145e+03 4.0869540602e-04
1.7276704172e+03 4.0892974239e-04
1.7382995200e+03 4.0925602676e-04
1.7489286228e+03 4.0948024895e-04
1.7595577255e+03 4.0979086086e-04
1.7701868283e+03 4.0999313507e-04
1.7808159311e+03 4.1028714889e-04
1.7914450339e+03 4.1047527999e-04
1.8020741366e+03 4.1076670387e-04
1.8127032394e+03 4.1095315179e-04
1.8233323422e+03 4.1125119435e-04
1.8339614450e+03 4.1144026571e-04
1.8445905477e+03 4.1174654321e-04
1.8552196505e+03 4.1193647522e-04
1.8658487533e+03 4.1224587359e-04
1.8764778561e+03 4.1242758872e-04
1.8871069588e+03 4.1272765465e-04
1.8977360616e+03 4.1288647113e-04
1.9083651644e+03 4.1316137880e-04
1.9189942671e+03 4.1328394100e-04
1.9296233699e+03 4.1352440058e-04
1.9402524727e+03 4.1361058661e-04
1.9508815755e+03 4.1382520329e-04
1.9615106782e+03 4.1389498823e-04
1.9721397810e+03 4.1410906898e-04
1.9827688838e+03 4.1419078377e-04
1.9933979866e+03 4.1442834765e-04
2.0040270893e+03 4.1454098562e-04
2.0146561921e+03 4.1481190647e-04
2.0252852949e+03 4.1495523147e-04
2.0359143977e+03 4.1524445322e-04
2.0465435004e+03 4.1538766054e-04
2.0571726032e+03 4.1564858571e-04
2.0678017060e+03 4.1573692665e-04
2.0784308088e+03 4.1591746877e-04
2.0890599115e+03 4.1591496102e-04
2.0996890143e+03 4.1600501120e-04
2.1103181171e+03 4.1592884930e-04
2.1209472198e+03 4.1597125370e-04
2.1315763226e+03 4.1587999398e-04
2.1422054254e+03 4.1594764385e-04
2.1528345282e+03 4.1591844256e-04
2.1634636309e+03 4.1609734623e-04
2.1740927337e+03 4.1621427650e-04
2.1847218365e+03 4.1659461631e-04
2.1953509393e+03 4.1694288621e-04
2.2059800420e+03 4.1761661732e-04
2.2166091448e+03 4.1828607060e-04
2.2272382476e+03 4.1935727678e-04
2.2378673504e+03 4.2045977368e-04
2.2484964531e+03 4.2206411752e-04
2.2591255559e+03 4.2374475112e-04
2.2697546587e+03 4.2604330906e-04
2.2803837614e+03 4.2845767192e-04
2.2910128642e+03 4.3160781777e-04
2.3016419670e+03 4.3489812813e-04
2.3122710698e+03 4.3903266106e-04
2.3229001725e+03 4.4330391373e-04
2.3335292753e+03 4.4849719584e-04
2.3441583781e+03 4.5378256762e-04
2.3547874809e+03 4.6002458117e-04
2.3654165836e+03 4.6627971894e-04
2.3760456864e+03 4.7348980940e-04
2.3866747892e+03 4.8062228151e-04
2.3973038920e+03 4.8868486768e-04
2.4079329947e+03 4.9659090441e-04
2.4185620975e+03 5.0539377574e-04
2.4291912003e+03 5.1400307949e-04
2.4398203030e+03 5.2349245988e-04
2.4504494058e+03 5.3282902473e-04
2.4610785086e+03 5.4306772897e-04
2.4717076114e+03 5.5329475916e-04
2.4823367141e+03 5.6448944687e-04
2.4929658169e+03 5.7591550429e-04
2.5035949197e+03 5.8840341746e-04
2.5142240225e+03 6.0144707234e-04
2.5248531252e+03 6.1564362888e-04
2.5354822280e+03 6.3076696136e-04
2.5461113308e+03 6.4709810064e-04
2.5567404336e+03 6.6473780397e-04
2.5673695363e+03 6.8357267743e-04
2.5779986391e+03 7.0405710600e-04
2.5886277419e+03 7.2561303097e-04
2.5992568447e+03 7.4904468109e-04
2.6098859474e+03 7.7327238127e-04
2.6205150502e+03 7.9939635150e-04
2.6311441530e+03 8.2584839158e-04
2.6417732557e+03 8.5386676614e-04
2.6524023585e+03 8.8148963213e-04
2.6630314613e+03 9.0978354674e-04
2.6736605641e+03 9.3664091225e-04
2.6842896668e+03 9.6247706651e-04
2.6949187696e+03 9.8555045571e-04
2.7055478724e+03 1.0050775495e-03
2.7161769752e+03 1.0205874721e-03
2.7268060779e+03 1.0298394721e-03
2.7374351807e+03 1.0356612136e-03
