# Reynolds stress Morkovin's scaling 
# Columns: y_plus    rho u''w''/tau_wall
3.9100267708e-01 4.0826781876e-03
1.1669246953e+00 4.0385538127e-02
1.9435303622e+00 1.1895951165e-01
2.7210037404e+00 2.4020495336e-01
3.4995481111e+00 3.9758068958e-01
4.2793829765e+00 5.7917713482e-01
5.0607410474e+00 7.7065035749e-01
5.8438654524e+00 9.5845075798e-01
6.6290073199e+00 1.1318484453e+00
7.4164238012e+00 1.2837984850e+00
8.2063765381e+00 1.4106719909e+00
8.9991305383e+00 1.5115942725e+00
9.7949533913e+00 1.5875571137e+00
1.0594114757e+01 1.6407061960e+00
1.1396886058e+01 1.6737379047e+00
1.2203540314e+01 1.6895466432e+00
1.3014352078e+01 1.6909538951e+00
1.3829597436e+01 1.6805904394e+00
1.4649554046e+01 1.6607992331e+00
1.5474501205e+01 1.6336185877e+00
1.6304719923e+01 1.6007623609e+00
1.7140493017e+01 1.5636556271e+00
1.7982105198e+01 1.5234685096e+00
1.8829843169e+01 1.4811668597e+00
1.9683995721e+01 1.4375393040e+00
2.0544853828e+01 1.3932148195e+00
2.1412710751e+01 1.3486765391e+00
2.2287862134e+01 1.3042833671e+00
2.3170606107e+01 1.2603105005e+00
2.4061243385e+01 1.2169709866e+00
2.4960077373e+01 1.1744336371e+00
2.5867414268e+01 1.1328203364e+00
2.6783563163e+01 1.0922285121e+00
2.7708836155e+01 1.0527296988e+00
2.8643548447e+01 1.0143861248e+00
2.9588018458e+01 9.7724157949e-01
3.0542567932e+01 9.4134559361e-01
3.1507522046e+01 9.0674477036e-01
3.2483209521e+01 8.7348333345e-01
3.3469962736e+01 8.4155870323e-01
3.4468117838e+01 8.1092588626e-01
3.5478014859e+01 7.8150462148e-01
3.6499997830e+01 7.5322728494e-01
3.7534414901e+01 7.2603070178e-01
3.8581618456e+01 6.9986035142e-01
3.9641965236e+01 6.7466537721e-01
4.0715816460e+01 6.5045157487e-01
4.1803537945e+01 6.2727549160e-01
4.2905500235e+01 6.0522082740e-01
4.4022078725e+01 5.8432770834e-01
4.5153653789e+01 5.6457539111e-01
4.6300610910e+01 5.4588415282e-01
4.7463340810e+01 5.2816237881e-01
4.8642239585e+01 5.1132345377e-01
4.9837708839e+01 4.9531870785e-01
5.1050155822e+01 4.8011406399e-01
5.2279993564e+01 4.6568207049e-01
5.3527641025e+01 4.5198825431e-01
5.4793523226e+01 4.3901012634e-01
5.6078071405e+01 4.2672330874e-01
5.7381723156e+01 4.1511401770e-01
5.8704922581e+01 4.0417702653e-01
6.0048120441e+01 3.9391257259e-01
6.1411774312e+01 3.8430222353e-01
6.2796348734e+01 3.7532013350e-01
6.4202315379e+01 3.6692037681e-01
6.5630153203e+01 3.5902603073e-01
6.7080348613e+01 3.5152466196e-01
6.8553395635e+01 3.4432293284e-01
7.0049796075e+01 3.3736987900e-01
7.1570059699e+01 3.3065408077e-01
7.3114704399e+01 3.2421182835e-01
7.4684256376e+01 3.1811095064e-01
7.6279250313e+01 3.1238582114e-01
7.7900229560e+01 3.0704607616e-01
7.9547746322e+01 3.0208297760e-01
8.1222361842e+01 2.9749143950e-01
8.2924646595e+01 2.9325183521e-01
8.4655180482e+01 2.8924779976e-01
8.6414553026e+01 2.8527806945e-01
8.8203363577e+01 2.8120785304e-01
9.0022221510e+01 2.7702392152e-01
9.1871746439e+01 2.7278601567e-01
9.3752568424e+01 2.6857646327e-01
9.5665328185e+01 2.6442090383e-01
9.7610677324e+01 2.6020692297e-01
9.9589278544e+01 2.5582309188e-01
1.0160180588e+02 2.5129125942e-01
1.0364894491e+02 2.4670753500e-01
1.0573139302e+02 2.4213387375e-01
1.0784985962e+02 2.3752903720e-01
1.1000506638e+02 2.3284916403e-01
1.1219774750e+02 2.2824577951e-01
1.1442864993e+02 2.2391646999e-01
1.1669853366e+02 2.1987196374e-01
1.1900817195e+02 2.1596942722e-01
1.2135835159e+02 2.1211587950e-01
1.2374987321e+02 2.0829588351e-01
1.2618355149e+02 2.0446704609e-01
1.2866021550e+02 2.0058433818e-01
1.3118070893e+02 1.9672935052e-01
1.3374589042e+02 1.9310037949e-01
1.3635663383e+02 1.8978326556e-01
1.3901382852e+02 1.8663857819e-01
1.4171837970e+02 1.8352509876e-01
1.4447120871e+02 1.8033190759e-01
1.4727325332e+02 1.7689759235e-01
1.5012546808e+02 1.7312969888e-01
1.5302882462e+02 1.6897217072e-01
1.5598431200e+02 1.6442587160e-01
1.5899293705e+02 1.5958160917e-01
1.6205572468e+02 1.5450808501e-01
1.6517371825e+02 1.4918290120e-01
1.6834797995e+02 1.4397466312e-01
1.7157959112e+02 1.3944209485e-01
1.7486965264e+02 1.3548889700e-01
1.7821928531e+02 1.3151856006e-01
1.8162963021e+02 1.2721884870e-01
1.8510184912e+02 1.2273730981e-01
1.8863712487e+02 1.1824504756e-01
1.9223666179e+02 1.1382805923e-01
1.9590168612e+02 1.0975844580e-01
1.9963344636e+02 1.0611366936e-01
2.0343321380e+02 1.0275360927e-01
2.0730228285e+02 9.9585359613e-02
2.1124197156e+02 9.6577118530e-02
2.1525362201e+02 9.3658384906e-02
2.1933860083e+02 9.0899187959e-02
2.2349829959e+02 8.8442617897e-02
2.2773413535e+02 8.6348063083e-02
2.3204755109e+02 8.4381000279e-02
2.3644001621e+02 8.2510018817e-02
2.4091302705e+02 8.0689387928e-02
2.4546810739e+02 7.8850801142e-02
2.5010680897e+02 7.6758935638e-02
2.5483071201e+02 7.4374207720e-02
2.5964142574e+02 7.1701648028e-02
2.6454058900e+02 6.8637838979e-02
2.6952987074e+02 6.5348535301e-02
2.7461097059e+02 6.2371542066e-02
2.7978561950e+02 5.9621141593e-02
2.8505558025e+02 5.6917999198e-02
2.9042264812e+02 5.4077242653e-02
2.9588865145e+02 5.1301453616e-02
3.0145545230e+02 4.8536149538e-02
3.0712494704e+02 4.6114540021e-02
3.1289906706e+02 4.4030297516e-02
3.1877977936e+02 4.2152714620e-02
3.2476908727e+02 4.0676444749e-02
3.3086903110e+02 3.8997622523e-02
3.3708168886e+02 3.7008918222e-02
3.4340917693e+02 3.5013619564e-02
3.4985365079e+02 3.3294749305e-02
3.5641730571e+02 3.1493379839e-02
3.6310237742e+02 2.9029521110e-02
3.6991114271e+02 2.6487941794e-02
3.7684591986e+02 2.4136488794e-02
3.8390906882e+02 2.2200908500e-02
3.9110299071e+02 2.0545571255e-02
3.9843012636e+02 1.8881346012e-02
4.0589295306e+02 1.7401456210e-02
4.1349397829e+02 1.5950351446e-02
4.2123572889e+02 1.4224971882e-02
4.2912073304e+02 1.2497733522e-02
4.3715149217e+02 1.0767934164e-02
4.4533043852e+02 8.8597091802e-03
4.5365987429e+02 7.0745448429e-03
4.6214188770e+02 5.7397696819e-03
4.7077824235e+02 4.6768734149e-03
4.7957023817e+02 3.5959883400e-03
4.8851854519e+02 2.7272184724e-03
4.9762301594e+02 1.9920961362e-03
5.0688248733e+02 1.3192358545e-03
5.1629458829e+02 8.9068380876e-04
5.2585557360e+02 5.5015371480e-04
5.3556020708e+02 2.8298700995e-04
5.4540171575e+02 1.1811630845e-04
5.5537183282e+02 1.1591077550e-04
5.6546093828e+02 1.5925871383e-04
5.7565829575e+02 1.3764439744e-04
5.8595237151e+02 1.0335236192e-04
5.9633121136e+02 8.5807856232e-05
6.0678284256e+02 3.6638142820e-05
6.1729566514e+02 -2.5107376865e-06
6.2785879892e+02 -5.0446176119e-06
6.3846235889e+02 1.8328197618e-07
6.4909764242e+02 2.2188646488e-06
6.5975722295e+02 -9.3083702439e-06
6.7043495588e+02 -2.7985713982e-05
6.8112591136e+02 -3.1660204387e-05
6.9182625336e+02 -2.6709861072e-05
7.0253308669e+02 -2.6810172867e-05
7.1324429176e+02 -2.8713248710e-05
7.2395836319e+02 -3.0742848649e-05
7.3467426374e+02 -3.2427511923e-05
7.4539130004e+02 -3.3884137674e-05
7.5610902239e+02 -3.5192642897e-05
7.6682714778e+02 -3.5921012653e-05
7.7754550345e+02 -3.6890910739e-05
7.8826398703e+02 -3.7979960967e-05
7.9898253968e+02 -3.8952032163e-05
8.0970112858e+02 -3.9828795541e-05
8.2041973597e+02 -4.0591105388e-05
8.3113835253e+02 -4.1280959685e-05
8.4185697350e+02 -4.1897746165e-05
8.5257559653e+02 -4.2479694115e-05
8.6329422051e+02 -4.3023189275e-05
8.7401284489e+02 -4.3549948799e-05
8.8473146946e+02 -4.4053671710e-05
8.9545009410e+02 -4.4549899982e-05
9.0616871877e+02 -4.5033184147e-05
9.1688734345e+02 -4.5515704744e-05
9.2760596814e+02 -4.5993559530e-05
9.3832459282e+02 -4.6482971489e-05
9.4904321751e+02 -4.6985482477e-05
9.5976184220e+02 -4.7516680096e-05
9.7048046689e+02 -4.8070572488e-05
9.8119909158e+02 -4.8646221964e-05
9.9191771626e+02 -4.9222342368e-05
1.0026363410e+03 -4.9785783414e-05
1.0133549656e+03 -5.0315856936e-05
1.0240735903e+03 -5.0807838426e-05
1.0347922150e+03 -5.1257818229e-05
1.0455108397e+03 -5.1676665052e-05
1.0562294644e+03 -5.2072607511e-05
1.0669480891e+03 -5.2459240626e-05
1.0776667138e+03 -5.2840479350e-05
1.0883853385e+03 -5.3221428645e-05
1.0991039631e+03 -5.3596798264e-05
1.1098225878e+03 -5.3965330084e-05
1.1205412125e+03 -5.4317305131e-05
1.1312598372e+03 -5.4650704464e-05
1.1419784619e+03 -5.4956536554e-05
1.1526970866e+03 -5.5234824058e-05
1.1634157113e+03 -5.5477521748e-05
1.1741343360e+03 -5.5685727161e-05
1.1848529607e+03 -5.5852239254e-05
1.1955715853e+03 -5.5981662848e-05
1.2062902100e+03 -5.6071713612e-05
1.2170088347e+03 -5.6134040086e-05
1.2277274594e+03 -5.6172441456e-05
1.2384460841e+03 -5.6204298456e-05
1.2491647088e+03 -5.6236243447e-05
1.2598833335e+03 -5.6286878670e-05
1.2706019582e+03 -5.6359449149e-05
1.2813205828e+03 -5.6466768963e-05
1.2920392075e+03 -5.6602522696e-05
1.3027578322e+03 -5.6771227079e-05
1.3134764569e+03 -5.6957700468e-05
1.3241950816e+03 -5.7163108140e-05
1.3349137063e+03 -5.7368752206e-05
1.3456323310e+03 -5.7578729301e-05
1.3563509557e+03 -5.7774491733e-05
1.3670695803e+03 -5.7965451987e-05
1.3777882050e+03 -5.8134219301e-05
1.3885068297e+03 -5.8296768146e-05
1.3992254544e+03 -5.8438760468e-05
1.4099440791e+03 -5.8584225697e-05
1.4206627038e+03 -5.8720885456e-05
1.4313813285e+03 -5.8876251270e-05
1.4420999532e+03 -5.9031975899e-05
1.4528185779e+03 -5.9210873393e-05
1.4635372025e+03 -5.9384142687e-05
1.4742558272e+03 -5.9570294688e-05
1.4849744519e+03 -5.9736009408e-05
1.4956930766e+03 -5.9901289770e-05
1.5064117013e+03 -6.0035250976e-05
1.5171303260e+03 -6.0163138280e-05
1.5278489507e+03 -6.0260119083e-05
1.5385675754e+03 -6.0356952867e-05
1.5492862000e+03 -6.0432865287e-05
1.5600048247e+03 -6.0519493068e-05
1.5707234494e+03 -6.0594288983e-05
1.5814420741e+03 -6.0685835089e-05
1.5921606988e+03 -6.0767826219e-05
1.6028793235e+03 -6.0866839763e-05
1.6135979482e+03 -6.0953363449e-05
1.6243165729e+03 -6.1052233316e-05
1.6350351976e+03 -6.1129583844e-05
1.6457538222e+03 -6.1209930900e-05
1.6564724469e+03 -6.1258076450e-05
1.6671910716e+03 -6.1304034977e-05
1.6779096963e+03 -6.1314255009e-05
1.6886283210e+03 -6.1325271276e-05
1.6993469457e+03 -6.1303059450e-05
1.7100655704e+03 -6.1289706967e-05
1.7207841951e+03 -6.1250893501e-05
1.7315028197e+03 -6.1234407629e-05
1.7422214444e+03 -6.1204337294e-05
1.7529400691e+03 -6.1211206543e-05
1.7636586938e+03 -6.1215298715e-05
1.7743773185e+03 -6.1269028551e-05
1.7850959432e+03 -6.1328578936e-05
1.7958145679e+03 -6.1447334095e-05
1.8065331926e+03 -6.1574826360e-05
1.8172518173e+03 -6.1762950278e-05
1.8279704419e+03 -6.1952688781e-05
1.8386890666e+03 -6.2194289197e-05
1.8494076913e+03 -6.2420763195e-05
1.8601263160e+03 -6.2682196874e-05
1.8708449407e+03 -6.2905781994e-05
1.8815635654e+03 -6.3144222430e-05
1.8922821901e+03 -6.3322303122e-05
1.9030008148e+03 -6.3497922874e-05
1.9137194394e+03 -6.3595963542e-05
1.9244380641e+03 -6.3681786937e-05
1.9351566888e+03 -6.3682749144e-05
1.9458753135e+03 -6.3673921891e-05
1.9565939382e+03 -6.3584514859e-05
1.9673125629e+03 -6.3498320564e-05
1.9780311876e+03 -6.3342841731e-05
1.9887498123e+03 -6.3208408609e-05
1.9994684369e+03 -6.3016919172e-05
2.0101870616e+03 -6.2861928507e-05
2.0209056863e+03 -6.2656204320e-05
2.0316243110e+03 -6.2495502057e-05
2.0423429357e+03 -6.2285422186e-05
2.0530615604e+03 -6.2127512478e-05
2.0637801851e+03 -6.1923551064e-05
2.0744988098e+03 -6.1779685930e-05
2.0852174345e+03 -6.1591993719e-05
2.0959360591e+03 -6.1466204031e-05
2.1066546838e+03 -6.1294706484e-05
2.1173733085e+03 -6.1182326675e-05
2.1280919332e+03 -6.1024529970e-05
2.1388105579e+03 -6.0923463120e-05
2.1495291826e+03 -6.0781015644e-05
2.1602478073e+03 -6.0691930709e-05
2.1709664320e+03 -6.0567102783e-05
2.1816850566e+03 -6.0491798432e-05
2.1924036813e+03 -6.0388546963e-05
2.2031223060e+03 -6.0331911307e-05
2.2138409307e+03 -6.0256921775e-05
2.2245595554e+03 -6.0227901276e-05
2.2352781801e+03 -6.0192915711e-05
2.2459968048e+03 -6.0206954555e-05
2.2567154295e+03 -6.0227999772e-05
2.2674340542e+03 -6.0301644177e-05
2.2781526788e+03 -6.0391188612e-05
2.2888713035e+03 -6.0536946580e-05
2.2995899282e+03 -6.0706389833e-05
2.3103085529e+03 -6.0944396010e-05
2.3210271776e+03 -6.1223522114e-05
2.3317458023e+03 -6.1601349744e-05
2.3424644270e+03 -6.2048990599e-05
2.3531830517e+03 -6.2634292065e-05
2.3639016763e+03 -6.3313556698e-05
2.3746203010e+03 -6.4160487585e-05
2.3853389257e+03 -6.5109197254e-05
2.3960575504e+03 -6.6238649468e-05
2.4067761751e+03 -6.7459753464e-05
2.4174947998e+03 -6.8856270141e-05
2.4282134245e+03 -7.0320913540e-05
2.4389320492e+03 -7.1943074110e-05
2.4496506739e+03 -7.3609000094e-05
2.4603692985e+03 -7.5414465429e-05
2.4710879232e+03 -7.7253085240e-05
2.4818065479e+03 -7.9223546677e-05
2.4925251726e+03 -8.1237170186e-05
2.5032437973e+03 -8.3385523309e-05
2.5139624220e+03 -8.5603268045e-05
2.5246810467e+03 -8.7962253982e-05
2.5353996714e+03 -9.0426400802e-05
2.5461182960e+03 -9.3038631119e-05
2.5568369207e+03 -9.5799319932e-05
2.5675555454e+03 -9.8715805625e-05
2.5782741701e+03 -1.0182821715e-04
2.5889927948e+03 -1.0510064191e-04
2.5997114195e+03 -1.0860827870e-04
2.6104300442e+03 -1.1226523297e-04
2.6211486689e+03 -1.1617255341e-04
2.6318672935e+03 -1.2019620393e-04
2.6425859182e+03 -1.2444817465e-04
2.6533045429e+03 -1.2875457865e-04
2.6640231676e+03 -1.3320882095e-04
2.6747417923e+03 -1.3761390752e-04
2.6854604170e+03 -1.4200164333e-04
2.6961790417e+03 -1.4618776860e-04
2.7068976664e+03 -1.5009014401e-04
2.7176162911e+03 -1.5360224341e-04
2.7283349157e+03 -1.5648075998e-04
2.7390535404e+03 -1.5880266969e-04
2.7497721651e+03 -1.6015540758e-04
2.7604907898e+03 -1.6103366741e-04
