# Reynolds stress Morkovin's scaling 
# Columns: y_plus    -rho u''w''/tau_wall
3.9100267708e-01 1.1009557102e-04
1.1669246953e+00 1.9634078802e-03
1.9435303622e+00 8.5035181497e-03
2.7210037404e+00 2.2413321055e-02
3.4995481111e+00 4.5334196251e-02
4.2793829765e+00 7.7336264134e-02
5.0607410474e+00 1.1740049165e-01
5.8438654524e+00 1.6353401203e-01
6.6290073199e+00 2.1363770751e-01
7.4164238012e+00 2.6547732403e-01
8.2063765381e+00 3.1734283329e-01
8.9991305383e+00 3.6770680763e-01
9.7949533913e+00 4.1567830006e-01
1.0594114757e+01 4.6051236906e-01
1.1396886058e+01 5.0198395018e-01
1.2203540314e+01 5.3987114972e-01
1.3014352078e+01 5.7431626664e-01
1.3829597436e+01 6.0534922063e-01
1.4649554046e+01 6.3326309668e-01
1.5474501205e+01 6.5819429496e-01
1.6304719923e+01 6.8049571108e-01
1.7140493017e+01 7.0034883176e-01
1.7982105198e+01 7.1810203105e-01
1.8829843169e+01 7.3391402204e-01
1.9683995721e+01 7.4807878633e-01
2.0544853828e+01 7.6071779038e-01
2.1412710751e+01 7.7207575423e-01
2.2287862134e+01 7.8223724781e-01
2.3170606107e+01 7.9139243226e-01
2.4061243385e+01 7.9959021786e-01
2.4960077373e+01 8.0697891932e-01
2.5867414268e+01 8.1358484562e-01
2.6783563163e+01 8.1952433177e-01
2.7708836155e+01 8.2481053768e-01
2.8643548447e+01 8.2954352833e-01
2.9588018458e+01 8.3373372568e-01
3.0542567932e+01 8.3746050396e-01
3.1507522046e+01 8.4071704271e-01
3.2483209521e+01 8.4355817133e-01
3.3469962736e+01 8.4596725687e-01
3.4468117838e+01 8.4798757944e-01
3.5478014859e+01 8.4960700951e-01
3.6499997830e+01 8.5087377327e-01
3.7534414901e+01 8.5178782450e-01
3.8581618456e+01 8.5239749832e-01
3.9641965236e+01 8.5270439744e-01
4.0715816460e+01 8.5275822210e-01
4.1803537945e+01 8.5257974086e-01
4.2905500235e+01 8.5224296089e-01
4.4022078725e+01 8.5179177020e-01
4.5153653789e+01 8.5129953495e-01
4.6300610910e+01 8.5079088341e-01
4.7463340810e+01 8.5029895669e-01
4.8642239585e+01 8.4980175636e-01
4.9837708839e+01 8.4928538608e-01
5.1050155822e+01 8.4869752289e-01
5.2279993564e+01 8.4800976101e-01
5.3527641025e+01 8.4717154711e-01
5.4793523226e+01 8.4616572976e-01
5.6078071405e+01 8.4497913239e-01
5.7381723156e+01 8.4364925970e-01
5.8704922581e+01 8.4220216364e-01
6.0048120441e+01 8.4067095479e-01
6.1411774312e+01 8.3904712240e-01
6.2796348734e+01 8.3732666017e-01
6.4202315379e+01 8.3549623162e-01
6.5630153203e+01 8.3357620430e-01
6.7080348613e+01 8.3158515038e-01
6.8553395635e+01 8.2956513117e-01
7.0049796075e+01 8.2754216490e-01
7.1570059699e+01 8.2554853921e-01
7.3114704399e+01 8.2358839411e-01
7.4684256376e+01 8.2165356220e-01
7.6279250313e+01 8.1970162942e-01
7.7900229560e+01 8.1770384121e-01
7.9547746322e+01 8.1564530824e-01
8.1222361842e+01 8.1354263564e-01
8.2924646595e+01 8.1139917671e-01
8.4655180482e+01 8.0922424851e-01
8.6414553026e+01 8.0702076149e-01
8.8203363577e+01 8.0479436506e-01
9.0022221510e+01 8.0252374311e-01
9.1871746439e+01 8.0019916172e-01
9.3752568424e+01 7.9781007681e-01
9.5665328185e+01 7.9534477195e-01
9.7610677324e+01 7.9274481466e-01
9.9589278544e+01 7.8992248609e-01
1.0160180588e+02 7.8680205346e-01
1.0364894491e+02 7.8339679293e-01
1.0573139302e+02 7.7976062306e-01
1.0784985962e+02 7.7597623134e-01
1.1000506638e+02 7.7214967070e-01
1.1219774750e+02 7.6836527882e-01
1.1442864993e+02 7.6462636287e-01
1.1669853366e+02 7.6092190103e-01
1.1900817195e+02 7.5724143934e-01
1.2135835159e+02 7.5350171704e-01
1.2374987321e+02 7.4955192228e-01
1.2618355149e+02 7.4532695692e-01
1.2866021550e+02 7.4082289440e-01
1.3118070893e+02 7.3609421603e-01
1.3374589042e+02 7.3126174855e-01
1.3635663383e+02 7.2641591359e-01
1.3901382852e+02 7.2151918001e-01
1.4171837970e+02 7.1641147335e-01
1.4447120871e+02 7.1089117850e-01
1.4727325332e+02 7.0489251741e-01
1.5012546808e+02 6.9844800539e-01
1.5302882462e+02 6.9163512110e-01
1.5598431200e+02 6.8455884136e-01
1.5899293705e+02 6.7741233767e-01
1.6205572468e+02 6.7030263485e-01
1.6517371825e+02 6.6315315408e-01
1.6834797995e+02 6.5599756508e-01
1.7157959112e+02 6.4900475462e-01
1.7486965264e+02 6.4223392876e-01
1.7821928531e+02 6.3561633006e-01
1.8162963021e+02 6.2903762841e-01
1.8510184912e+02 6.2242961932e-01
1.8863712487e+02 6.1567417864e-01
1.9223666179e+02 6.0859182189e-01
1.9590168612e+02 6.0120348705e-01
1.9963344636e+02 5.9366258408e-01
2.0343321380e+02 5.8594054735e-01
2.0730228285e+02 5.7789033003e-01
2.1124197156e+02 5.6946625089e-01
2.1525362201e+02 5.6052996731e-01
2.1933860083e+02 5.5105627049e-01
2.2349829959e+02 5.4136488754e-01
2.2773413535e+02 5.3161976076e-01
2.3204755109e+02 5.2158977942e-01
2.3644001621e+02 5.1101161422e-01
2.4091302705e+02 4.9986058213e-01
2.4546810739e+02 4.8838225800e-01
2.5010680897e+02 4.7684947209e-01
2.5483071201e+02 4.6535022804e-01
2.5964142574e+02 4.5374261937e-01
2.6454058900e+02 4.4195815086e-01
2.6952987074e+02 4.2998717487e-01
2.7461097059e+02 4.1783668412e-01
2.7978561950e+02 4.0548715539e-01
2.8505558025e+02 3.9285625772e-01
2.9042264812e+02 3.8014685298e-01
2.9588865145e+02 3.6739477507e-01
3.0145545230e+02 3.5440720185e-01
3.0712494704e+02 3.4123101252e-01
3.1289906706e+02 3.2781755985e-01
3.1877977936e+02 3.1417856215e-01
3.2476908727e+02 3.0041065798e-01
3.3086903110e+02 2.8654754425e-01
3.3708168886e+02 2.7254821086e-01
3.4340917693e+02 2.5834639314e-01
3.4985365079e+02 2.4399315108e-01
3.5641730571e+02 2.2940587644e-01
3.6310237742e+02 2.1450108531e-01
3.6991114271e+02 1.9935719118e-01
3.7684591986e+02 1.8427063384e-01
3.8390906882e+02 1.6955257064e-01
3.9110299071e+02 1.5506346261e-01
3.9843012636e+02 1.4082305492e-01
4.0589295306e+02 1.2708157658e-01
4.1349397829e+02 1.1390530485e-01
4.2123572889e+02 1.0133593950e-01
4.2912073304e+02 8.9479768610e-02
4.3715149217e+02 7.8152881696e-02
4.4533043852e+02 6.7349055492e-02
4.5365987429e+02 5.7279973423e-02
4.6214188770e+02 4.8006908714e-02
4.7077824235e+02 3.9864873407e-02
4.7957023817e+02 3.2889534334e-02
4.8851854519e+02 2.6849954810e-02
4.9762301594e+02 2.1656310142e-02
5.0688248733e+02 1.7255753702e-02
5.1629458829e+02 1.3566003179e-02
5.2585557360e+02 1.0475983816e-02
5.3556020708e+02 7.9016246255e-03
5.4540171575e+02 5.8210144779e-03
5.5537183282e+02 4.1588532560e-03
5.6546093828e+02 2.9482382757e-03
5.7565829575e+02 2.0811050925e-03
5.8595237151e+02 1.4535880860e-03
5.9633121136e+02 9.9283635015e-04
6.0678284256e+02 6.5646324372e-04
6.1729566514e+02 4.4488050796e-04
6.2785879892e+02 3.1116683534e-04
6.3846235889e+02 2.1776046168e-04
6.4909764242e+02 1.7185094850e-04
6.5975722295e+02 1.3503739421e-04
6.7043495588e+02 8.9360632731e-05
6.8112591136e+02 6.2155644412e-05
6.9182625336e+02 5.7219718547e-05
7.0253308669e+02 5.5069640576e-05
7.1324429176e+02 5.1094625492e-05
7.2395836319e+02 4.8442814994e-05
7.3467426374e+02 4.6526534736e-05
7.4539130004e+02 4.4005672758e-05
7.5610902239e+02 4.1397531831e-05
7.6682714778e+02 3.8128585782e-05
7.7754550345e+02 3.4945112991e-05
7.8826398703e+02 3.2523444309e-05
7.9898253968e+02 3.0610016793e-05
8.0970112858e+02 2.9013635143e-05
8.2041973597e+02 2.7662795464e-05
8.3113835253e+02 2.6489385602e-05
8.4185697350e+02 2.5409354858e-05
8.5257559653e+02 2.4380472125e-05
8.6329422051e+02 2.3379971381e-05
8.7401284489e+02 2.2410158627e-05
8.8473146946e+02 2.1478479450e-05
8.9545009410e+02 2.0599277382e-05
9.0616871877e+02 1.9784415368e-05
9.1688734345e+02 1.9039954413e-05
9.2760596814e+02 1.8353381747e-05
9.3832459282e+02 1.7707787030e-05
9.4904321751e+02 1.7080705061e-05
9.5976184220e+02 1.6458928765e-05
9.7048046689e+02 1.5837008794e-05
9.8119909158e+02 1.5215859378e-05
9.9191771626e+02 1.4596870970e-05
1.0026363410e+03 1.3981708985e-05
1.0133549656e+03 1.3361634336e-05
1.0240735903e+03 1.2735373586e-05
1.0347922150e+03 1.2090887257e-05
1.0455108397e+03 1.1440785463e-05
1.0562294644e+03 1.0789941274e-05
1.0669480891e+03 1.0171914283e-05
1.0776667138e+03 9.5962392738e-06
1.0883853385e+03 9.0906816500e-06
1.0991039631e+03 8.6429896118e-06
1.1098225878e+03 8.2591997351e-06
1.1205412125e+03 7.9049835208e-06
1.1312598372e+03 7.5718254961e-06
1.1419784619e+03 7.2234614571e-06
1.1526970866e+03 6.8586553780e-06
1.1634157113e+03 6.4610002811e-06
1.1741343360e+03 6.0449743358e-06
1.1848529607e+03 5.6109182761e-06
1.1955715853e+03 5.1783821553e-06
1.2062902100e+03 4.7513274351e-06
1.2170088347e+03 4.3402549337e-06
1.2277274594e+03 3.9401578783e-06
1.2384460841e+03 3.5493113459e-06
1.2491647088e+03 3.1594333687e-06
1.2598833335e+03 2.7670639978e-06
1.2706019582e+03 2.3685555216e-06
1.2813205828e+03 1.9638040748e-06
1.2920392075e+03 1.5581339135e-06
1.3027578322e+03 1.1580305188e-06
1.3134764569e+03 7.7761687765e-07
1.3241950816e+03 4.2435525843e-07
1.3349137063e+03 1.1045218132e-07
1.3456323310e+03 -1.6604421531e-07
1.3563509557e+03 -4.0104738291e-07
1.3670695803e+03 -6.0638184170e-07
1.3777882050e+03 -7.8328289288e-07
1.3885068297e+03 -9.5023331212e-07
1.3992254544e+03 -1.1099609620e-06
1.4099440791e+03 -1.2799094519e-06
1.4206627038e+03 -1.4548431161e-06
1.4313813285e+03 -1.6445232913e-06
1.4420999532e+03 -1.8391281015e-06
1.4528185779e+03 -2.0487540058e-06
1.4635372025e+03 -2.2636325388e-06
1.4742558272e+03 -2.4894377354e-06
1.4849744519e+03 -2.7114717079e-06
1.4956930766e+03 -2.9330886154e-06
1.5064117013e+03 -3.1459175388e-06
1.5171303260e+03 -3.3596178012e-06
1.5278489507e+03 -3.5713712680e-06
1.5385675754e+03 -3.7886210616e-06
1.5492862000e+03 -4.0075714857e-06
1.5600048247e+03 -4.2345594217e-06
1.5707234494e+03 -4.4691181457e-06
1.5814420741e+03 -4.7176244244e-06
1.5921606988e+03 -4.9776967657e-06
1.6028793235e+03 -5.2497904943e-06
1.6135979482e+03 -5.5253082406e-06
1.6243165729e+03 -5.7985360240e-06
1.6350351976e+03 -6.0567679489e-06
1.6457538222e+03 -6.2951567015e-06
1.6564724469e+03 -6.5094556324e-06
1.6671910716e+03 -6.7080280314e-06
1.6779096963e+03 -6.8982832410e-06
1.6886283210e+03 -7.0932004512e-06
1.6993469457e+03 -7.2977489912e-06
1.7100655704e+03 -7.5197682263e-06
1.7207841951e+03 -7.7566624358e-06
1.7315028197e+03 -8.0126203935e-06
1.7422214444e+03 -8.2815098038e-06
1.7529400691e+03 -8.5715344399e-06
1.7636586938e+03 -8.8773653968e-06
1.7743773185e+03 -9.2110982448e-06
1.7850959432e+03 -9.5632712964e-06
1.7958145679e+03 -9.9452366247e-06
1.8065331926e+03 -1.0340467235e-05
1.8172518173e+03 -1.0760445866e-05
1.8279704419e+03 -1.1182389805e-05
1.8386890666e+03 -1.1620664998e-05
1.8494076913e+03 -1.2048632481e-05
1.8601263160e+03 -1.2488688033e-05
1.8708449407e+03 -1.2914693243e-05
1.8815635654e+03 -1.3356396150e-05
1.8922821901e+03 -1.3781158111e-05
1.9030008148e+03 -1.4214657695e-05
1.9137194394e+03 -1.4614658592e-05
1.9244380641e+03 -1.5008180725e-05
1.9351566888e+03 -1.5358609101e-05
1.9458753135e+03 -1.5704535613e-05
1.9565939382e+03 -1.6018359764e-05
1.9673125629e+03 -1.6342006440e-05
1.9780311876e+03 -1.6648336727e-05
1.9887498123e+03 -1.6973046173e-05
1.9994684369e+03 -1.7287725420e-05
2.0101870616e+03 -1.7618213161e-05
2.0209056863e+03 -1.7935887660e-05
2.0316243110e+03 -1.8253813118e-05
2.0423429357e+03 -1.8549950071e-05
2.0530615604e+03 -1.8831128625e-05
2.0637801851e+03 -1.9098235832e-05
2.0744988098e+03 -1.9355138578e-05
2.0852174345e+03 -1.9626137846e-05
2.0959360591e+03 -1.9894721877e-05
2.1066546838e+03 -2.0197261778e-05
2.1173733085e+03 -2.0485901158e-05
2.1280919332e+03 -2.0811183577e-05
2.1388105579e+03 -2.1101560077e-05
2.1495291826e+03 -2.1430834329e-05
2.1602478073e+03 -2.1713676012e-05
2.1709664320e+03 -2.2042526463e-05
2.1816850566e+03 -2.2319247148e-05
2.1924036813e+03 -2.2644073559e-05
2.2031223060e+03 -2.2917807125e-05
2.2138409307e+03 -2.3243859868e-05
2.2245595554e+03 -2.3530394996e-05
2.2352781801e+03 -2.3865763477e-05
2.2459968048e+03 -2.4163397409e-05
2.2567154295e+03 -2.4483371007e-05
2.2674340542e+03 -2.4759557380e-05
2.2781526788e+03 -2.5028680425e-05
2.2888713035e+03 -2.5265803642e-05
2.2995899282e+03 -2.5479955735e-05
2.3103085529e+03 -2.5689397084e-05
2.3210271776e+03 -2.5862523783e-05
2.3317458023e+03 -2.6060370495e-05
2.3424644270e+03 -2.6208306869e-05
2.3531830517e+03 -2.6410600905e-05
2.3639016763e+03 -2.6549244129e-05
2.3746203010e+03 -2.6766333461e-05
2.3853389257e+03 -2.6907076129e-05
2.3960575504e+03 -2.7151464583e-05
2.4067761751e+03 -2.7322081655e-05
2.4174947998e+03 -2.7625623030e-05
2.4282134245e+03 -2.7862406279e-05
2.4389320492e+03 -2.8240546715e-05
2.4496506739e+03 -2.8545267183e-05
2.4603692985e+03 -2.8973751826e-05
2.4710879232e+03 -2.9320475819e-05
2.4818065479e+03 -2.9763751396e-05
2.4925251726e+03 -3.0130828927e-05
2.5032437973e+03 -3.0564131645e-05
2.5139624220e+03 -3.0941300819e-05
2.5246810467e+03 -3.1344230297e-05
2.5353996714e+03 -3.1723831789e-05
2.5461182960e+03 -3.2078256455e-05
2.5568369207e+03 -3.2465333215e-05
2.5675555454e+03 -3.2763206028e-05
2.5782741701e+03 -3.3168160194e-05
2.5889927948e+03 -3.3379675141e-05
2.5997114195e+03 -3.3781057655e-05
2.6104300442e+03 -3.3840080917e-05
2.6211486689e+03 -3.4211080468e-05
2.6318672935e+03 -3.4081660608e-05
2.6425859182e+03 -3.4455821054e-05
2.6533045429e+03 -3.4179174902e-05
2.6640231676e+03 -3.4640736459e-05
2.6747417923e+03 -3.4310364173e-05
2.6854604170e+03 -3.4934965321e-05
2.6961790417e+03 -3.4672068514e-05
2.7068976664e+03 -3.5479629086e-05
2.7176162911e+03 -3.5417347950e-05
2.7283349157e+03 -3.6336138904e-05
2.7390535404e+03 -3.6579688785e-05
2.7497721651e+03 -3.7450456082e-05
2.7604907898e+03 -3.7979583066e-05
