# Reynolds stress Morkovin's scaling 
# Columns: y_plus    -rho v''w''/tau_wall
3.9100267708e-01 2.9735683396e-05
1.1669246953e+00 5.5916125125e-04
1.9435303622e+00 2.4528706569e-03
2.7210037404e+00 6.4918759410e-03
3.4995481111e+00 1.3150972300e-02
4.2793829765e+00 2.2448691902e-02
5.0607410474e+00 3.4086299015e-02
5.8438654524e+00 4.7481512596e-02
6.6290073199e+00 6.2017136300e-02
7.4164238012e+00 7.7032420277e-02
8.2063765381e+00 9.2014224624e-02
8.9991305383e+00 1.0650314791e-01
9.7949533913e+00 1.2022947663e-01
1.0594114757e+01 1.3297413840e-01
1.1396886058e+01 1.4467573758e-01
1.2203540314e+01 1.5527974929e-01
1.3014352078e+01 1.6484137325e-01
1.3829597436e+01 1.7338446318e-01
1.4649554046e+01 1.8100577864e-01
1.5474501205e+01 1.8774996223e-01
1.6304719923e+01 1.9371650512e-01
1.7140493017e+01 1.9894945562e-01
1.7982105198e+01 2.0353907832e-01
1.8829843169e+01 2.0752271663e-01
1.9683995721e+01 2.1097970024e-01
2.0544853828e+01 2.1394152663e-01
2.1412710751e+01 2.1647500902e-01
2.2287862134e+01 2.1860100126e-01
2.3170606107e+01 2.2037303253e-01
2.4061243385e+01 2.2181006374e-01
2.4960077373e+01 2.2296579280e-01
2.5867414268e+01 2.2386209810e-01
2.6783563163e+01 2.2454551959e-01
2.7708836155e+01 2.2503120779e-01
2.8643548447e+01 2.2535801577e-01
2.9588018458e+01 2.2553826140e-01
3.0542567932e+01 2.2560018204e-01
3.1507522046e+01 2.2554003660e-01
3.2483209521e+01 2.2536375188e-01
3.3469962736e+01 2.2505447132e-01
3.4468117838e+01 2.2461895989e-01
3.5478014859e+01 2.2405985992e-01
3.6499997830e+01 2.2340675436e-01
3.7534414901e+01 2.2267804642e-01
3.8581618456e+01 2.2190051518e-01
3.9641965236e+01 2.2107691116e-01
4.0715816460e+01 2.2021720312e-01
4.1803537945e+01 2.1932473916e-01
4.2905500235e+01 2.1842376562e-01
4.4022078725e+01 2.1753259435e-01
4.5153653789e+01 2.1667748434e-01
4.6300610910e+01 2.1586757581e-01
4.7463340810e+01 2.1510958330e-01
4.8642239585e+01 2.1438553425e-01
4.9837708839e+01 2.1366988985e-01
5.1050155822e+01 2.1292278552e-01
5.2279993564e+01 2.1211675425e-01
5.3527641025e+01 2.1122346558e-01
5.4793523226e+01 2.1022897833e-01
5.6078071405e+01 2.0912517701e-01
5.7381723156e+01 2.0792594816e-01
5.8704922581e+01 2.0664966283e-01
6.0048120441e+01 2.0532085164e-01
6.1411774312e+01 2.0395232969e-01
6.2796348734e+01 2.0255470360e-01
6.4202315379e+01 2.0112908929e-01
6.5630153203e+01 1.9968087018e-01
6.7080348613e+01 1.9820791976e-01
6.8553395635e+01 1.9671298174e-01
7.0049796075e+01 1.9520163847e-01
7.1570059699e+01 1.9368953693e-01
7.3114704399e+01 1.9218511683e-01
7.4684256376e+01 1.9069047509e-01
7.6279250313e+01 1.8919904830e-01
7.7900229560e+01 1.8771050806e-01
7.9547746322e+01 1.8621161808e-01
8.1222361842e+01 1.8467787677e-01
8.2924646595e+01 1.8308592410e-01
8.4655180482e+01 1.8142979451e-01
8.6414553026e+01 1.7969832746e-01
8.8203363577e+01 1.7786247406e-01
9.0022221510e+01 1.7589378210e-01
9.1871746439e+01 1.7381243536e-01
9.3752568424e+01 1.7167474636e-01
9.5665328185e+01 1.6953474968e-01
9.7610677324e+01 1.6741307979e-01
9.9589278544e+01 1.6531369461e-01
1.0160180588e+02 1.6323071910e-01
1.0364894491e+02 1.6115547838e-01
1.0573139302e+02 1.5910507037e-01
1.0784985962e+02 1.5710020227e-01
1.1000506638e+02 1.5514193054e-01
1.1219774750e+02 1.5323531972e-01
1.1442864993e+02 1.5139023634e-01
1.1669853366e+02 1.4959812876e-01
1.1900817195e+02 1.4781103890e-01
1.2135835159e+02 1.4595632685e-01
1.2374987321e+02 1.4396605657e-01
1.2618355149e+02 1.4180834488e-01
1.2866021550e+02 1.3953188372e-01
1.3118070893e+02 1.3725682665e-01
1.3374589042e+02 1.3501604161e-01
1.3635663383e+02 1.3274834419e-01
1.3901382852e+02 1.3044328259e-01
1.4171837970e+02 1.2809899162e-01
1.4447120871e+02 1.2568501620e-01
1.4727325332e+02 1.2326177157e-01
1.5012546808e+02 1.2093328508e-01
1.5302882462e+02 1.1879806134e-01
1.5598431200e+02 1.1687416887e-01
1.5899293705e+02 1.1505588067e-01
1.6205572468e+02 1.1322099620e-01
1.6517371825e+02 1.1121600644e-01
1.6834797995e+02 1.0892183286e-01
1.7157959112e+02 1.0638783576e-01
1.7486965264e+02 1.0369988588e-01
1.7821928531e+02 1.0084957545e-01
1.8162963021e+02 9.7829143094e-02
1.8510184912e+02 9.4769276495e-02
1.8863712487e+02 9.1769450741e-02
1.9223666179e+02 8.8976421829e-02
1.9590168612e+02 8.6577640158e-02
1.9963344636e+02 8.4509206143e-02
2.0343321380e+02 8.2686241971e-02
2.0730228285e+02 8.1010928038e-02
2.1124197156e+02 7.9384888595e-02
2.1525362201e+02 7.7780755332e-02
2.1933860083e+02 7.6076767406e-02
2.2349829959e+02 7.4182883195e-02
2.2773413535e+02 7.2180920358e-02
2.3204755109e+02 7.0222313822e-02
2.3644001621e+02 6.8336663497e-02
2.4091302705e+02 6.6361039130e-02
2.4546810739e+02 6.4200827035e-02
2.5010680897e+02 6.1945725168e-02
2.5483071201e+02 5.9902087093e-02
2.5964142574e+02 5.8164714291e-02
2.6454058900e+02 5.6463978290e-02
2.6952987074e+02 5.4618158456e-02
2.7461097059e+02 5.2552324904e-02
2.7978561950e+02 5.0241421645e-02
2.8505558025e+02 4.7877268345e-02
2.9042264812e+02 4.5630673454e-02
2.9588865145e+02 4.3483372044e-02
3.0145545230e+02 4.1606589286e-02
3.0712494704e+02 4.0000309042e-02
3.1289906706e+02 3.8389177762e-02
3.1877977936e+02 3.6601619086e-02
3.2476908727e+02 3.4546424172e-02
3.3086903110e+02 3.2378283862e-02
3.3708168886e+02 3.0292179791e-02
3.4340917693e+02 2.8302560701e-02
3.4985365079e+02 2.6459945848e-02
3.5641730571e+02 2.4434284252e-02
3.6310237742e+02 2.2303353811e-02
3.6991114271e+02 2.0416497332e-02
3.7684591986e+02 1.8638708010e-02
3.8390906882e+02 1.7018292433e-02
3.9110299071e+02 1.5632292037e-02
3.9843012636e+02 1.4286576484e-02
4.0589295306e+02 1.2887002410e-02
4.1349397829e+02 1.1469540871e-02
4.2123572889e+02 1.0130127262e-02
4.2912073304e+02 8.8386159047e-03
4.3715149217e+02 7.7087300108e-03
4.4533043852e+02 6.6428475135e-03
4.5365987429e+02 5.5358063888e-03
4.6214188770e+02 4.5645556726e-03
4.7077824235e+02 3.8038367640e-03
4.7957023817e+02 3.0211904860e-03
4.8851854519e+02 2.3411430424e-03
4.9762301594e+02 1.8614775869e-03
5.0688248733e+02 1.4883185347e-03
5.1629458829e+02 1.1941703878e-03
5.2585557360e+02 9.6532490133e-04
5.3556020708e+02 7.7742791554e-04
5.4540171575e+02 5.8416506817e-04
5.5537183282e+02 4.2697408738e-04
5.6546093828e+02 3.6399073647e-04
5.7565829575e+02 3.0278041197e-04
5.8595237151e+02 2.0027552371e-04
5.9633121136e+02 1.2925644953e-04
6.0678284256e+02 8.7651304567e-05
6.1729566514e+02 3.4396184446e-05
6.2785879892e+02 -4.1071252399e-06
6.3846235889e+02 -1.0579905616e-05
6.4909764242e+02 -8.7954260450e-07
6.5975722295e+02 7.7493381080e-06
6.7043495588e+02 1.1325077437e-05
6.8112591136e+02 7.9313877126e-06
6.9182625336e+02 2.6815856935e-06
7.0253308669e+02 -1.9779457940e-07
7.1324429176e+02 -1.9892503771e-06
7.2395836319e+02 -3.7140141626e-06
7.3467426374e+02 -4.2707281589e-06
7.4539130004e+02 -3.7191440044e-06
7.5610902239e+02 -2.8616836535e-06
7.6682714778e+02 -2.0136913264e-06
7.7754550345e+02 -1.6815503645e-06
7.8826398703e+02 -1.6693922369e-06
7.9898253968e+02 -1.6987876081e-06
8.0970112858e+02 -1.7504908207e-06
8.2041973597e+02 -1.8479873109e-06
8.3113835253e+02 -1.9962940224e-06
8.4185697350e+02 -2.1811245690e-06
8.5257559653e+02 -2.3863472361e-06
8.6329422051e+02 -2.5892818428e-06
8.7401284489e+02 -2.7768986739e-06
8.8473146946e+02 -2.9397740974e-06
8.9545009410e+02 -3.0812996635e-06
9.0616871877e+02 -3.2092236573e-06
9.1688734345e+02 -3.3352865309e-06
9.2760596814e+02 -3.4642280247e-06
9.3832459282e+02 -3.5946144081e-06
9.4904321751e+02 -3.7176272907e-06
9.5976184220e+02 -3.8229694435e-06
9.7048046689e+02 -3.9009367103e-06
9.8119909158e+02 -3.9460521332e-06
9.9191771626e+02 -3.9579369372e-06
1.0026363410e+03 -3.9411533087e-06
1.0133549656e+03 -3.9023700715e-06
1.0240735903e+03 -3.8503889253e-06
1.0347922150e+03 -3.7921421152e-06
1.0455108397e+03 -3.7353961110e-06
1.0562294644e+03 -3.6856153904e-06
1.0669480891e+03 -3.6481190126e-06
1.0776667138e+03 -3.6240422035e-06
1.0883853385e+03 -3.6110622626e-06
1.0991039631e+03 -3.6022595048e-06
1.1098225878e+03 -3.5883971608e-06
1.1205412125e+03 -3.5614229577e-06
1.1312598372e+03 -3.5123961554e-06
1.1419784619e+03 -3.4396849564e-06
1.1526970866e+03 -3.3393802285e-06
1.1634157113e+03 -3.2199484827e-06
1.1741343360e+03 -3.0853025571e-06
1.1848529607e+03 -2.9512315197e-06
1.1955715853e+03 -2.8231148227e-06
1.2062902100e+03 -2.7134476418e-06
1.2170088347e+03 -2.6219804564e-06
1.2277274594e+03 -2.5543529271e-06
1.2384460841e+03 -2.5071961337e-06
1.2491647088e+03 -2.4826587446e-06
1.2598833335e+03 -2.4765269082e-06
1.2706019582e+03 -2.4870926977e-06
1.2813205828e+03 -2.5073474599e-06
1.2920392075e+03 -2.5322057157e-06
1.3027578322e+03 -2.5535490142e-06
1.3134764569e+03 -2.5702553713e-06
1.3241950816e+03 -2.5811696874e-06
1.3349137063e+03 -2.5948942822e-06
1.3456323310e+03 -2.6126862088e-06
1.3563509557e+03 -2.6425639434e-06
1.3670695803e+03 -2.6806113934e-06
1.3777882050e+03 -2.7330009225e-06
1.3885068297e+03 -2.7929190939e-06
1.3992254544e+03 -2.8635715090e-06
1.4099440791e+03 -2.9356937890e-06
1.4206627038e+03 -3.0110869135e-06
1.4313813285e+03 -3.0807427391e-06
1.4420999532e+03 -3.1442052738e-06
1.4528185779e+03 -3.1909193021e-06
1.4635372025e+03 -3.2197193798e-06
1.4742558272e+03 -3.2233748196e-06
1.4849744519e+03 -3.2051445147e-06
1.4956930766e+03 -3.1636211671e-06
1.5064117013e+03 -3.1083523335e-06
1.5171303260e+03 -3.0441306238e-06
1.5278489507e+03 -2.9845785659e-06
1.5385675754e+03 -2.9297260901e-06
1.5492862000e+03 -2.8840480747e-06
1.5600048247e+03 -2.8329096207e-06
1.5707234494e+03 -2.7775871342e-06
1.5814420741e+03 -2.7038950581e-06
1.5921606988e+03 -2.6252022982e-06
1.6028793235e+03 -2.5311862218e-06
1.6135979482e+03 -2.4401520647e-06
1.6243165729e+03 -2.3380633032e-06
1.6350351976e+03 -2.2464905891e-06
1.6457538222e+03 -2.1533720284e-06
1.6564724469e+03 -2.0876789838e-06
1.6671910716e+03 -2.0377462521e-06
1.6779096963e+03 -2.0306793812e-06
1.6886283210e+03 -2.0444855591e-06
1.6993469457e+03 -2.0947091958e-06
1.7100655704e+03 -2.1478652063e-06
1.7207841951e+03 -2.2149883515e-06
1.7315028197e+03 -2.2669376757e-06
1.7422214444e+03 -2.3220782896e-06
1.7529400691e+03 -2.3593258617e-06
1.7636586938e+03 -2.3993201771e-06
1.7743773185e+03 -2.4247473125e-06
1.7850959432e+03 -2.4583033399e-06
1.7958145679e+03 -2.4873853214e-06
1.8065331926e+03 -2.5337002550e-06
1.8172518173e+03 -2.5797348642e-06
1.8279704419e+03 -2.6364924971e-06
1.8386890666e+03 -2.6769892573e-06
1.8494076913e+03 -2.7096718776e-06
1.8601263160e+03 -2.7109657331e-06
1.8708449407e+03 -2.7007468966e-06
1.8815635654e+03 -2.6629197331e-06
1.8922821901e+03 -2.6249192102e-06
1.9030008148e+03 -2.5686859039e-06
1.9137194394e+03 -2.5213554968e-06
1.9244380641e+03 -2.4628049145e-06
1.9351566888e+03 -2.4232733370e-06
1.9458753135e+03 -2.3816753178e-06
1.9565939382e+03 -2.3640880056e-06
1.9673125629e+03 -2.3385321555e-06
1.9780311876e+03 -2.3226700671e-06
1.9887498123e+03 -2.2803625865e-06
1.9994684369e+03 -2.2342285305e-06
2.0101870616e+03 -2.1569806809e-06
2.0209056863e+03 -2.0810789129e-06
2.0316243110e+03 -1.9846867959e-06
2.0423429357e+03 -1.9015325509e-06
2.0530615604e+03 -1.8077168263e-06
2.0637801851e+03 -1.7350057527e-06
2.0744988098e+03 -1.6566330413e-06
2.0852174345e+03 -1.6030845458e-06
2.0959360591e+03 -1.5435822744e-06
2.1066546838e+03 -1.5074098632e-06
2.1173733085e+03 -1.4612739707e-06
2.1280919332e+03 -1.4364502983e-06
2.1388105579e+03 -1.4005537029e-06
2.1495291826e+03 -1.3854882556e-06
2.1602478073e+03 -1.3594140993e-06
2.1709664320e+03 -1.3518735083e-06
2.1816850566e+03 -1.3347472241e-06
2.1924036813e+03 -1.3330362614e-06
2.2031223060e+03 -1.3219875670e-06
2.2138409307e+03 -1.3172111241e-06
2.2245595554e+03 -1.2994752637e-06
2.2352781801e+03 -1.2796335555e-06
2.2459968048e+03 -1.2536338213e-06
2.2567154295e+03 -1.2318134862e-06
2.2674340542e+03 -1.2226963219e-06
2.2781526788e+03 -1.2246867853e-06
2.2888713035e+03 -1.2443260480e-06
2.2995899282e+03 -1.2608410981e-06
2.3103085529e+03 -1.2789402619e-06
2.3210271776e+03 -1.2718916822e-06
2.3317458023e+03 -1.2530109255e-06
2.3424644270e+03 -1.2004134668e-06
2.3531830517e+03 -1.1346337244e-06
2.3639016763e+03 -1.0401849282e-06
2.3746203010e+03 -9.4201519440e-07
2.3853389257e+03 -8.3566916007e-07
2.3960575504e+03 -7.4557811710e-07
2.4067761751e+03 -6.7238404314e-07
2.4174947998e+03 -6.2635980133e-07
2.4282134245e+03 -6.0701343133e-07
2.4389320492e+03 -6.1011515753e-07
2.4496506739e+03 -6.3809969157e-07
2.4603692985e+03 -6.7819191732e-07
2.4710879232e+03 -7.3593204392e-07
2.4818065479e+03 -7.9279387621e-07
2.4925251726e+03 -8.5341121787e-07
2.5032437973e+03 -8.9492547745e-07
2.5139624220e+03 -9.2021674642e-07
2.5246810467e+03 -9.1354040935e-07
2.5353996714e+03 -8.8518444577e-07
2.5461182960e+03 -8.3773774056e-07
2.5568369207e+03 -7.8420805664e-07
2.5675555454e+03 -7.3576104668e-07
2.5782741701e+03 -6.9258756204e-07
2.5889927948e+03 -6.6704309598e-07
2.5997114195e+03 -6.4612935213e-07
2.6104300442e+03 -6.4828743160e-07
2.6211486689e+03 -6.5134902298e-07
2.6318672935e+03 -6.7944493046e-07
2.6425859182e+03 -6.9847566001e-07
2.6533045429e+03 -7.3511175548e-07
2.6640231676e+03 -7.4461235832e-07
2.6747417923e+03 -7.6092906684e-07
2.6854604170e+03 -7.3710676319e-07
2.6961790417e+03 -7.2243663725e-07
2.7068976664e+03 -6.7356017478e-07
2.7176162911e+03 -6.5211043294e-07
2.7283349157e+03 -6.1277087830e-07
2.7390535404e+03 -6.1057609859e-07
2.7497721651e+03 -5.9583374070e-07
2.7604907898e+03 -6.0188416145e-07
