# Reynolds stress Morkovin's scaling 
# Columns: y_plus    rho v''v''/tau_wall
3.9100267708e-01 6.6336823591e-06
1.1669246953e+00 2.0771682821e-04
1.9435303622e+00 1.2055887940e-03
2.7210037404e+00 3.7021833534e-03
3.4995481111e+00 8.2909341071e-03
4.2793829765e+00 1.5284207478e-02
5.0607410474e+00 2.4907753941e-02
5.8438654524e+00 3.7132710517e-02
6.6290073199e+00 5.1977732109e-02
7.4164238012e+00 6.9242124496e-02
8.2063765381e+00 8.8856871807e-02
8.9991305383e+00 1.1054246635e-01
9.7949533913e+00 1.3419100962e-01
1.0594114757e+01 1.5948716111e-01
1.1396886058e+01 1.8630825631e-01
1.2203540314e+01 2.1433470599e-01
1.3014352078e+01 2.4344913627e-01
1.3829597436e+01 2.7334810150e-01
1.4649554046e+01 3.0392666323e-01
1.5474501205e+01 3.3490309073e-01
1.6304719923e+01 3.6618454621e-01
1.7140493017e+01 3.9751405737e-01
1.7982105198e+01 4.2881558177e-01
1.8829843169e+01 4.5986599304e-01
1.9683995721e+01 4.9061541278e-01
2.0544853828e+01 5.2088301575e-01
2.1412710751e+01 5.5065129879e-01
2.2287862134e+01 5.7978368493e-01
2.3170606107e+01 6.0828997885e-01
2.4061243385e+01 6.3606356917e-01
2.4960077373e+01 6.6312337885e-01
2.5867414268e+01 6.8937636481e-01
2.6783563163e+01 7.1484173849e-01
2.7708836155e+01 7.3943698452e-01
2.8643548447e+01 7.6318357442e-01
2.9588018458e+01 7.8601424095e-01
3.0542567932e+01 8.0796194285e-01
3.1507522046e+01 8.2898386702e-01
3.2483209521e+01 8.4912899590e-01
3.3469962736e+01 8.6837360076e-01
3.4468117838e+01 8.8677093263e-01
3.5478014859e+01 9.0430230827e-01
3.6499997830e+01 9.2101497555e-01
3.7534414901e+01 9.3689010486e-01
3.8581618456e+01 9.5196980864e-01
3.9641965236e+01 9.6623817992e-01
4.0715816460e+01 9.7973710361e-01
4.1803537945e+01 9.9246041835e-01
4.2905500235e+01 1.0044577045e+00
4.4022078725e+01 1.0157324970e+00
4.5153653789e+01 1.0263309931e+00
4.6300610910e+01 1.0362523989e+00
4.7463340810e+01 1.0455361021e+00
4.8642239585e+01 1.0541834457e+00
4.9837708839e+01 1.0622326652e+00
5.1050155822e+01 1.0696840730e+00
5.2279993564e+01 1.0765693564e+00
5.3527641025e+01 1.0828900711e+00
5.4793523226e+01 1.0886819208e+00
5.6078071405e+01 1.0939514198e+00
5.7381723156e+01 1.0987287566e+00
5.8704922581e+01 1.1030183298e+00
6.0048120441e+01 1.1068564480e+00
6.1411774312e+01 1.1102583665e+00
6.2796348734e+01 1.1132543200e+00
6.4202315379e+01 1.1158416582e+00
6.5630153203e+01 1.1180314086e+00
6.7080348613e+01 1.1198139102e+00
6.8553395635e+01 1.1212019765e+00
7.0049796075e+01 1.1221970074e+00
7.1570059699e+01 1.1228297346e+00
7.3114704399e+01 1.1231285300e+00
7.4684256376e+01 1.1231429839e+00
7.6279250313e+01 1.1229014844e+00
7.7900229560e+01 1.1224339788e+00
7.9547746322e+01 1.1217410827e+00
8.1222361842e+01 1.1208170579e+00
8.2924646595e+01 1.1196304554e+00
8.4655180482e+01 1.1181732924e+00
8.6414553026e+01 1.1164519659e+00
8.8203363577e+01 1.1144950119e+00
9.0022221510e+01 1.1123109465e+00
9.1871746439e+01 1.1099132067e+00
9.3752568424e+01 1.1073179881e+00
9.5665328185e+01 1.1045626447e+00
9.7610677324e+01 1.1016744404e+00
9.9589278544e+01 1.0986720146e+00
1.0160180588e+02 1.0955536880e+00
1.0364894491e+02 1.0923005936e+00
1.0573139302e+02 1.0888507724e+00
1.0784985962e+02 1.0851397490e+00
1.1000506638e+02 1.0811283273e+00
1.1219774750e+02 1.0768282796e+00
1.1442864993e+02 1.0722634665e+00
1.1669853366e+02 1.0674542002e+00
1.1900817195e+02 1.0623861994e+00
1.2135835159e+02 1.0570379581e+00
1.2374987321e+02 1.0514090464e+00
1.2618355149e+02 1.0455292071e+00
1.2866021550e+02 1.0394135035e+00
1.3118070893e+02 1.0330808803e+00
1.3374589042e+02 1.0265633021e+00
1.3635663383e+02 1.0198797465e+00
1.3901382852e+02 1.0130428510e+00
1.4171837970e+02 1.0060709672e+00
1.4447120871e+02 9.9897280666e-01
1.4727325332e+02 9.9173426831e-01
1.5012546808e+02 9.8430326835e-01
1.5302882462e+02 9.7663725738e-01
1.5598431200e+02 9.6871696634e-01
1.5899293705e+02 9.6050865598e-01
1.6205572468e+02 9.5197794260e-01
1.6517371825e+02 9.4315733257e-01
1.6834797995e+02 9.3409687238e-01
1.7157959112e+02 9.2480492692e-01
1.7486965264e+02 9.1530577036e-01
1.7821928531e+02 9.0565713213e-01
1.8162963021e+02 8.9589201189e-01
1.8510184912e+02 8.8598626154e-01
1.8863712487e+02 8.7595276961e-01
1.9223666179e+02 8.6572273795e-01
1.9590168612e+02 8.5522488934e-01
1.9963344636e+02 8.4449071844e-01
2.0343321380e+02 8.3354802053e-01
2.0730228285e+02 8.2237812314e-01
2.1124197156e+02 8.1101933360e-01
2.1525362201e+02 7.9948232799e-01
2.1933860083e+02 7.8767026418e-01
2.2349829959e+02 7.7532029622e-01
2.2773413535e+02 7.6237864983e-01
2.3204755109e+02 7.4906010416e-01
2.3644001621e+02 7.3549915327e-01
2.4091302705e+02 7.2163368337e-01
2.4546810739e+02 7.0741004899e-01
2.5010680897e+02 6.9280272283e-01
2.5483071201e+02 6.7784716980e-01
2.5964142574e+02 6.6260611067e-01
2.6454058900e+02 6.4713213259e-01
2.6952987074e+02 6.3148810909e-01
2.7461097059e+02 6.1562700519e-01
2.7978561950e+02 5.9962341863e-01
2.8505558025e+02 5.8349021432e-01
2.9042264812e+02 5.6719486144e-01
2.9588865145e+02 5.5069175664e-01
3.0145545230e+02 5.3410880342e-01
3.0712494704e+02 5.1747100580e-01
3.1289906706e+02 5.0052316068e-01
3.1877977936e+02 4.8323657223e-01
3.2476908727e+02 4.6587946991e-01
3.3086903110e+02 4.4834043256e-01
3.3708168886e+02 4.3048805500e-01
3.4340917693e+02 4.1213210914e-01
3.4985365079e+02 3.9332836498e-01
3.5641730571e+02 3.7447432278e-01
3.6310237742e+02 3.5578859356e-01
3.6991114271e+02 3.3712082661e-01
3.7684591986e+02 3.1855067642e-01
3.8390906882e+02 3.0026202141e-01
3.9110299071e+02 2.8211948761e-01
3.9843012636e+02 2.6398329888e-01
4.0589295306e+02 2.4580988136e-01
4.1349397829e+02 2.2783302747e-01
4.2123572889e+02 2.1014989592e-01
4.2912073304e+02 1.9297336902e-01
4.3715149217e+02 1.7640021063e-01
4.4533043852e+02 1.6029627715e-01
4.5365987429e+02 1.4483452491e-01
4.6214188770e+02 1.3010993706e-01
4.7077824235e+02 1.1619316350e-01
4.7957023817e+02 1.0305657609e-01
4.8851854519e+02 9.0798185440e-02
4.9762301594e+02 7.9518271564e-02
5.0688248733e+02 6.9173258781e-02
5.1629458829e+02 5.9695762095e-02
5.2585557360e+02 5.1216100521e-02
5.3556020708e+02 4.3725551907e-02
5.4540171575e+02 3.7123386562e-02
5.5537183282e+02 3.1434526529e-02
5.6546093828e+02 2.6606875267e-02
5.7565829575e+02 2.2493784400e-02
5.8595237151e+02 1.9029859511e-02
5.9633121136e+02 1.6132981616e-02
6.0678284256e+02 1.3701035496e-02
6.1729566514e+02 1.1670650745e-02
6.2785879892e+02 9.9871738344e-03
6.3846235889e+02 8.5924950276e-03
6.4909764242e+02 7.4393142055e-03
6.5975722295e+02 6.4829847382e-03
6.7043495588e+02 5.6850177767e-03
6.8112591136e+02 5.0120537874e-03
6.9182625336e+02 4.4469547679e-03
7.0253308669e+02 3.9729272252e-03
7.1324429176e+02 3.5690177986e-03
7.2395836319e+02 3.2202959377e-03
7.3467426374e+02 2.9149316296e-03
7.4539130004e+02 2.6449370393e-03
7.5610902239e+02 2.4070075747e-03
7.6682714778e+02 2.1976114265e-03
7.7754550345e+02 2.0123101001e-03
7.8826398703e+02 1.8473057928e-03
7.9898253968e+02 1.6998942823e-03
8.0970112858e+02 1.5677098705e-03
8.2041973597e+02 1.4488840730e-03
8.3113835253e+02 1.3417282300e-03
8.4185697350e+02 1.2449060370e-03
8.5257559653e+02 1.1571867322e-03
8.6329422051e+02 1.0775874321e-03
8.7401284489e+02 1.0051973796e-03
8.8473146946e+02 9.3927427746e-04
8.9545009410e+02 8.7911856527e-04
9.0616871877e+02 8.2413877409e-04
9.1688734345e+02 7.7378698376e-04
9.2760596814e+02 7.2759745020e-04
9.3832459282e+02 6.8514094143e-04
9.4904321751e+02 6.4604549690e-04
9.5976184220e+02 6.0996865841e-04
9.7048046689e+02 5.7663063142e-04
9.8119909158e+02 5.4577660753e-04
9.9191771626e+02 5.1720503812e-04
1.0026363410e+03 4.9071585327e-04
1.0133549656e+03 4.6615449833e-04
1.0240735903e+03 4.4335534002e-04
1.0347922150e+03 4.2220119700e-04
1.0455108397e+03 4.0253886255e-04
1.0562294644e+03 3.8426533503e-04
1.0669480891e+03 3.6722900022e-04
1.0776667138e+03 3.5134281453e-04
1.0883853385e+03 3.3647146049e-04
1.0991039631e+03 3.2255081723e-04
1.1098225878e+03 3.0947469374e-04
1.1205412125e+03 2.9720924095e-04
1.1312598372e+03 2.8567766018e-04
1.1419784619e+03 2.7486050137e-04
1.1526970866e+03 2.6468706243e-04
1.1634157113e+03 2.5513156074e-04
1.1741343360e+03 2.4612332291e-04
1.1848529607e+03 2.3764157813e-04
1.1955715853e+03 2.2963429051e-04
1.2062902100e+03 2.2209807184e-04
1.2170088347e+03 2.1498795885e-04
1.2277274594e+03 2.0829639527e-04
1.2384460841e+03 2.0197024270e-04
1.2491647088e+03 1.9600700261e-04
1.2598833335e+03 1.9036414039e-04
1.2706019582e+03 1.8505186802e-04
1.2813205828e+03 1.8002582541e-04
1.2920392075e+03 1.7529117795e-04
1.3027578322e+03 1.7079371587e-04
1.3134764569e+03 1.6653676750e-04
1.3241950816e+03 1.6246786317e-04
1.3349137063e+03 1.5859836575e-04
1.3456323310e+03 1.5488463658e-04
1.3563509557e+03 1.5134527137e-04
1.3670695803e+03 1.4794332607e-04
1.3777882050e+03 1.4470122155e-04
1.3885068297e+03 1.4158636488e-04
1.3992254544e+03 1.3862238675e-04
1.4099440791e+03 1.3577839753e-04
1.4206627038e+03 1.3307779693e-04
1.4313813285e+03 1.3048783616e-04
1.4420999532e+03 1.2802918118e-04
1.4528185779e+03 1.2566503673e-04
1.4635372025e+03 1.2341777819e-04
1.4742558272e+03 1.2125361474e-04
1.4849744519e+03 1.1920503630e-04
1.4956930766e+03 1.1724036769e-04
1.5064117013e+03 1.1539257822e-04
1.5171303260e+03 1.1361802791e-04
1.5278489507e+03 1.1194735447e-04
1.5385675754e+03 1.1033454502e-04
1.5492862000e+03 1.0881993594e-04
1.5600048247e+03 1.0735808609e-04
1.5707234494e+03 1.0599285647e-04
1.5814420741e+03 1.0467404884e-04
1.5921606988e+03 1.0344490757e-04
1.6028793235e+03 1.0224943721e-04
1.6135979482e+03 1.0112910329e-04
1.6243165729e+03 1.0002675733e-04
1.6350351976e+03 9.8988903791e-05
1.6457538222e+03 9.7964533571e-05
1.6564724469e+03 9.7005902385e-05
1.6671910716e+03 9.6063925412e-05
1.6779096963e+03 9.5187119354e-05
1.6886283210e+03 9.4321371926e-05
1.6993469457e+03 9.3510760418e-05
1.7100655704e+03 9.2701406327e-05
1.7207841951e+03 9.1937354314e-05
1.7315028197e+03 9.1166202187e-05
1.7422214444e+03 9.0432126368e-05
1.7529400691e+03 8.9687863122e-05
1.7636586938e+03 8.8979961746e-05
1.7743773185e+03 8.8267276813e-05
1.7850959432e+03 8.7597520134e-05
1.7958145679e+03 8.6936711145e-05
1.8065331926e+03 8.6333109710e-05
1.8172518173e+03 8.5753733362e-05
1.8279704419e+03 8.5235319291e-05
1.8386890666e+03 8.4736216899e-05
1.8494076913e+03 8.4283442360e-05
1.8601263160e+03 8.3840618954e-05
1.8708449407e+03 8.3440492581e-05
1.8815635654e+03 8.3056925508e-05
1.8922821901e+03 8.2718747564e-05
1.9030008148e+03 8.2392995434e-05
1.9137194394e+03 8.2096132066e-05
1.9244380641e+03 8.1790845116e-05
1.9351566888e+03 8.1498828591e-05
1.9458753135e+03 8.1192471309e-05
1.9565939382e+03 8.0910731135e-05
1.9673125629e+03 8.0630314605e-05
1.9780311876e+03 8.0398309603e-05
1.9887498123e+03 8.0176990291e-05
1.9994684369e+03 8.0011507351e-05
2.0101870616e+03 7.9844309759e-05
2.0209056863e+03 7.9726495752e-05
2.0316243110e+03 7.9592479454e-05
2.0423429357e+03 7.9512119942e-05
2.0530615604e+03 7.9418105122e-05
2.0637801851e+03 7.9396673348e-05
2.0744988098e+03 7.9368202020e-05
2.0852174345e+03 7.9421969819e-05
2.0959360591e+03 7.9456005163e-05
2.1066546838e+03 7.9566126804e-05
2.1173733085e+03 7.9634150451e-05
2.1280919332e+03 7.9770940595e-05
2.1388105579e+03 7.9839569217e-05
2.1495291826e+03 7.9967493853e-05
2.1602478073e+03 8.0002513568e-05
2.1709664320e+03 8.0094328269e-05
2.1816850566e+03 8.0079680564e-05
2.1924036813e+03 8.0127769288e-05
2.2031223060e+03 8.0066273727e-05
2.2138409307e+03 8.0075727853e-05
2.2245595554e+03 7.9972271904e-05
2.2352781801e+03 7.9939054960e-05
2.2459968048e+03 7.9784484996e-05
2.2567154295e+03 7.9700108441e-05
2.2674340542e+03 7.9492646206e-05
2.2781526788e+03 7.9358566265e-05
2.2888713035e+03 7.9092489398e-05
2.2995899282e+03 7.8890554157e-05
2.3103085529e+03 7.8540361573e-05
2.3210271776e+03 7.8256204916e-05
2.3317458023e+03 7.7830939143e-05
2.3424644270e+03 7.7503894054e-05
2.3531830517e+03 7.7059720622e-05
2.3639016763e+03 7.6751575956e-05
2.3746203010e+03 7.6340537915e-05
2.3853389257e+03 7.6094233686e-05
2.3960575504e+03 7.5751068572e-05
2.4067761751e+03 7.5599777833e-05
2.4174947998e+03 7.5351713805e-05
2.4282134245e+03 7.5315124392e-05
2.4389320492e+03 7.5163733069e-05
2.4496506739e+03 7.5232433326e-05
2.4603692985e+03 7.5154913644e-05
2.4710879232e+03 7.5310033990e-05
2.4818065479e+03 7.5280168170e-05
2.4925251726e+03 7.5496650785e-05
2.5032437973e+03 7.5467853733e-05
2.5139624220e+03 7.5692097374e-05
2.5246810467e+03 7.5587594240e-05
2.5353996714e+03 7.5744374846e-05
2.5461182960e+03 7.5472076360e-05
2.5568369207e+03 7.5479101571e-05
2.5675555454e+03 7.4943424469e-05
2.5782741701e+03 7.4723950141e-05
2.5889927948e+03 7.3829386341e-05
2.5997114195e+03 7.3300820648e-05
2.6104300442e+03 7.1927188735e-05
2.6211486689e+03 7.0972187039e-05
2.6318672935e+03 6.8952900150e-05
2.6425859182e+03 6.7408028562e-05
2.6533045429e+03 6.4548843503e-05
2.6640231676e+03 6.2253011092e-05
2.6747417923e+03 5.8427185147e-05
2.6854604170e+03 5.5336312062e-05
2.6961790417e+03 5.0671957498e-05
2.7068976664e+03 4.7062391855e-05
2.7176162911e+03 4.2244632843e-05
2.7283349157e+03 3.8951308829e-05
2.7390535404e+03 3.5396861652e-05
2.7497721651e+03 3.3766235285e-05
2.7604907898e+03 3.3090711225e-05
