# Turbulent kinetic energy budget term: phi (viscous dissipation)
# Definition: phi = \overline{\sigma_{ij}' \partial u_i'' / \partial x_j}
# Columns: y_plus    phi^+
3.8646263475e-01 -2.3437745904e-01
1.1533752036e+00 -2.1150829952e-01
1.9209634831e+00 -1.9909465862e-01
2.6894093988e+00 -1.8775787833e-01
3.4589138713e+00 -1.7626495279e-01
4.2296938542e+00 -1.6552539587e-01
5.0019793562e+00 -1.5682822781e-01
5.7760106829e+00 -1.5081299636e-01
6.5520360469e+00 -1.4735976340e-01
7.3303096133e+00 -1.4583153052e-01
8.1110899864e+00 -1.4542613766e-01
8.8946390963e+00 -1.4540605581e-01
9.6812214258e+00 -1.4524947593e-01
1.0471103504e+01 -1.4466748371e-01
1.1264553601e+01 -1.4356039297e-01
1.2061841567e+01 -1.4192412866e-01
1.2863238767e+01 -1.3979927412e-01
1.3669018081e+01 -1.3726105942e-01
1.4479453944e+01 -1.3442179667e-01
1.5294822408e+01 -1.3140728333e-01
1.6115401223e+01 -1.2832343921e-01
1.6941469919e+01 -1.2522760219e-01
1.7773309905e+01 -1.2213203714e-01
1.8611204551e+01 -1.1903160458e-01
1.9455439297e+01 -1.1592738956e-01
2.0306301738e+01 -1.1282691182e-01
2.1164081729e+01 -1.0973791341e-01
2.2029071483e+01 -1.0666874710e-01
2.2901565666e+01 -1.0363425791e-01
2.3781861504e+01 -1.0065104688e-01
2.4670258877e+01 -9.7727641047e-02
2.5567060427e+01 -9.4864868750e-02
2.6472571660e+01 -9.2066028570e-02
2.7387101046e+01 -8.9340989765e-02
2.8310960130e+01 -8.6705684724e-02
2.9244463634e+01 -8.4175851584e-02
3.0187929564e+01 -8.1753461968e-02
3.1141679324e+01 -7.9426183767e-02
3.2106037817e+01 -7.7180794816e-02
3.3081333562e+01 -7.5004531271e-02
3.4067898803e+01 -7.2883796653e-02
3.5066069625e+01 -7.0811848042e-02
3.6076186064e+01 -6.8794988241e-02
3.7098592226e+01 -6.6843322356e-02
3.8133636406e+01 -6.4962182911e-02
3.9181671201e+01 -6.3157624304e-02
4.0243053635e+01 -6.1435110181e-02
4.1318145279e+01 -5.9787216884e-02
4.2407312375e+01 -5.8201004910e-02
4.3510925957e+01 -5.6674757810e-02
4.4629361984e+01 -5.5211095257e-02
4.5763001462e+01 -5.3803302502e-02
4.6912230577e+01 -5.2436720071e-02
4.8077440826e+01 -5.1094810761e-02
4.9259029150e+01 -4.9773184217e-02
5.0457398069e+01 -4.8490505638e-02
5.1672955819e+01 -4.7264816890e-02
5.2906116493e+01 -4.6096108350e-02
5.4157300179e+01 -4.4977702112e-02
5.5426933107e+01 -4.3897374027e-02
5.6715447790e+01 -4.2843076592e-02
5.8023283173e+01 -4.1816386635e-02
5.9350884784e+01 -4.0824711104e-02
6.0698704885e+01 -3.9871171779e-02
6.2067202624e+01 -3.8954226160e-02
6.3456844193e+01 -3.8068978105e-02
6.4868102990e+01 -3.7220738831e-02
6.6301459772e+01 -3.6418430125e-02
6.7757402829e+01 -3.5654723001e-02
6.9236428142e+01 -3.4914600542e-02
7.0739039556e+01 -3.4180174785e-02
7.2265748952e+01 -3.3447641786e-02
7.3817076418e+01 -3.2737608209e-02
7.5393550430e+01 -3.2062579199e-02
7.6995708031e+01 -3.1406677368e-02
7.8624095011e+01 -3.0754916683e-02
8.0279266098e+01 -3.0113786470e-02
8.1961785143e+01 -2.9488936829e-02
8.3672225313e+01 -2.8869889714e-02
8.5411169286e+01 -2.8251020387e-02
8.7179209453e+01 -2.7639461831e-02
8.8976948115e+01 -2.7063110853e-02
9.0804997688e+01 -2.6527664827e-02
9.2663980918e+01 -2.6014167266e-02
9.4554531086e+01 -2.5515614540e-02
9.6477292228e+01 -2.5037164419e-02
9.8432919351e+01 -2.4571105185e-02
1.0042207866e+02 -2.4109031484e-02
1.0244544778e+02 -2.3655324245e-02
1.0450371600e+02 -2.3213236765e-02
1.0659758449e+02 -2.2773459954e-02
1.0872776654e+02 -2.2323096280e-02
1.1089498782e+02 -2.1871542485e-02
1.1309998661e+02 -2.1431861287e-02
1.1534351409e+02 -2.1003034046e-02
1.1762633451e+02 -2.0596433275e-02
1.1994922556e+02 -2.0204335051e-02
1.2231297854e+02 -1.9813759197e-02
1.2471839870e+02 -1.9434973760e-02
1.2716630546e+02 -1.9060004080e-02
1.2965753273e+02 -1.8692864660e-02
1.3219292918e+02 -1.8330883738e-02
1.3477335850e+02 -1.7953554725e-02
1.3739969976e+02 -1.7564501132e-02
1.4007284764e+02 -1.7187578087e-02
1.4279371277e+02 -1.6833370344e-02
1.4556322205e+02 -1.6494706263e-02
1.4838231894e+02 -1.6166926300e-02
1.5125196379e+02 -1.5850748138e-02
1.5417313418e+02 -1.5549857984e-02
1.5714682523e+02 -1.5255495738e-02
1.6017404996e+02 -1.4952910968e-02
1.6325583964e+02 -1.4655818067e-02
1.6639324409e+02 -1.4363190718e-02
1.6958733211e+02 -1.4065289758e-02
1.7283919180e+02 -1.3755255490e-02
1.7614993094e+02 -1.3438060913e-02
1.7952067737e+02 -1.3134277280e-02
1.8295257936e+02 -1.2848027645e-02
1.8644680602e+02 -1.2565163385e-02
1.9000454771e+02 -1.2276674350e-02
1.9362701641e+02 -1.1998050429e-02
1.9731544613e+02 -1.1724746264e-02
2.0107109340e+02 -1.1453327736e-02
2.0489523759e+02 -1.1171165086e-02
2.0878918146e+02 -1.0877431449e-02
2.1275425151e+02 -1.0602441146e-02
2.1679179849e+02 -1.0336934269e-02
2.2090319782e+02 -1.0072884995e-02
2.2508985010e+02 -9.7993046534e-03
2.2935318154e+02 -9.5143681948e-03
2.3369464451e+02 -9.2316939548e-03
2.3811571797e+02 -8.9564632655e-03
2.4261790799e+02 -8.6959541911e-03
2.4720274829e+02 -8.4289974120e-03
2.5187180076e+02 -8.1530358442e-03
2.5662665594e+02 -7.8795615471e-03
2.6146893364e+02 -7.6160555048e-03
2.6640028341e+02 -7.3497202286e-03
2.7142238519e+02 -7.0896685212e-03
2.7653694978e+02 -6.8179344179e-03
2.8174571954e+02 -6.5363871197e-03
2.8705046887e+02 -6.2690117646e-03
2.9245300490e+02 -6.0043004658e-03
2.9795516805e+02 -5.7242738114e-03
3.0355883269e+02 -5.4535840424e-03
3.0926590777e+02 -5.1957382626e-03
3.1507833746e+02 -4.9464595874e-03
3.2099810182e+02 -4.7017180647e-03
3.2702721749e+02 -4.4439434590e-03
3.3316773833e+02 -4.1823684047e-03
3.3942175615e+02 -3.9270561420e-03
3.4579140141e+02 -3.6795567899e-03
3.5227884389e+02 -3.4285432043e-03
3.5888629334e+02 -3.1793160460e-03
3.6561600013e+02 -2.9374672407e-03
3.7247025564e+02 -2.7138371143e-03
3.7945139238e+02 -2.4971805762e-03
3.8656178361e+02 -2.2876254503e-03
3.9380384183e+02 -2.0836628572e-03
4.0118001554e+02 -1.8859456132e-03
4.0869278313e+02 -1.6922267551e-03
4.1634464207e+02 -1.5078943997e-03
4.2413809122e+02 -1.3374651868e-03
4.3207560294e+02 -1.1762422965e-03
4.4015958123e+02 -1.0259825921e-03
4.4839230158e+02 -8.9039543657e-04
4.5677582794e+02 -7.6200100135e-04
4.6531190345e+02 -6.4546803187e-04
4.7400181292e+02 -5.4188138743e-04
4.8284621863e+02 -4.5209855971e-04
4.9184497480e+02 -3.7242066242e-04
5.0099693186e+02 -3.0481494967e-04
5.1029974625e+02 -2.4662890646e-04
5.1974971627e+02 -1.9632327296e-04
5.2934166651e+02 -1.5533852155e-04
5.3906890265e+02 -1.2162550640e-04
5.4892325388e+02 -9.3834155627e-05
5.5889521190e+02 -7.1118011127e-05
5.6897416497e+02 -5.3454897418e-05
5.7914871332e+02 -3.9534631210e-05
5.8940704153e+02 -2.9411484119e-05
5.9973731589e+02 -2.1593948125e-05
6.1012807113e+02 -1.5821245107e-05
6.2056855339e+02 -1.1829127332e-05
6.3104899243e+02 -8.8791257594e-06
6.4156078668e+02 -6.6586634732e-06
6.5209659581e+02 -4.8956353720e-06
6.6265034658e+02 -3.5776909202e-06
6.7321716636e+02 -2.7138125037e-06
6.8379326367e+02 -2.1084838676e-06
6.9437577694e+02 -1.6799480245e-06
7.0496261119e+02 -1.3925305700e-06
7.1555227852e+02 -1.1492717136e-06
7.2614375372e+02 -9.4369880657e-07
7.3673635149e+02 -8.1394445293e-07
7.4732962734e+02 -7.2389420404e-07
7.5792330156e+02 -6.2630935647e-07
7.6851720338e+02 -5.6059930940e-07
7.7911123163e+02 -5.1124185871e-07
7.8970532814e+02 -4.7187332506e-07
8.0029946048e+02 -4.3951947324e-07
8.1089361110e+02 -4.1245637354e-07
8.2148777078e+02 -3.8967351164e-07
8.3208193482e+02 -3.7042244642e-07
8.4267610090e+02 -3.5408986368e-07
8.5327026791e+02 -3.4018719417e-07
8.6386443532e+02 -3.2826681079e-07
8.7445860292e+02 -3.1805215332e-07
8.8505277058e+02 -3.0927421405e-07
8.9564693828e+02 -3.0177135961e-07
9.0624110599e+02 -2.9536164899e-07
9.1683527370e+02 -2.8993195794e-07
9.2742944141e+02 -2.8534790019e-07
9.3802360913e+02 -2.8153492739e-07
9.4861777684e+02 -2.7837796206e-07
9.5921194456e+02 -2.7579568956e-07
9.6980611227e+02 -2.7367679129e-07
9.8040027999e+02 -2.7195985525e-07
9.9099444770e+02 -2.7060620199e-07
1.0015886154e+03 -2.6959238624e-07
1.0121827831e+03 -2.6889811405e-07
1.0227769508e+03 -2.6849706667e-07
1.0333711186e+03 -2.6835619536e-07
1.0439652863e+03 -2.6843616421e-07
1.0545594540e+03 -2.6868689566e-07
1.0651536217e+03 -2.6906741026e-07
1.0757477894e+03 -2.6955560370e-07
1.0863419571e+03 -2.7016149933e-07
1.0969361249e+03 -2.7092080893e-07
1.1075302926e+03 -2.7185336118e-07
1.1181244603e+03 -2.7295119172e-07
1.1287186280e+03 -2.7417999927e-07
1.1393127957e+03 -2.7549431824e-07
1.1499069634e+03 -2.7687025830e-07
1.1605011311e+03 -2.7827321778e-07
1.1710952989e+03 -2.7970179769e-07
1.1816894666e+03 -2.8113546320e-07
1.1922836343e+03 -2.8258394144e-07
1.2028778020e+03 -2.8402467514e-07
1.2134719697e+03 -2.8546650884e-07
1.2240661374e+03 -2.8690146861e-07
1.2346603051e+03 -2.8836577291e-07
1.2452544729e+03 -2.8986306203e-07
1.2558486406e+03 -2.9141391618e-07
1.2664428083e+03 -2.9298910058e-07
1.2770369760e+03 -2.9459044828e-07
1.2876311437e+03 -2.9620234746e-07
1.2982253114e+03 -2.9785877342e-07
1.3088194791e+03 -2.9957098343e-07
1.3194136469e+03 -3.0136213445e-07
1.3300078146e+03 -3.0320285877e-07
1.3406019823e+03 -3.0505205900e-07
1.3511961500e+03 -3.0686964656e-07
1.3617903177e+03 -3.0862867265e-07
1.3723844854e+03 -3.1033634314e-07
1.3829786531e+03 -3.1198149342e-07
1.3935728209e+03 -3.1360360413e-07
1.4041669886e+03 -3.1521014321e-07
1.4147611563e+03 -3.1685809675e-07
1.4253553240e+03 -3.1853460440e-07
1.4359494917e+03 -3.2026438673e-07
1.4465436594e+03 -3.2202066631e-07
1.4571378272e+03 -3.2383049974e-07
1.4677319949e+03 -3.2567915880e-07
1.4783261626e+03 -3.2756242856e-07
1.4889203303e+03 -3.2943353718e-07
1.4995144980e+03 -3.3126938952e-07
1.5101086657e+03 -3.3305520097e-07
1.5207028334e+03 -3.3481668969e-07
1.5312970012e+03 -3.3657403633e-07
1.5418911689e+03 -3.3835483998e-07
1.5524853366e+03 -3.4016116460e-07
1.5630795043e+03 -3.4199912170e-07
1.5736736720e+03 -3.4385062884e-07
1.5842678397e+03 -3.4570852500e-07
1.5948620074e+03 -3.4753720271e-07
1.6054561752e+03 -3.4933497475e-07
1.6160503429e+03 -3.5106492781e-07
1.6266445106e+03 -3.5273884249e-07
1.6372386783e+03 -3.5432980580e-07
1.6478328460e+03 -3.5588004105e-07
1.6584270137e+03 -3.5737270125e-07
1.6690211814e+03 -3.5885736664e-07
1.6796153492e+03 -3.6030661697e-07
1.6902095169e+03 -3.6175379924e-07
1.7008036846e+03 -3.6315433977e-07
1.7113978523e+03 -3.6451449842e-07
1.7219920200e+03 -3.6578847937e-07
1.7325861877e+03 -3.6699146562e-07
1.7431803555e+03 -3.6814539145e-07
1.7537745232e+03 -3.6930478702e-07
1.7643686909e+03 -3.7051501714e-07
1.7749628586e+03 -3.7177990564e-07
1.7855570263e+03 -3.7310380636e-07
1.7961511940e+03 -3.7446654407e-07
1.8067453617e+03 -3.7586431393e-07
1.8173395295e+03 -3.7729840074e-07
1.8279336972e+03 -3.7874262300e-07
1.8385278649e+03 -3.8023591231e-07
1.8491220326e+03 -3.8171602559e-07
1.8597162003e+03 -3.8325328880e-07
1.8703103680e+03 -3.8475192112e-07
1.8809045357e+03 -3.8632101499e-07
1.8914987035e+03 -3.8785052548e-07
1.9020928712e+03 -3.8944576663e-07
1.9126870389e+03 -3.9097224630e-07
1.9232812066e+03 -3.9252908847e-07
1.9338753743e+03 -3.9400397065e-07
1.9444695420e+03 -3.9549530698e-07
1.9550637097e+03 -3.9689387714e-07
1.9656578775e+03 -3.9826953491e-07
1.9762520452e+03 -3.9951753947e-07
1.9868462129e+03 -4.0073247270e-07
1.9974403806e+03 -4.0183730984e-07
2.0080345483e+03 -4.0294672197e-07
2.0186287160e+03 -4.0395735278e-07
2.0292228837e+03 -4.0498698047e-07
2.0398170515e+03 -4.0591567439e-07
2.0504112192e+03 -4.0687108356e-07
2.0610053869e+03 -4.0773701089e-07
2.0715995546e+03 -4.0863000259e-07
2.0821937223e+03 -4.0946943583e-07
2.0927878900e+03 -4.1034883669e-07
2.1033820578e+03 -4.1125540757e-07
2.1139762255e+03 -4.1221745601e-07
2.1245703932e+03 -4.1328202666e-07
2.1351645609e+03 -4.1434886598e-07
2.1457587286e+03 -4.1553673466e-07
2.1563528963e+03 -4.1657460283e-07
2.1669470640e+03 -4.1768900417e-07
2.1775412318e+03 -4.1846279499e-07
2.1881353995e+03 -4.1930704265e-07
2.1987295672e+03 -4.1971215318e-07
2.2093237349e+03 -4.2024525838e-07
2.2199179026e+03 -4.2030762337e-07
2.2305120703e+03 -4.2054395655e-07
2.2411062380e+03 -4.2033642602e-07
2.2517004058e+03 -4.2033530737e-07
2.2622945735e+03 -4.2000320984e-07
2.2728887412e+03 -4.1988265888e-07
2.2834829089e+03 -4.1961677245e-07
2.2940770766e+03 -4.1953073663e-07
2.3046712443e+03 -4.1954458176e-07
2.3152654120e+03 -4.1968607680e-07
2.3258595798e+03 -4.2020384543e-07
2.3364537475e+03 -4.2075254979e-07
2.3470479152e+03 -4.2187392501e-07
2.3576420829e+03 -4.2280075028e-07
2.3682362506e+03 -4.2437506112e-07
2.3788304183e+03 -4.2547691137e-07
2.3894245861e+03 -4.2725588513e-07
2.4000187538e+03 -4.2827448993e-07
2.4106129215e+03 -4.2995692210e-07
2.4212070892e+03 -4.3058154412e-07
2.4318012569e+03 -4.3182740566e-07
2.4423954246e+03 -4.3173615998e-07
2.4529895923e+03 -4.3230563697e-07
2.4635837601e+03 -4.3143304677e-07
2.4741779278e+03 -4.3148113555e-07
2.4847720955e+03 -4.3014395064e-07
2.4953662632e+03 -4.3007644364e-07
2.5059604309e+03 -4.2866954901e-07
2.5165545986e+03 -4.2885819767e-07
2.5271487663e+03 -4.2774921002e-07
2.5377429341e+03 -4.2855313056e-07
2.5483371018e+03 -4.2820530258e-07
2.5589312695e+03 -4.3006040697e-07
2.5695254372e+03 -4.3124128493e-07
2.5801196049e+03 -4.3480162266e-07
2.5907137726e+03 -4.3882902329e-07
2.6013079403e+03 -4.4502743716e-07
2.6119021081e+03 -4.5383592619e-07
2.6224962758e+03 -4.6390786369e-07
2.6330904435e+03 -4.7989104234e-07
2.6436846112e+03 -4.9523837593e-07
2.6542787789e+03 -5.2002187559e-07
2.6648729466e+03 -5.4075288135e-07
2.6754671143e+03 -5.7196876168e-07
2.6860612821e+03 -5.9422539499e-07
2.6966554498e+03 -6.2282588961e-07
2.7072496175e+03 -6.3881557687e-07
2.7178437852e+03 -6.5319351952e-07
2.7284379529e+03 -6.7604885526e-07
