# Ratio of production contributions: P_vw / P_uv
# Columns: y_plus    P_vw_over_P_uv
3.8646263475e-01 7.4646232877e-07
1.1533752036e+00 9.8957300900e-07
1.9209634831e+00 8.9313524796e-07
2.6894093988e+00 7.2952586698e-07
3.4589138713e+00 5.7073397199e-07
4.2296938542e+00 4.6145895395e-07
5.0019793562e+00 4.1565034550e-07
5.7760106829e+00 4.2105719130e-07
6.5520360469e+00 4.5758827085e-07
7.3303096133e+00 5.1405022697e-07
8.1110899864e+00 5.9415658646e-07
8.8946390963e+00 7.1519443044e-07
9.6812214258e+00 9.0279211068e-07
1.0471103504e+01 1.1824996866e-06
1.1264553601e+01 1.5738000348e-06
1.2061841567e+01 2.0785903200e-06
1.2863238767e+01 2.6699108258e-06
1.3669018081e+01 3.2810403972e-06
1.4479453944e+01 3.8180684952e-06
1.5294822408e+01 4.1834337226e-06
1.6115401223e+01 4.3100021506e-06
1.6941469919e+01 4.1800446599e-06
1.7773309905e+01 3.8364356271e-06
1.8611204551e+01 3.3600309910e-06
1.9455439297e+01 2.8322182050e-06
2.0306301738e+01 2.2901222291e-06
2.1164081729e+01 1.7172868065e-06
2.2029071483e+01 1.0641344718e-06
2.2901565666e+01 2.8783559473e-07
2.3781861504e+01 -6.2619495873e-07
2.4670258877e+01 -1.6763051214e-06
2.5567060427e+01 -2.8925882643e-06
2.6472571660e+01 -4.3639516819e-06
2.7387101046e+01 -6.2056562852e-06
2.8310960130e+01 -8.4865686080e-06
2.9244463634e+01 -1.1159735446e-05
3.0187929564e+01 -1.4037824464e-05
3.1141679324e+01 -1.6847248742e-05
3.2106037817e+01 -1.9295603647e-05
3.3081333562e+01 -2.1037883760e-05
3.4067898803e+01 -2.1669999925e-05
3.5066069625e+01 -2.0870228137e-05
3.6076186064e+01 -1.8485320521e-05
3.7098592226e+01 -1.4400707656e-05
3.8133636406e+01 -8.4542295492e-06
3.9181671201e+01 -6.9243580617e-07
4.0243053635e+01 8.1716910356e-06
4.1318145279e+01 1.6576783452e-05
4.2407312375e+01 2.2528204809e-05
4.3510925957e+01 2.4515827964e-05
4.4629361984e+01 2.2350563034e-05
4.5763001462e+01 1.7227250535e-05
4.6912230577e+01 1.0929186658e-05
4.8077440826e+01 4.9122090727e-06
4.9259029150e+01 -4.0226570787e-08
5.0457398069e+01 -3.6341806107e-06
5.1672955819e+01 -5.7829120878e-06
5.2906116493e+01 -6.6455076622e-06
5.4157300179e+01 -6.9066695380e-06
5.5426933107e+01 -7.6707749835e-06
5.6715447790e+01 -9.5900896275e-06
5.8023283173e+01 -1.1931441926e-05
5.9350884784e+01 -1.3053076379e-05
6.0698704885e+01 -1.2182091886e-05
6.2067202624e+01 -1.0071409430e-05
6.3456844193e+01 -7.6977301882e-06
6.4868102990e+01 -5.4543297096e-06
6.6301459772e+01 -3.4342066250e-06
6.7757402829e+01 -1.6325718214e-06
6.9236428142e+01 -3.1619630001e-07
7.0739039556e+01 -5.6612081761e-08
7.2265748952e+01 -9.7250273404e-07
7.3817076418e+01 -2.3750384055e-06
7.5393550430e+01 -3.3567118156e-06
7.6995708031e+01 -3.4789910262e-06
7.8624095011e+01 -2.6899460915e-06
8.0279266098e+01 -1.1026888389e-06
8.1961785143e+01 7.6744878068e-07
8.3672225313e+01 1.8251688813e-06
8.5411169286e+01 1.4222911149e-06
8.7179209453e+01 3.1290233060e-07
8.8976948115e+01 -4.9911169772e-07
9.0804997688e+01 -3.7168256327e-07
9.2663980918e+01 9.8216453836e-07
9.4554531086e+01 2.6746098505e-06
9.6477292228e+01 2.6553789917e-06
9.8432919351e+01 -1.2495103637e-06
1.0042207866e+02 -9.4297427063e-06
1.0244544778e+02 -1.9306786376e-05
1.0450371600e+02 -2.7845757707e-05
1.0659758449e+02 -3.4142650111e-05
1.0872776654e+02 -3.8153277034e-05
1.1089498782e+02 -3.8592622987e-05
1.1309998661e+02 -3.6233247488e-05
1.1534351409e+02 -3.5720360055e-05
1.1762633451e+02 -3.9548322488e-05
1.1994922556e+02 -4.4960388922e-05
1.2231297854e+02 -4.9249668022e-05
1.2471839870e+02 -5.0645859009e-05
1.2716630546e+02 -4.5892957386e-05
1.2965753273e+02 -3.4434595568e-05
1.3219292918e+02 -2.0078966103e-05
1.3477335850e+02 -7.9862544825e-06
1.3739969976e+02 -1.0120713817e-06
1.4007284764e+02 1.4822087413e-06
1.4279371277e+02 2.7132526746e-07
1.4556322205e+02 -4.3214388098e-06
1.4838231894e+02 -9.3958399651e-06
1.5125196379e+02 -1.1633240526e-05
1.5417313418e+02 -1.1161025922e-05
1.5714682523e+02 -1.1002573411e-05
1.6017404996e+02 -1.0341425114e-05
1.6325583964e+02 -8.0808581864e-06
1.6639324409e+02 -7.1368328290e-06
1.6958733211e+02 -5.9454915791e-06
1.7283919180e+02 -4.2895391854e-06
1.7614993094e+02 -1.0182155107e-06
1.7952067737e+02 9.4559997102e-06
1.8295257936e+02 1.7173684867e-05
1.8644680602e+02 4.2736521927e-06
1.9000454771e+02 -3.1896684876e-05
1.9362701641e+02 -7.5755025053e-05
1.9731544613e+02 -1.0325574711e-04
2.0107109340e+02 -1.0616845149e-04
2.0489523759e+02 -9.0403339145e-05
2.0878918146e+02 -6.1774581321e-05
2.1275425151e+02 -2.8447483804e-05
2.1679179849e+02 3.0813434272e-06
2.2090319782e+02 2.6965776169e-05
2.2508985010e+02 3.7812817107e-05
2.2935318154e+02 3.4786522061e-05
2.3369464451e+02 2.6302089115e-05
2.3811571797e+02 2.5132956005e-05
2.4261790799e+02 3.5168242631e-05
2.4720274829e+02 4.3529783498e-05
2.5187180076e+02 3.5865717330e-05
2.5662665594e+02 1.9379105354e-05
2.6146893364e+02 7.1904226420e-06
2.6640028341e+02 -1.8467987926e-06
2.7142238519e+02 -4.4225870257e-06
2.7653694978e+02 -1.3306043762e-06
2.8174571954e+02 1.4288762806e-06
2.8705046887e+02 2.6457406901e-06
2.9245300490e+02 -1.0477360273e-06
2.9795516805e+02 -3.8078996302e-06
3.0355883269e+02 2.9806734783e-06
3.0926590777e+02 1.6025323313e-05
3.1507833746e+02 4.1330823015e-06
3.2099810182e+02 5.7125249543e-06
3.2702721749e+02 3.0270308839e-05
3.3316773833e+02 3.6965198779e-05
3.3942175615e+02 3.2845947856e-05
3.4579140141e+02 2.9540370491e-05
3.5227884389e+02 3.2496011558e-05
3.5888629334e+02 2.9136418724e-05
3.6561600013e+02 1.2847197824e-05
3.7247025564e+02 -1.0360144091e-05
3.7945139238e+02 -3.1163055716e-05
3.8656178361e+02 -2.5903988317e-05
3.9380384183e+02 -8.3280842858e-06
4.0118001554e+02 -2.8533245605e-07
4.0869278313e+02 1.6577564143e-05
4.1634464207e+02 4.5827630026e-05
4.2413809122e+02 6.0846063697e-05
4.3207560294e+02 4.8638809087e-05
4.4015958123e+02 3.6286874201e-05
4.4839230158e+02 -6.9496733751e-06
4.5677582794e+02 -8.0160733814e-05
4.6531190345e+02 -1.3661425992e-04
4.7400181292e+02 -9.8094897754e-05
4.8284621863e+02 -5.6102127105e-05
4.9184497480e+02 -2.0002934382e-04
5.0099693186e+02 -3.2358105565e-04
5.1029974625e+02 -1.9767407076e-04
5.1974971627e+02 -1.0282402659e-04
5.2934166651e+02 -3.6827972441e-04
5.3906890265e+02 -1.4134321764e-04
5.4892325388e+02 2.3551869789e-03
5.5889521190e+02 3.3995230469e-03
5.6897416497e+02 5.8763083860e-04
5.7914871332e+02 4.7489000975e-04
5.8940704153e+02 6.2172582413e-03
5.9973731589e+02 1.3998620088e-02
6.1012807113e+02 1.6125444415e-02
6.2056855339e+02 2.2135570737e-02
6.3104899243e+02 4.7247881415e-02
6.4156078668e+02 8.6833792997e-02
6.5209659581e+02 1.0731644241e-01
6.6265034658e+02 1.5747103033e-02
6.7321716636e+02 -4.4922609660e-01
6.8379326367e+02 4.2107494949e+00
6.9437577694e+02 2.4269149253e-01
7.0496261119e+02 -9.6045185657e-02
7.1555227852e+02 -1.1827440198e-02
7.2614375372e+02 2.6171323608e-02
7.3673635149e+02 2.9313842709e-02
7.4732962734e+02 4.9257505467e-02
7.5792330156e+02 1.5311355524e-02
7.6851720338e+02 -7.7783759073e-03
7.7911123163e+02 -7.7306977119e-03
7.8970532814e+02 -3.4906036385e-03
8.0029946048e+02 -9.8834775146e-04
8.1089361110e+02 3.7204896723e-04
8.2148777078e+02 1.2388527733e-03
8.3208193482e+02 2.2066007149e-03
8.4267610090e+02 3.4908816553e-03
8.5327026791e+02 4.6954278915e-03
8.6386443532e+02 5.1994129649e-03
8.7445860292e+02 4.6253356742e-03
8.8505277058e+02 3.0004117188e-03
8.9564693828e+02 7.2764750625e-04
9.0624110599e+02 -1.6191092399e-03
9.1683527370e+02 -3.4537240188e-03
9.2742944141e+02 -4.3816127667e-03
9.3802360913e+02 -4.3626169124e-03
9.4861777684e+02 -3.6956823185e-03
9.5921194456e+02 -2.8201263638e-03
9.6980611227e+02 -1.9723350129e-03
9.8040027999e+02 -1.2801516686e-03
9.9099444770e+02 -7.0564014009e-04
1.0015886154e+03 -1.7894177432e-04
1.0121827831e+03 3.7761126555e-04
1.0227769508e+03 9.6195695543e-04
1.0333711186e+03 1.4329212809e-03
1.0439652863e+03 1.5968446228e-03
1.0545594540e+03 1.2985222708e-03
1.0651536217e+03 6.1084212420e-04
1.0757477894e+03 -1.8210888555e-04
1.0863419571e+03 -6.5358366808e-04
1.0969361249e+03 -4.4516311372e-04
1.1075302926e+03 5.1113115629e-04
1.1181244603e+03 1.9762400558e-03
1.1287186280e+03 3.5233925592e-03
1.1393127957e+03 4.7158201808e-03
1.1499069634e+03 5.3650767319e-03
1.1605011311e+03 5.6064136075e-03
1.1710952989e+03 8.6317281866e-03
1.1816894666e+03 9.3518010125e-04
1.1922836343e+03 1.2736479653e-03
1.2028778020e+03 8.5652176061e-04
1.2134719697e+03 4.7917869770e-04
1.2240661374e+03 2.5010725991e-04
1.2346603051e+03 1.4139822162e-04
1.2452544729e+03 9.2306499612e-05
1.2558486406e+03 5.7470165635e-05
1.2664428083e+03 2.6958088552e-05
1.2770369760e+03 6.9370553001e-06
1.2876311437e+03 -6.7057709360e-07
1.2982253114e+03 -4.6330460208e-06
1.3088194791e+03 -1.2256620471e-05
1.3194136469e+03 -2.1588900207e-05
1.3300078146e+03 -2.9406320102e-05
1.3406019823e+03 -3.1203539805e-05
1.3511961500e+03 -3.1095796540e-05
1.3617903177e+03 -3.0006689762e-05
1.3723844854e+03 -3.3521663811e-05
1.3829786531e+03 -4.1346922970e-05
1.3935728209e+03 -5.5072499117e-05
1.4041669886e+03 -7.0698120566e-05
1.4147611563e+03 -8.7135509985e-05
1.4253553240e+03 -1.0283641734e-04
1.4359494917e+03 -1.2201385132e-04
1.4465436594e+03 -1.4399052056e-04
1.4571378272e+03 -1.7109712739e-04
1.4677319949e+03 -1.9172382292e-04
1.4783261626e+03 -2.0123526721e-04
1.4889203303e+03 -1.8015316856e-04
1.4995144980e+03 -1.3125037588e-04
1.5101086657e+03 -5.6578595045e-05
1.5207028334e+03 1.5954417912e-05
1.5312970012e+03 7.1833352168e-05
1.5418911689e+03 9.8781029259e-05
1.5524853366e+03 1.0048521869e-04
1.5630795043e+03 8.4533871835e-05
1.5736736720e+03 5.8345829817e-05
1.5842678397e+03 3.0466649881e-05
1.5948620074e+03 3.6450085442e-06
1.6054561752e+03 -1.7516338136e-05
1.6160503429e+03 -3.2207399620e-05
1.6266445106e+03 -4.0185976008e-05
1.6372386783e+03 -4.2052335692e-05
1.6478328460e+03 -3.9897957120e-05
1.6584270137e+03 -3.4577645702e-05
1.6690211814e+03 -2.7388874135e-05
1.6796153492e+03 -1.9425467229e-05
1.6902095169e+03 -1.0770432860e-05
1.7008036846e+03 -2.7307215982e-06
1.7113978523e+03 4.3306427757e-06
1.7219920200e+03 9.2979198669e-06
1.7325861877e+03 1.2157765840e-05
1.7431803555e+03 1.3452300347e-05
1.7537745232e+03 1.3561411009e-05
1.7643686909e+03 1.2790967548e-05
1.7749628586e+03 1.1347595614e-05
1.7855570263e+03 9.6368654836e-06
1.7961511940e+03 7.8553351161e-06
1.8067453617e+03 6.5365707882e-06
1.8173395295e+03 5.1299617927e-06
1.8279336972e+03 4.8493707919e-06
1.8385278649e+03 4.5333389401e-06
1.8491220326e+03 6.5974098769e-06
1.8597162003e+03 8.2346844366e-06
1.8703103680e+03 1.2276853025e-05
1.8809045357e+03 1.3275192357e-05
1.8914987035e+03 1.3992234510e-05
1.9020928712e+03 9.4638219306e-06
1.9126870389e+03 4.3438551510e-06
1.9232812066e+03 -2.0412464969e-06
1.9338753743e+03 -5.5705520990e-06
1.9444695420e+03 -5.7535583755e-06
1.9550637097e+03 -2.5920656520e-06
1.9656578775e+03 1.6591214080e-06
1.9762520452e+03 6.0493374964e-06
1.9868462129e+03 8.1874977356e-06
1.9974403806e+03 1.0184328822e-05
2.0080345483e+03 9.8264937258e-06
2.0186287160e+03 9.8357072621e-06
2.0292228837e+03 7.7888044008e-06
2.0398170515e+03 6.1882948287e-06
2.0504112192e+03 3.5673292686e-06
2.0610053869e+03 2.4997291443e-06
2.0715995546e+03 4.4035010478e-06
2.0821937223e+03 1.2911869700e-05
2.0927878900e+03 4.9919000139e-05
2.1033820578e+03 -1.0635726928e-03
2.1139762255e+03 -5.9973764758e-05
2.1245703932e+03 -3.1205735436e-05
2.1351645609e+03 -1.4700655182e-05
2.1457587286e+03 -2.3127825807e-07
2.1563528963e+03 1.9048046472e-05
2.1669470640e+03 1.4368776671e-04
2.1775412318e+03 -7.7023960422e-06
2.1881353995e+03 1.5430952108e-05
2.1987295672e+03 2.7366706830e-05
2.2093237349e+03 3.5096062390e-05
2.2199179026e+03 3.9753150388e-05
2.2305120703e+03 4.2212014155e-05
2.2411062380e+03 4.1610361138e-05
2.2517004058e+03 4.0807795516e-05
2.2622945735e+03 3.8485616698e-05
2.2728887412e+03 3.8592324689e-05
2.2834829089e+03 3.7183528779e-05
2.2940770766e+03 3.5332374562e-05
2.3046712443e+03 2.6119445247e-05
2.3152654120e+03 1.1052849497e-05
2.3258595798e+03 -1.3400243717e-06
2.3364537475e+03 -1.2697640604e-05
2.3470479152e+03 -1.5054064279e-05
2.3576420829e+03 -1.8345180247e-05
2.3682362506e+03 -1.7081832368e-05
2.3788304183e+03 -1.7264405078e-05
2.3894245861e+03 -1.5358016700e-05
2.4000187538e+03 -1.2805327886e-05
2.4106129215e+03 -8.5396487703e-06
2.4212070892e+03 -3.5593714606e-06
2.4318012569e+03 2.9512181046e-06
2.4423954246e+03 7.6356484063e-06
2.4529895923e+03 1.3113867938e-05
2.4635837601e+03 1.3613039663e-05
2.4741779278e+03 1.3730107660e-05
2.4847720955e+03 9.2609961314e-06
2.4953662632e+03 6.1412401441e-06
2.5059604309e+03 2.1999516962e-06
2.5165545986e+03 9.2850548788e-07
2.5271487663e+03 -3.5280628642e-07
2.5377429341e+03 3.4132720832e-07
2.5483371018e+03 3.1894481219e-07
2.5589312695e+03 1.9475562859e-06
2.5695254372e+03 2.1975879696e-06
2.5801196049e+03 4.1259034303e-06
2.5907137726e+03 3.8555754634e-06
2.6013079403e+03 5.0458455879e-06
2.6119021081e+03 2.0052949047e-06
2.6224962758e+03 -1.5943882068e-06
2.6330904435e+03 -1.3782447921e-05
2.6436846112e+03 -2.8558845602e-05
2.6542787789e+03 -5.3841843301e-05
2.6648729466e+03 -7.5734850798e-05
2.6754671143e+03 -1.0678359199e-04
2.6860612821e+03 -1.2350063252e-04
2.6966554498e+03 -1.4945197052e-04
2.7072496175e+03 -1.5616329069e-04
2.7178437852e+03 -8.8314174315e-05
2.7284379529e+03 -7.3985802948e-05
