# Production contribution: P_uv = -\bar{\rho} \widetilde{u'' v''} (\partial \tilde{u} / \partial y)
# Columns: y_plus    P_uv^+
3.8646263475e-01 1.1517044483e-04
1.1533752036e+00 2.0684957943e-03
1.9209634831e+00 8.9540099899e-03
2.6894093988e+00 2.3382041822e-02
3.4589138713e+00 4.6299213844e-02
4.2296938542e+00 7.6425730967e-02
5.0019793562e+00 1.1098503627e-01
5.7760106829e+00 1.4635135793e-01
6.5520360469e+00 1.7934536446e-01
7.3303096133e+00 2.0747055126e-01
8.1110899864e+00 2.2946193482e-01
8.8946390963e+00 2.4484354242e-01
9.6812214258e+00 2.5400558925e-01
1.0471103504e+01 2.5763380862e-01
1.1264553601e+01 2.5675148311e-01
1.2061841567e+01 2.5230015801e-01
1.2863238767e+01 2.4526154566e-01
1.3669018081e+01 2.3639968216e-01
1.4479453944e+01 2.2642457349e-01
1.5294822408e+01 2.1582806308e-01
1.6115401223e+01 2.0504341374e-01
1.6941469919e+01 1.9433121727e-01
1.7773309905e+01 1.8391561445e-01
1.8611204551e+01 1.7389587936e-01
1.9455439297e+01 1.6435602382e-01
2.0306301738e+01 1.5529807249e-01
2.1164081729e+01 1.4673605957e-01
2.2029071483e+01 1.3864507758e-01
2.2901565666e+01 1.3102996121e-01
2.3781861504e+01 1.2387232802e-01
2.4670258877e+01 1.1717510520e-01
2.5567060427e+01 1.1091681578e-01
2.6472571660e+01 1.0509017098e-01
2.7387101046e+01 9.9669677947e-02
2.8310960130e+01 9.4645115244e-02
2.9244463634e+01 8.9994999463e-02
3.0187929564e+01 8.5708405517e-02
3.1141679324e+01 8.1756931142e-02
3.2106037817e+01 7.8111919688e-02
3.3081333562e+01 7.4729077290e-02
3.4067898803e+01 7.1570705972e-02
3.5066069625e+01 6.8598628282e-02
3.6076186064e+01 6.5795018960e-02
3.7098592226e+01 6.3151653287e-02
3.8133636406e+01 6.0673540024e-02
3.9181671201e+01 5.8360319057e-02
4.0243053635e+01 5.6210895296e-02
4.1318145279e+01 5.4214151777e-02
4.2407312375e+01 5.2358805550e-02
4.3510925957e+01 5.0631813673e-02
4.4629361984e+01 4.9026125747e-02
4.5763001462e+01 4.7531351444e-02
4.6912230577e+01 4.6135317460e-02
4.8077440826e+01 4.4819859109e-02
4.9259029150e+01 4.3571056397e-02
5.0457398069e+01 4.2380939588e-02
5.1672955819e+01 4.1249188892e-02
5.2906116493e+01 4.0173655892e-02
5.4157300179e+01 3.9152263658e-02
5.5426933107e+01 3.8181306912e-02
5.6715447790e+01 3.7257323546e-02
5.8023283173e+01 3.6373882407e-02
5.9350884784e+01 3.5526345766e-02
6.0698704885e+01 3.4713257792e-02
6.2067202624e+01 3.3938235222e-02
6.3456844193e+01 3.3205491977e-02
6.4868102990e+01 3.2522975273e-02
6.6301459772e+01 3.1899935782e-02
6.7757402829e+01 3.1340263489e-02
6.9236428142e+01 3.0833727555e-02
7.0739039556e+01 3.0361445432e-02
7.2265748952e+01 2.9906773330e-02
7.3817076418e+01 2.9459595322e-02
7.5393550430e+01 2.9006725298e-02
7.6995708031e+01 2.8531424127e-02
7.8624095011e+01 2.8021047627e-02
8.0279266098e+01 2.7479012526e-02
8.1961785143e+01 2.6929744333e-02
8.3672225313e+01 2.6402047894e-02
8.5411169286e+01 2.5901929660e-02
8.7179209453e+01 2.5425572460e-02
8.8976948115e+01 2.4985247581e-02
9.0804997688e+01 2.4594144385e-02
9.2663980918e+01 2.4241960163e-02
9.4554531086e+01 2.3911485186e-02
9.6477292228e+01 2.3594058700e-02
9.8432919351e+01 2.3283565154e-02
1.0042207866e+02 2.2972282883e-02
1.0244544778e+02 2.2659783206e-02
1.0450371600e+02 2.2350456695e-02
1.0659758449e+02 2.2038459871e-02
1.0872776654e+02 2.1709473700e-02
1.1089498782e+02 2.1356931234e-02
1.1309998661e+02 2.0988687686e-02
1.1534351409e+02 2.0625175520e-02
1.1762633451e+02 2.0279007328e-02
1.1994922556e+02 1.9946288954e-02
1.2231297854e+02 1.9629985546e-02
1.2471839870e+02 1.9348826279e-02
1.2716630546e+02 1.9103899507e-02
1.2965753273e+02 1.8868140022e-02
1.3219292918e+02 1.8617002281e-02
1.3477335850e+02 1.8344807080e-02
1.3739969976e+02 1.8049228805e-02
1.4007284764e+02 1.7735827930e-02
1.4279371277e+02 1.7438827432e-02
1.4556322205e+02 1.7181570525e-02
1.4838231894e+02 1.6937560551e-02
1.5125196379e+02 1.6699004159e-02
1.5417313418e+02 1.6486817671e-02
1.5714682523e+02 1.6284682833e-02
1.6017404996e+02 1.6068199590e-02
1.6325583964e+02 1.5835486343e-02
1.6639324409e+02 1.5571645399e-02
1.6958733211e+02 1.5263579533e-02
1.7283919180e+02 1.4939957402e-02
1.7614993094e+02 1.4637727664e-02
1.7952067737e+02 1.4356356409e-02
1.8295257936e+02 1.4084232384e-02
1.8644680602e+02 1.3811150860e-02
1.9000454771e+02 1.3535164632e-02
1.9362701641e+02 1.3265045095e-02
1.9731544613e+02 1.3003673501e-02
2.0107109340e+02 1.2749896609e-02
2.0489523759e+02 1.2488613205e-02
2.0878918146e+02 1.2209761066e-02
2.1275425151e+02 1.1923683577e-02
2.1679179849e+02 1.1636400732e-02
2.2090319782e+02 1.1346781138e-02
2.2508985010e+02 1.1034228014e-02
2.2935318154e+02 1.0703110281e-02
2.3369464451e+02 1.0384486487e-02
2.3811571797e+02 1.0085893263e-02
2.4261790799e+02 9.7998564692e-03
2.4720274829e+02 9.5056604459e-03
2.5187180076e+02 9.1801857182e-03
2.5662665594e+02 8.8339096734e-03
2.6146893364e+02 8.5105196783e-03
2.6640028341e+02 8.2099079439e-03
2.7142238519e+02 7.9046043021e-03
2.7653694978e+02 7.6005287364e-03
2.8174571954e+02 7.3025082240e-03
2.8705046887e+02 6.9997299074e-03
2.9245300490e+02 6.6865530193e-03
2.9795516805e+02 6.3597257928e-03
3.0355883269e+02 6.0290672630e-03
3.0926590777e+02 5.7025435375e-03
3.1507833746e+02 5.3781020816e-03
3.2099810182e+02 5.0587672904e-03
3.2702721749e+02 4.7406635335e-03
3.3316773833e+02 4.4278323568e-03
3.3942175615e+02 4.1177522070e-03
3.4579140141e+02 3.8074871717e-03
3.5227884389e+02 3.4977208754e-03
3.5888629334e+02 3.1848229453e-03
3.6561600013e+02 2.8756597191e-03
3.7247025564e+02 2.5738714386e-03
3.7945139238e+02 2.2836427603e-03
3.8656178361e+02 2.0041630678e-03
3.9380384183e+02 1.7375849849e-03
4.0118001554e+02 1.4837669903e-03
4.0869278313e+02 1.2404707316e-03
4.1634464207e+02 1.0188123024e-03
4.2413809122e+02 8.2258750887e-04
4.3207560294e+02 6.4801793022e-04
4.4015958123e+02 5.0021236241e-04
4.4839230158e+02 3.8038062302e-04
4.5677582794e+02 2.8283468086e-04
4.6531190345e+02 2.0590303292e-04
4.7400181292e+02 1.4683084129e-04
4.8284621863e+02 1.0205993266e-04
4.9184497480e+02 6.8856474673e-05
5.0099693186e+02 4.4747228546e-05
5.1029974625e+02 2.7547943316e-05
5.1974971627e+02 1.5881733524e-05
5.2934166651e+02 8.7855064307e-06
5.3906890265e+02 4.8685300467e-06
5.4892325388e+02 2.6965445562e-06
5.5889521190e+02 1.4316532275e-06
5.6897416497e+02 7.1318848507e-07
5.7914871332e+02 3.3263414239e-07
5.8940704153e+02 1.4278513221e-07
5.9973731589e+02 6.1796856763e-08
6.1012807113e+02 2.9581387675e-08
6.2056855339e+02 1.3595448857e-08
6.3104899243e+02 5.7718896799e-09
6.4156078668e+02 2.3680893563e-09
6.5209659581e+02 8.9648213477e-10
6.6265034658e+02 3.1503994639e-10
6.7321716636e+02 8.8389693146e-11
6.8379326367e+02 -9.0220049930e-12
6.9437577694e+02 -4.6360877287e-11
7.0496261119e+02 -4.9545662545e-11
7.1555227852e+02 -6.2417430452e-11
7.2614375372e+02 -6.7729701839e-11
7.3673635149e+02 -4.3039377519e-11
7.4732962734e+02 -3.4040839522e-11
7.5792330156e+02 -4.4497196782e-11
7.6851720338e+02 -4.9936247301e-11
7.7911123163e+02 -4.7919607131e-11
7.8970532814e+02 -4.5620266920e-11
8.0029946048e+02 -4.3676797878e-11
8.1089361110e+02 -4.1510157911e-11
8.2148777078e+02 -3.8836810359e-11
8.3208193482e+02 -3.6304252504e-11
8.4267610090e+02 -3.4122882987e-11
8.5327026791e+02 -3.2459544916e-11
8.6386443532e+02 -3.0940167832e-11
8.7445860292e+02 -2.9112494610e-11
8.8505277058e+02 -2.6853828990e-11
8.9564693828e+02 -2.4244570534e-11
9.0624110599e+02 -2.1489605473e-11
9.1683527370e+02 -1.9120821605e-11
9.2742944141e+02 -1.7435876413e-11
9.3802360913e+02 -1.6556956694e-11
9.4861777684e+02 -1.6472641702e-11
9.5921194456e+02 -1.6770252213e-11
9.6980611227e+02 -1.7328973691e-11
9.8040027999e+02 -1.7611962637e-11
9.9099444770e+02 -1.7590487769e-11
1.0015886154e+03 -1.7022253493e-11
1.0121827831e+03 -1.6110867792e-11
1.0227769508e+03 -1.4860765325e-11
1.0333711186e+03 -1.3463788279e-11
1.0439652863e+03 -1.1935260958e-11
1.0545594540e+03 -1.0419543586e-11
1.0651536217e+03 -8.9375481617e-12
1.0757477894e+03 -7.6037215669e-12
1.0863419571e+03 -6.4188849405e-12
1.0969361249e+03 -5.4103230270e-12
1.1075302926e+03 -4.5316073775e-12
1.1181244603e+03 -3.7372456547e-12
1.1287186280e+03 -2.9934953469e-12
1.1393127957e+03 -2.2808502181e-12
1.1499069634e+03 -1.5874694833e-12
1.1605011311e+03 -9.0621292626e-13
1.1710952989e+03 -2.1098215589e-13
1.1816894666e+03 4.8686732318e-13
1.1922836343e+03 1.2124470242e-12
1.2028778020e+03 1.9239395024e-12
1.2134719697e+03 2.6392540270e-12
1.2240661374e+03 3.3206469082e-12
1.2346603051e+03 4.0274828243e-12
1.2452544729e+03 4.7987992956e-12
1.2558486406e+03 5.7520475474e-12
1.2664428083e+03 6.9267826369e-12
1.2770369760e+03 8.3360397372e-12
1.2876311437e+03 9.8327089722e-12
1.2982253114e+03 1.1217262270e-11
1.3088194791e+03 1.2246281294e-11
1.3194136469e+03 1.2765738466e-11
1.3300078146e+03 1.2754131436e-11
1.3406019823e+03 1.2311804613e-11
1.3511961500e+03 1.1644816226e-11
1.3617903177e+03 1.0951517708e-11
1.3723844854e+03 1.0413029304e-11
1.3829786531e+03 1.0085587816e-11
1.3935728209e+03 1.0002146501e-11
1.4041669886e+03 1.0072205856e-11
1.4147611563e+03 1.0272913178e-11
1.4253553240e+03 1.0478126036e-11
1.4359494917e+03 1.0678701358e-11
1.4465436594e+03 1.0771217093e-11
1.4571378272e+03 1.0788072730e-11
1.4677319949e+03 1.0702595836e-11
1.4783261626e+03 1.0656521335e-11
1.4889203303e+03 1.0746052054e-11
1.4995144980e+03 1.1197260321e-11
1.5101086657e+03 1.2120134045e-11
1.5207028334e+03 1.3611607740e-11
1.5312970012e+03 1.5621516611e-11
1.5418911689e+03 1.7972464775e-11
1.5524853366e+03 2.0489037431e-11
1.5630795043e+03 2.2887390413e-11
1.5736736720e+03 2.5089850458e-11
1.5842678397e+03 2.6963302658e-11
1.5948620074e+03 2.8622291465e-11
1.6054561752e+03 3.0038788616e-11
1.6160503429e+03 3.1259858174e-11
1.6266445106e+03 3.2108024956e-11
1.6372386783e+03 3.2503764496e-11
1.6478328460e+03 3.2275709154e-11
1.6584270137e+03 3.1523610525e-11
1.6690211814e+03 3.0330454735e-11
1.6796153492e+03 2.9065052674e-11
1.6902095169e+03 2.7908359464e-11
1.7008036846e+03 2.7149604445e-11
1.7113978523e+03 2.6747851723e-11
1.7219920200e+03 2.6704990727e-11
1.7325861877e+03 2.6758481014e-11
1.7431803555e+03 2.6754482928e-11
1.7537745232e+03 2.6549029451e-11
1.7643686909e+03 2.6173507704e-11
1.7749628586e+03 2.5812675144e-11
1.7855570263e+03 2.5487589035e-11
1.7961511940e+03 2.5391014224e-11
1.8067453617e+03 2.5223759296e-11
1.8173395295e+03 2.5205075253e-11
1.8279336972e+03 2.4883355919e-11
1.8385278649e+03 2.4753904379e-11
1.8491220326e+03 2.4323749134e-11
1.8597162003e+03 2.4262698118e-11
1.8703103680e+03 2.3843858514e-11
1.8809045357e+03 2.3725166677e-11
1.8914987035e+03 2.3093375020e-11
1.9020928712e+03 2.2728960043e-11
1.9126870389e+03 2.1966880998e-11
1.9232812066e+03 2.1582697366e-11
1.9338753743e+03 2.1135670437e-11
1.9444695420e+03 2.1301684387e-11
1.9550637097e+03 2.1909295004e-11
1.9656578775e+03 2.3273839714e-11
1.9762520452e+03 2.5246709990e-11
1.9868462129e+03 2.7593655987e-11
1.9974403806e+03 3.0198567269e-11
2.0080345483e+03 3.2327448861e-11
2.0186287160e+03 3.3950709719e-11
2.0292228837e+03 3.3881068644e-11
2.0398170515e+03 3.2492816827e-11
2.0504112192e+03 2.8696210693e-11
2.0610053869e+03 2.3873979281e-11
2.0715995546e+03 1.7396761480e-11
2.0821937223e+03 1.1291249864e-11
2.0927878900e+03 4.8017849279e-12
2.1033820578e+03 -2.7042974359e-13
2.1139762255e+03 -4.8962314131e-12
2.1245703932e+03 -7.4832518897e-12
2.1351645609e+03 -8.7833609607e-12
2.1457587286e+03 -7.6562593789e-12
2.1563528963e+03 -5.0055995392e-12
2.1669470640e+03 -7.9657430540e-13
2.1775412318e+03 3.9246667736e-12
2.1881353995e+03 8.6272418238e-12
2.1987295672e+03 1.3041655501e-11
2.2093237349e+03 1.6671447087e-11
2.2199179026e+03 1.9956889587e-11
2.2305120703e+03 2.2026060877e-11
2.2411062380e+03 2.3437263758e-11
2.2517004058e+03 2.3022519481e-11
2.2622945735e+03 2.1808119472e-11
2.2728887412e+03 1.9220803469e-11
2.2834829089e+03 1.7008378346e-11
2.2940770766e+03 1.5114073379e-11
2.3046712443e+03 1.4999175474e-11
2.3152654120e+03 1.6307557162e-11
2.3258595798e+03 1.9398078006e-11
2.3364537475e+03 2.3579093846e-11
2.3470479152e+03 2.8340708229e-11
2.3576420829e+03 3.3239712304e-11
2.3682362506e+03 3.7470999488e-11
2.3788304183e+03 4.1505929347e-11
2.3894245861e+03 4.4593129043e-11
2.4000187538e+03 4.8183303261e-11
2.4106129215e+03 5.1082210197e-11
2.4212070892e+03 5.5063884595e-11
2.4318012569e+03 5.8002794736e-11
2.4423954246e+03 6.1799001549e-11
2.4529895923e+03 6.3940611486e-11
2.4635837601e+03 6.6864060512e-11
2.4741779278e+03 6.8291243076e-11
2.4847720955e+03 7.0912153560e-11
2.4953662632e+03 7.2598288811e-11
2.5059604309e+03 7.5643629074e-11
2.5165545986e+03 7.7999996350e-11
2.5271487663e+03 8.1225592340e-11
2.5377429341e+03 8.3468207066e-11
2.5483371018e+03 8.5854641038e-11
2.5589312695e+03 8.6984532734e-11
2.5695254372e+03 8.8246848696e-11
2.5801196049e+03 8.8349042923e-11
2.5907137726e+03 8.9059339713e-11
2.6013079403e+03 8.8321820038e-11
2.6119021081e+03 8.8299111982e-11
2.6224962758e+03 8.6452597294e-11
2.6330904435e+03 8.5385159575e-11
2.6436846112e+03 8.3286569462e-11
2.6542787789e+03 8.1575675565e-11
2.6648729466e+03 8.0291102747e-11
2.6754671143e+03 7.7670449861e-11
2.6860612821e+03 7.6968206949e-11
2.6966554498e+03 7.4649463257e-11
2.7072496175e+03 7.9602385137e-11
2.7178437852e+03 8.2809406841e-11
2.7284379529e+03 5.7156964752e-11
