# Production contribution: P_vw = -\bar{\rho} \widetilde{v'' w''} (\partial \tilde{w} / \partial y)
# Columns: y_plus    P_vw^+
3.8646263475e-01 8.5970398454e-11
1.1533752036e+00 2.0469276073e-09
1.9209634831e+00 7.9971419325e-09
2.6894093988e+00 1.7057804332e-08
3.4589138713e+00 2.6424534218e-08
4.2296938542e+00 3.5267337867e-08
5.0019793562e+00 4.6130968671e-08
5.7760106829e+00 6.1622291712e-08
6.5520360469e+00 8.2066335211e-08
7.3303096133e+00 1.0665028396e-07
8.1110899864e+00 1.3633631992e-07
8.8946390963e+00 1.7511073787e-07
9.6812214258e+00 2.2931424204e-07
1.0471103504e+01 3.0465189794e-07
1.1264553601e+01 4.0407549306e-07
1.2061841567e+01 5.2442866619e-07
1.2863238767e+01 6.5482645589e-07
1.3669018081e+01 7.7563690707e-07
1.4479453944e+01 8.6450453057e-07
1.5294822408e+01 9.0290239737e-07
1.6115401223e+01 8.8373755418e-07
1.6941469919e+01 8.1231316702e-07
1.7773309905e+01 7.0558041565e-07
1.8611204551e+01 5.8429554384e-07
1.9455439297e+01 4.6549212275e-07
2.0306301738e+01 3.5565156795e-07
2.1164081729e+01 2.5198789914e-07
2.2029071483e+01 1.4753700640e-07
2.2901565666e+01 3.7715086813e-08
2.3781861504e+01 -7.7568227332e-08
2.4670258877e+01 -1.9642122896e-07
2.5567060427e+01 -3.2083667963e-07
2.6472571660e+01 -4.5860842839e-07
2.7387101046e+01 -6.1851576340e-07
2.8310960130e+01 -8.0321226393e-07
2.9244463634e+01 -1.0043203855e-06
3.0187929564e+01 -1.2031595517e-06
3.1141679324e+01 -1.3773793553e-06
3.2106037817e+01 -1.5072166424e-06
3.3081333562e+01 -1.5721416415e-06
3.4067898803e+01 -1.5509371930e-06
3.5066069625e+01 -1.4316690222e-06
3.6076186064e+01 -1.2162420142e-06
3.7098592226e+01 -9.0942849700e-07
3.8133636406e+01 -5.1294803492e-07
3.9181671201e+01 -4.0410774574e-08
4.0243053635e+01 4.5933806920e-07
4.1318145279e+01 8.9869625405e-07
4.2407312375e+01 1.1795498950e-06
4.3510925957e+01 1.2412808335e-06
4.4629361984e+01 1.0957615138e-06
4.5763001462e+01 8.1883449960e-07
4.6912230577e+01 5.0422149605e-07
4.8077440826e+01 2.2016451855e-07
4.9259029150e+01 -1.7527141844e-09
5.0457398069e+01 -1.5401998891e-07
5.1672955819e+01 -2.3854043306e-07
5.2906116493e+01 -2.6697433805e-07
5.4157300179e+01 -2.7041174675e-07
5.5426933107e+01 -2.9288021389e-07
5.6715447790e+01 -3.5730107209e-07
5.8023283173e+01 -4.3399286558e-07
5.9350884784e+01 -4.6372810473e-07
6.0698704885e+01 -4.2288009608e-07
6.2067202624e+01 -3.4180586227e-07
6.3456844193e+01 -2.5560691800e-07
6.4868102990e+01 -1.7739103028e-07
6.6301459772e+01 -1.0955097080e-07
6.7757402829e+01 -5.1165231046e-08
6.9236428142e+01 -9.7495105686e-09
7.0739039556e+01 -1.7188246312e-09
7.2265748952e+01 -2.9084418830e-08
7.3817076418e+01 -6.9967670300e-08
7.5393550430e+01 -9.7367217542e-08
7.6995708031e+01 -9.9260568503e-08
7.8624095011e+01 -7.5375107543e-08
8.0279266098e+01 -3.0300800417e-08
8.1961785143e+01 2.0667199452e-08
8.3672225313e+01 4.8188196219e-08
8.5411169286e+01 3.6840084416e-08
8.7179209453e+01 7.9557208797e-09
8.8976948115e+01 -1.2470429338e-08
9.0804997688e+01 -9.1412146263e-09
9.2663980918e+01 2.3809593612e-08
9.4554531086e+01 6.3953893818e-08
9.6477292228e+01 6.2651167802e-08
9.8432919351e+01 -2.9093055964e-08
1.0042207866e+02 -2.1662271696e-07
1.0244544778e+02 -4.3748759370e-07
1.0450371600e+02 -6.2236540177e-07
1.0659758449e+02 -7.5245142435e-07
1.0872776654e+02 -8.2828756432e-07
1.1089498782e+02 -8.2421999528e-07
1.1309998661e+02 -7.6048831536e-07
1.1534351409e+02 -7.3673869578e-07
1.1762633451e+02 -8.0200072153e-07
1.1994922556e+02 -8.9679290894e-07
1.2231297854e+02 -9.6677027143e-07
1.2471839870e+02 -9.7993792773e-07
1.2716630546e+02 -8.7673444597e-07
1.2965753273e+02 -6.4971677076e-07
1.3219292918e+02 -3.7381015774e-07
1.3477335850e+02 -1.4650629777e-07
1.3739969976e+02 -1.8267107936e-08
1.4007284764e+02 2.6288199192e-08
1.4279371277e+02 4.7315945172e-09
1.4556322205e+02 -7.4249105680e-08
1.4838231894e+02 -1.5914260834e-07
1.5125196379e+02 -1.9426353192e-07
1.5417313418e+02 -1.8400979940e-07
1.5714682523e+02 -1.7917341835e-07
1.6017404996e+02 -1.6616808278e-07
1.6325583964e+02 -1.2796431945e-07
1.6639324409e+02 -1.1113223008e-07
1.6958733211e+02 -9.0749483581e-08
1.7283919180e+02 -6.4085532703e-08
1.7614993094e+02 -1.4904361348e-08
1.7952067737e+02 1.3575370204e-07
1.8295257936e+02 2.4187816856e-07
1.8644680602e+02 5.9024055157e-08
1.9000454771e+02 -4.3172688102e-07
1.9362701641e+02 -1.0048938235e-06
1.9731544613e+02 -1.3427040226e-06
2.0107109340e+02 -1.3536367797e-06
2.0489523759e+02 -1.1290123350e-06
2.0878918146e+02 -7.5425287790e-07
2.1275425151e+02 -3.3919879544e-07
2.1679179849e+02 3.5855746912e-08
2.2090319782e+02 3.0597476040e-07
2.2508985010e+02 4.1723524581e-07
2.2935318154e+02 3.7232398190e-07
2.3369464451e+02 2.7313368899e-07
2.3811571797e+02 2.5348831166e-07
2.4261790799e+02 3.4464373006e-07
2.4720274829e+02 4.1377934122e-07
2.5187180076e+02 3.2925394601e-07
2.5662665594e+02 1.7119326625e-07
2.6146893364e+02 6.1194233390e-08
2.6640028341e+02 -1.5162048078e-08
2.7142238519e+02 -3.4958800430e-08
2.7653694978e+02 -1.0113296798e-08
2.8174571954e+02 1.0434380790e-08
2.8705046887e+02 1.8519470236e-08
2.9245300490e+02 -7.0057424965e-09
2.9795516805e+02 -2.4217197495e-08
3.0355883269e+02 1.7970680890e-08
3.0926590777e+02 9.1385103893e-08
3.1507833746e+02 2.2228138529e-08
3.2099810182e+02 2.8898334384e-08
3.2702721749e+02 1.4350134926e-07
3.3316773833e+02 1.6367570323e-07
3.3942175615e+02 1.3525147428e-07
3.4579140141e+02 1.1247458169e-07
3.5227884389e+02 1.1366197799e-07
3.5888629334e+02 9.2794334896e-08
3.6561600013e+02 3.6944169287e-08
3.7247025564e+02 -2.6665678977e-08
3.7945139238e+02 -7.1165286576e-08
3.8656178361e+02 -5.1915816695e-08
3.9380384183e+02 -1.4470754208e-08
4.0118001554e+02 -4.2336687956e-10
4.0869278313e+02 2.0563983120e-08
4.1634464207e+02 4.6689753260e-08
4.2413809122e+02 5.0051211961e-08
4.3207560294e+02 3.1518820393e-08
4.4015958123e+02 1.8151143069e-08
4.4839230158e+02 -2.6435210882e-09
4.5677582794e+02 -2.2672235566e-08
4.6531190345e+02 -2.8129290456e-08
4.7400181292e+02 -1.4403356363e-08
4.8284621863e+02 -5.7257793145e-09
4.9184497480e+02 -1.3773315447e-08
5.0099693186e+02 -1.4479355450e-08
5.1029974625e+02 -5.4455140964e-09
5.1974971627e+02 -1.6330237902e-09
5.2934166651e+02 -3.2355238871e-09
5.3906890265e+02 -6.8813370197e-10
5.4892325388e+02 6.3508666269e-09
5.5889521190e+02 4.8669381420e-09
5.6897416497e+02 4.1909154756e-10
5.7914871332e+02 1.5796463112e-10
5.8940704153e+02 8.8773203996e-10
5.9973731589e+02 8.6507072048e-10
6.1012807113e+02 4.7701302267e-10
6.2056855339e+02 3.0094301987e-10
6.3104899243e+02 2.7270955914e-10
6.4156078668e+02 2.0563018096e-10
6.5209659581e+02 9.6207273384e-11
6.6265034658e+02 4.9609664953e-12
6.7321716636e+02 -3.9706956832e-11
6.8379326367e+02 -3.7989402968e-11
6.9437577694e+02 -1.1251390504e-11
7.0496261119e+02 4.7586223576e-12
7.1555227852e+02 7.3823842596e-13
7.2614375372e+02 -1.7725759447e-12
7.3673635149e+02 -1.2616495429e-12
7.4732962734e+02 -1.6767668389e-12
7.5792330156e+02 -6.8131239975e-13
7.6851720338e+02 3.8842290291e-13
7.7911123163e+02 3.7045199720e-13
7.8970532814e+02 1.5924226970e-13
8.0029946048e+02 4.3167864973e-14
8.1089361110e+02 -1.5443811380e-14
8.2148777078e+02 -4.8113090218e-14
8.3208193482e+02 -8.0108989528e-14
8.4267610090e+02 -1.1911894625e-13
8.5327026791e+02 -1.5241145254e-13
8.6386443532e+02 -1.6087070976e-13
8.7445860292e+02 -1.3465505989e-13
8.8505277058e+02 -8.0572543196e-14
8.9564693828e+02 -1.7641501289e-14
9.0624110599e+02 3.4794018783e-14
9.1683527370e+02 6.6038040837e-14
9.2742944141e+02 7.6397258691e-14
9.3802360913e+02 7.2231659292e-14
9.4861777684e+02 6.0877650677e-14
9.5921194456e+02 4.7294230393e-14
9.6980611227e+02 3.4178541547e-14
9.8040027999e+02 2.2545983358e-14
9.9099444770e+02 1.2412554254e-14
1.0015886154e+03 3.0459922430e-15
1.0121827831e+03 -6.0836451761e-15
1.0227769508e+03 -1.4295416568e-14
1.0333711186e+03 -1.9292548746e-14
1.0439652863e+03 -1.9058757282e-14
1.0545594540e+03 -1.3530009398e-14
1.0651536217e+03 -5.4594309042e-15
1.0757477894e+03 1.3847052606e-15
1.0863419571e+03 4.1952783644e-15
1.0969361249e+03 2.4084762450e-15
1.1075302926e+03 -2.3162457187e-15
1.1181244603e+03 -7.3856945612e-15
1.1287186280e+03 -1.0547259231e-14
1.1393127957e+03 -1.0756079488e-14
1.1499069634e+03 -8.5168955872e-15
1.1605011311e+03 -5.0806044810e-15
1.1710952989e+03 -1.8211406219e-15
1.1816894666e+03 4.5530863259e-16
1.1922836343e+03 1.5442306854e-15
1.2028778020e+03 1.6478960499e-15
1.2134719697e+03 1.2646743076e-15
1.2240661374e+03 8.3051789936e-16
1.2346603051e+03 5.6947890898e-16
1.2452544729e+03 4.4296036532e-16
1.2558486406e+03 3.3057112529e-16
1.2664428083e+03 1.8673281970e-16
1.2770369760e+03 5.7827568640e-17
1.2876311437e+03 -6.5935894048e-18
1.2982253114e+03 -5.1970092323e-17
1.3088194791e+03 -1.5009802199e-16
1.3194136469e+03 -2.7559825382e-16
1.3300078146e+03 -3.7505207165e-16
1.3406019823e+03 -3.8417188530e-16
1.3511961500e+03 -3.6210483613e-16
1.3617903177e+03 -3.2861879428e-16
1.3723844854e+03 -3.4906206757e-16
1.3829786531e+03 -4.1700802254e-16
1.3935728209e+03 -5.5084320437e-16
1.4041669886e+03 -7.1208602395e-16
1.4147611563e+03 -8.9513552879e-16
1.4253553240e+03 -1.0775329421e-15
1.4359494917e+03 -1.3029494798e-15
1.4465436594e+03 -1.5509531563e-15
1.4571378272e+03 -1.8458082541e-15
1.4677319949e+03 -2.0519425889e-15
1.4783261626e+03 -2.1444679184e-15
1.4889203303e+03 -1.9359353270e-15
1.4995144980e+03 -1.4696446260e-15
1.5101086657e+03 -6.8574015604e-16
1.5207028334e+03 2.1716527835e-16
1.5312970012e+03 1.1221459041e-15
1.5418911689e+03 1.7753385688e-15
1.5524853366e+03 2.0588454069e-15
1.5630795043e+03 1.9347597278e-15
1.5736736720e+03 1.4638881450e-15
1.5842678397e+03 8.2148150171e-16
1.5948620074e+03 1.0432849694e-16
1.6054561752e+03 -5.2616957859e-16
1.6160503429e+03 -1.0067987443e-15
1.6266445106e+03 -1.2902923205e-15
1.6372386783e+03 -1.3668592159e-15
1.6478328460e+03 -1.2877348598e-15
1.6584270137e+03 -1.0900122360e-15
1.6690211814e+03 -8.3071700720e-16
1.6796153492e+03 -5.6460222823e-16
1.6902095169e+03 -3.0058511184e-16
1.7008036846e+03 -7.4138011241e-17
1.7113978523e+03 1.1583539083e-16
1.7219920200e+03 2.4830086382e-16
1.7325861877e+03 3.2532334641e-16
1.7431803555e+03 3.5990933997e-16
1.7537745232e+03 3.6004230029e-16
1.7643686909e+03 3.3478448767e-16
1.7749628586e+03 2.9291179924e-16
1.7855570263e+03 2.4562046703e-16
1.7961511940e+03 1.9945492567e-16
1.8067453617e+03 1.6487688818e-16
1.8173395295e+03 1.2930107303e-16
1.8279336972e+03 1.2066861940e-16
1.8385278649e+03 1.1221783864e-16
1.8491220326e+03 1.6047374278e-16
1.8597162003e+03 1.9979566258e-16
1.8703103680e+03 2.9272754653e-16
1.8809045357e+03 3.1495615133e-16
1.8914987035e+03 3.2312791891e-16
1.9020928712e+03 2.1510283051e-16
1.9126870389e+03 9.5420949175e-17
1.9232812066e+03 -4.4055605391e-17
1.9338753743e+03 -1.1773735332e-16
1.9444695420e+03 -1.2256048461e-16
1.9550637097e+03 -5.6790331040e-17
1.9656578775e+03 3.8614125716e-17
1.9762520452e+03 1.5272586941e-16
1.9868462129e+03 2.2592299591e-16
1.9974403806e+03 3.0755213901e-16
2.0080345483e+03 3.1766547340e-16
2.0186287160e+03 3.3392924214e-16
2.0292228837e+03 2.6389301655e-16
2.0398170515e+03 2.0107513034e-16
2.0504112192e+03 1.0236883230e-16
2.0610053869e+03 5.9678481799e-17
2.0715995546e+03 7.6606657407e-17
2.0821937223e+03 1.4579114699e-16
2.0927878900e+03 2.3970030248e-16
2.1033820578e+03 2.8762169059e-16
2.1139762255e+03 2.9364543097e-16
2.1245703932e+03 2.3352037867e-16
2.1351645609e+03 1.2912116083e-16
2.1457587286e+03 1.7707263325e-18
2.1563528963e+03 -9.5346892646e-17
2.1669470640e+03 -1.1445798296e-16
2.1775412318e+03 -3.0229337824e-17
2.1881353995e+03 1.3312655540e-16
2.1987295672e+03 3.5690716267e-16
2.2093237349e+03 5.8510214708e-16
2.2199179026e+03 7.9334923303e-16
2.2305120703e+03 9.2976439349e-16
2.2411062380e+03 9.7523300907e-16
2.2517004058e+03 9.3949826722e-16
2.2622945735e+03 8.3929892688e-16
2.2728887412e+03 7.4177548828e-16
2.2834829089e+03 6.3243152573e-16
2.2940770766e+03 5.3401610179e-16
2.3046712443e+03 3.9177014254e-16
2.3152654120e+03 1.8024497497e-16
2.3258595798e+03 -2.5993897293e-17
2.3364537475e+03 -2.9939885942e-16
2.3470479152e+03 -4.2664284339e-16
2.3576420829e+03 -6.0978851355e-16
2.3682362506e+03 -6.4007333192e-16
2.3788304183e+03 -7.1657517739e-16
2.3894245861e+03 -6.8486202053e-16
2.4000187538e+03 -6.1700299688e-16
2.4106129215e+03 -4.3622413349e-16
2.4212070892e+03 -1.9599281934e-16
2.4318012569e+03 1.7117889794e-16
2.4423954246e+03 4.7187544769e-16
2.4529895923e+03 8.3850873489e-16
2.4635837601e+03 9.1022310776e-16
2.4741779278e+03 9.3764611966e-16
2.4847720955e+03 6.5671717979e-16
2.4953662632e+03 4.4584352564e-16
2.5059604309e+03 1.6641233009e-16
2.5165545986e+03 7.2423424666e-17
2.5271487663e+03 -2.8656899596e-17
2.5377429341e+03 2.8489970101e-17
2.5483371018e+03 2.7382892362e-17
2.5589312695e+03 1.6940727350e-16
2.5695254372e+03 1.9393021305e-16
2.5801196049e+03 3.6451961926e-16
2.5907137726e+03 3.4337500498e-16
2.6013079403e+03 4.4565826595e-16
2.6119021081e+03 1.7706575935e-16
2.6224962758e+03 -1.3783900157e-16
2.6330904435e+03 -1.1768165151e-15
2.6436846112e+03 -2.3785682780e-15
2.6542787789e+03 -4.3921847409e-15
2.6648729466e+03 -6.0808346869e-15
2.6754671143e+03 -8.2939296275e-15
2.6860612821e+03 -9.5056222423e-15
2.6966554498e+03 -1.1156509382e-14
2.7072496175e+03 -1.2430970410e-14
2.7178437852e+03 -7.3132443907e-15
2.7284379529e+03 -4.2288039312e-15
