# Turbulent kinetic energy budget term: ST (density-dependent contributions)
# Definition: ST = -\bar{\rho} \tilde{k} (\partial \tilde{u}_k / \partial x_k) + ... (see manuscript)
# Columns: y_plus    ST^+
3.8646263475e-01 1.8458698479e-07
1.1533752036e+00 4.6895800274e-06
1.9209634831e+00 2.8579379142e-05
2.6894093988e+00 8.7976911071e-05
3.4589138713e+00 2.2397194478e-04
4.2296938542e+00 4.6215437847e-04
5.0019793562e+00 7.9642110307e-04
5.7760106829e+00 1.1978585388e-03
6.5520360469e+00 1.6117593884e-03
7.3303096133e+00 1.9930999325e-03
8.1110899864e+00 2.3012999872e-03
8.8946390963e+00 2.5217185261e-03
9.6812214258e+00 2.6484988670e-03
1.0471103504e+01 2.6924265279e-03
1.1264553601e+01 2.6658153673e-03
1.2061841567e+01 2.5859383511e-03
1.2863238767e+01 2.4678154701e-03
1.3669018081e+01 2.3252529551e-03
1.4479453944e+01 2.1697077652e-03
1.5294822408e+01 2.0089305131e-03
1.6115401223e+01 1.8499159594e-03
1.6941469919e+01 1.6960808086e-03
1.7773309905e+01 1.5519631283e-03
1.8611204551e+01 1.4185368616e-03
1.9455439297e+01 1.2981149432e-03
2.0306301738e+01 1.1890657375e-03
2.1164081729e+01 1.0914296329e-03
2.2029071483e+01 1.0023832646e-03
2.2901565666e+01 9.2199028402e-04
2.3781861504e+01 8.4835762018e-04
2.4670258877e+01 7.8209580147e-04
2.5567060427e+01 7.2151828554e-04
2.6472571660e+01 6.6702120989e-04
2.7387101046e+01 6.1712800420e-04
2.8310960130e+01 5.7219657955e-04
2.9244463634e+01 5.3070189934e-04
3.0187929564e+01 4.9276511878e-04
3.1141679324e+01 4.5719360049e-04
3.2106037817e+01 4.2442842579e-04
3.3081333562e+01 3.9374536008e-04
3.4067898803e+01 3.6542871197e-04
3.5066069625e+01 3.3807530830e-04
3.6076186064e+01 3.1108240765e-04
3.7098592226e+01 2.8363849962e-04
3.8133636406e+01 2.5691743825e-04
3.9181671201e+01 2.3187314038e-04
4.0243053635e+01 2.0991373452e-04
4.1318145279e+01 1.9099214950e-04
4.2407312375e+01 1.7470398273e-04
4.3510925957e+01 1.5969863165e-04
4.4629361984e+01 1.4534971537e-04
4.5763001462e+01 1.3120414319e-04
4.6912230577e+01 1.1760322905e-04
4.8077440826e+01 1.0458627362e-04
4.9259029150e+01 9.2404071938e-05
5.0457398069e+01 8.1114968705e-05
5.1672955819e+01 7.0843821652e-05
5.2906116493e+01 6.1337680968e-05
5.4157300179e+01 5.2441339105e-05
5.5426933107e+01 4.4054595471e-05
5.6715447790e+01 3.6281649390e-05
5.8023283173e+01 2.9323401290e-05
5.9350884784e+01 2.3344393241e-05
6.0698704885e+01 1.7921823837e-05
6.2067202624e+01 1.2455247708e-05
6.3456844193e+01 6.3640158265e-06
6.4868102990e+01 -1.1826721852e-07
6.6301459772e+01 -6.5429791985e-06
6.7757402829e+01 -1.2151273635e-05
6.9236428142e+01 -1.7193388053e-05
7.0739039556e+01 -2.1904222091e-05
7.2265748952e+01 -2.6144430265e-05
7.3817076418e+01 -2.8714351994e-05
7.5393550430e+01 -2.8691598109e-05
7.6995708031e+01 -2.6545861498e-05
7.8624095011e+01 -2.3705893194e-05
8.0279266098e+01 -2.1600096391e-05
8.1961785143e+01 -2.1330669872e-05
8.3672225313e+01 -2.3263432861e-05
8.5411169286e+01 -2.7139627718e-05
8.7179209453e+01 -3.2186425353e-05
8.8976948115e+01 -3.8727752143e-05
9.0804997688e+01 -4.7230338525e-05
9.2663980918e+01 -5.6869994326e-05
9.4554531086e+01 -6.5375753474e-05
9.6477292228e+01 -7.1080693258e-05
9.8432919351e+01 -7.4239334379e-05
1.0042207866e+02 -7.5946040200e-05
1.0244544778e+02 -7.7643442108e-05
1.0450371600e+02 -7.9728288585e-05
1.0659758449e+02 -8.2388706896e-05
1.0872776654e+02 -8.5567375077e-05
1.1089498782e+02 -8.9586951523e-05
1.1309998661e+02 -9.4006384744e-05
1.1534351409e+02 -9.8544968127e-05
1.1762633451e+02 -1.0272023881e-04
1.1994922556e+02 -1.0630739897e-04
1.2231297854e+02 -1.1010441711e-04
1.2471839870e+02 -1.1276556498e-04
1.2716630546e+02 -1.1668967501e-04
1.2965753273e+02 -1.2141846116e-04
1.3219292918e+02 -1.2387656151e-04
1.3477335850e+02 -1.2231904637e-04
1.3739969976e+02 -1.1769197096e-04
1.4007284764e+02 -1.1418319585e-04
1.4279371277e+02 -1.1216220691e-04
1.4556322205e+02 -1.1000401341e-04
1.4838231894e+02 -1.0571072211e-04
1.5125196379e+02 -1.0026842991e-04
1.5417313418e+02 -9.8200555472e-05
1.5714682523e+02 -9.9253047473e-05
1.6017404996e+02 -9.9284696795e-05
1.6325583964e+02 -9.8444888924e-05
1.6639324409e+02 -1.0009581578e-04
1.6958733211e+02 -1.0404147193e-04
1.7283919180e+02 -1.0730533068e-04
1.7614993094e+02 -1.0707237879e-04
1.7952067737e+02 -1.0693983453e-04
1.8295257936e+02 -1.0898880079e-04
1.8644680602e+02 -1.0896191414e-04
1.9000454771e+02 -1.0757672169e-04
1.9362701641e+02 -1.0679836633e-04
1.9731544613e+02 -1.0511360776e-04
2.0107109340e+02 -1.0476981942e-04
2.0489523759e+02 -1.0737047124e-04
2.0878918146e+02 -1.0934440715e-04
2.1275425151e+02 -1.0889397634e-04
2.1679179849e+02 -1.0663893167e-04
2.2090319782e+02 -1.0512295181e-04
2.2508985010e+02 -1.0616059121e-04
2.2935318154e+02 -1.0558418575e-04
2.3369464451e+02 -1.0315760889e-04
2.3811571797e+02 -1.0189937585e-04
2.4261790799e+02 -1.0158963921e-04
2.4720274829e+02 -1.0194735259e-04
2.5187180076e+02 -1.0396051195e-04
2.5662665594e+02 -1.0626207118e-04
2.6146893364e+02 -1.0527462356e-04
2.6640028341e+02 -1.0463666412e-04
2.7142238519e+02 -1.0429577298e-04
2.7653694978e+02 -1.0260645527e-04
2.8174571954e+02 -1.0033368695e-04
2.8705046887e+02 -9.8968702699e-05
2.9245300490e+02 -9.7172464326e-05
2.9795516805e+02 -9.4868643803e-05
3.0355883269e+02 -9.2668425139e-05
3.0926590777e+02 -9.1880285690e-05
3.1507833746e+02 -9.0184164727e-05
3.2099810182e+02 -8.7919416232e-05
3.2702721749e+02 -8.6524269650e-05
3.3316773833e+02 -8.5336599266e-05
3.3942175615e+02 -8.3495427291e-05
3.4579140141e+02 -7.9393874137e-05
3.5227884389e+02 -7.4630189942e-05
3.5888629334e+02 -7.0480287761e-05
3.6561600013e+02 -6.5340599964e-05
3.7247025564e+02 -6.0096381415e-05
3.7945139238e+02 -5.6369350231e-05
3.8656178361e+02 -5.3000609551e-05
3.9380384183e+02 -4.8583874050e-05
4.0118001554e+02 -4.4083493450e-05
4.0869278313e+02 -3.9970474600e-05
4.1634464207e+02 -3.5094066018e-05
4.2413809122e+02 -3.0589477913e-05
4.3207560294e+02 -2.6965432650e-05
4.4015958123e+02 -2.3232680435e-05
4.4839230158e+02 -1.9484408474e-05
4.5677582794e+02 -1.5797500864e-05
4.6531190345e+02 -1.2398668662e-05
4.7400181292e+02 -9.9297506831e-06
4.8284621863e+02 -7.8195368124e-06
4.9184497480e+02 -6.0894282450e-06
5.0099693186e+02 -4.6420722177e-06
5.1029974625e+02 -3.4692377448e-06
5.1974971627e+02 -2.5704201532e-06
5.2934166651e+02 -1.8587162071e-06
5.3906890265e+02 -1.3125281353e-06
5.4892325388e+02 -9.3413921379e-07
5.5889521190e+02 -6.6477788639e-07
5.6897416497e+02 -4.5714760982e-07
5.7914871332e+02 -3.0556280561e-07
5.8940704153e+02 -2.0922093990e-07
5.9973731589e+02 -1.4320485044e-07
6.1012807113e+02 -9.5087602662e-08
6.2056855339e+02 -6.5163895728e-08
6.3104899243e+02 -4.6311423529e-08
6.4156078668e+02 -3.5512775404e-08
6.5209659581e+02 -2.8257769302e-08
6.6265034658e+02 -2.3424163247e-08
6.7321716636e+02 -2.0302532058e-08
6.8379326367e+02 -1.7866613068e-08
6.9437577694e+02 -1.6232472259e-08
7.0496261119e+02 -1.4858556727e-08
7.1555227852e+02 -1.3865507991e-08
7.2614375372e+02 -1.2884884058e-08
7.3673635149e+02 -1.2003828383e-08
7.4732962734e+02 -1.1272820033e-08
7.5792330156e+02 -1.0548485937e-08
7.6851720338e+02 -1.0119268086e-08
7.7911123163e+02 -9.7915897633e-09
7.8970532814e+02 -9.5501464936e-09
8.0029946048e+02 -9.1938469764e-09
8.1089361110e+02 -8.7706691102e-09
8.2148777078e+02 -8.2810250094e-09
8.3208193482e+02 -7.8173521845e-09
8.4267610090e+02 -7.3567493081e-09
8.5327026791e+02 -6.9226867036e-09
8.6386443532e+02 -6.5216128984e-09
8.7445860292e+02 -6.1158127034e-09
8.8505277058e+02 -5.6933370925e-09
8.9564693828e+02 -5.2611883237e-09
9.0624110599e+02 -4.8396726948e-09
9.1683527370e+02 -4.5029642825e-09
9.2742944141e+02 -4.2230450777e-09
9.3802360913e+02 -4.0163089286e-09
9.4861777684e+02 -3.8279531081e-09
9.5921194456e+02 -3.6944641623e-09
9.6980611227e+02 -3.6000398505e-09
9.8040027999e+02 -3.5959043736e-09
9.9099444770e+02 -3.6405749361e-09
1.0015886154e+03 -3.7546803574e-09
1.0121827831e+03 -3.8507678099e-09
1.0227769508e+03 -3.9260603529e-09
1.0333711186e+03 -3.9109395195e-09
1.0439652863e+03 -3.8396701035e-09
1.0545594540e+03 -3.6973879744e-09
1.0651536217e+03 -3.5272075772e-09
1.0757477894e+03 -3.3401568193e-09
1.0863419571e+03 -3.1806529562e-09
1.0969361249e+03 -3.0798040458e-09
1.1075302926e+03 -3.0583555982e-09
1.1181244603e+03 -3.1116544902e-09
1.1287186280e+03 -3.2020596250e-09
1.1393127957e+03 -3.2971457996e-09
1.1499069634e+03 -3.3562559976e-09
1.1605011311e+03 -3.3766117419e-09
1.1710952989e+03 -3.3521969918e-09
1.1816894666e+03 -3.3022504237e-09
1.1922836343e+03 -3.2289980157e-09
1.2028778020e+03 -3.1471600214e-09
1.2134719697e+03 -3.0578679829e-09
1.2240661374e+03 -2.9826714455e-09
1.2346603051e+03 -2.9253745669e-09
1.2452544729e+03 -2.9001393155e-09
1.2558486406e+03 -2.8932017781e-09
1.2664428083e+03 -2.8987905400e-09
1.2770369760e+03 -2.9055160176e-09
1.2876311437e+03 -2.9176417050e-09
1.2982253114e+03 -2.9452521410e-09
1.3088194791e+03 -2.9929180699e-09
1.3194136469e+03 -3.0607342060e-09
1.3300078146e+03 -3.1306770077e-09
1.3406019823e+03 -3.1915949963e-09
1.3511961500e+03 -3.2282364674e-09
1.3617903177e+03 -3.2466773434e-09
1.3723844854e+03 -3.2517711188e-09
1.3829786531e+03 -3.2585955073e-09
1.3935728209e+03 -3.2729650141e-09
1.4041669886e+03 -3.2999408624e-09
1.4147611563e+03 -3.3364752892e-09
1.4253553240e+03 -3.3788250970e-09
1.4359494917e+03 -3.4209933858e-09
1.4465436594e+03 -3.4582360075e-09
1.4571378272e+03 -3.4858111579e-09
1.4677319949e+03 -3.5034348145e-09
1.4783261626e+03 -3.5133207667e-09
1.4889203303e+03 -3.5187525592e-09
1.4995144980e+03 -3.5204880070e-09
1.5101086657e+03 -3.5192520816e-09
1.5207028334e+03 -3.5176468280e-09
1.5312970012e+03 -3.5195706366e-09
1.5418911689e+03 -3.5231977475e-09
1.5524853366e+03 -3.5228762330e-09
1.5630795043e+03 -3.5037698203e-09
1.5736736720e+03 -3.4605666919e-09
1.5842678397e+03 -3.3860400360e-09
1.5948620074e+03 -3.2931380723e-09
1.6054561752e+03 -3.1859992383e-09
1.6160503429e+03 -3.0857609963e-09
1.6266445106e+03 -2.9982539779e-09
1.6372386783e+03 -2.9424684355e-09
1.6478328460e+03 -2.9159873474e-09
1.6584270137e+03 -2.9179220555e-09
1.6690211814e+03 -2.9287509423e-09
1.6796153492e+03 -2.9341450629e-09
1.6902095169e+03 -2.9179137350e-09
1.7008036846e+03 -2.8726273379e-09
1.7113978523e+03 -2.7969147050e-09
1.7219920200e+03 -2.6959717117e-09
1.7325861877e+03 -2.5815885829e-09
1.7431803555e+03 -2.4647577214e-09
1.7537745232e+03 -2.3552835948e-09
1.7643686909e+03 -2.2550880171e-09
1.7749628586e+03 -2.1612165822e-09
1.7855570263e+03 -2.0705368962e-09
1.7961511940e+03 -1.9827485253e-09
1.8067453617e+03 -1.9044757503e-09
1.8173395295e+03 -1.8393401426e-09
1.8279336972e+03 -1.7920112882e-09
1.8385278649e+03 -1.7567218498e-09
1.8491220326e+03 -1.7309573552e-09
1.8597162003e+03 -1.7013198801e-09
1.8703103680e+03 -1.6669564535e-09
1.8809045357e+03 -1.6191845693e-09
1.8914987035e+03 -1.5695937360e-09
1.9020928712e+03 -1.5203340967e-09
1.9126870389e+03 -1.4905306244e-09
1.9232812066e+03 -1.4811732611e-09
1.9338753743e+03 -1.4983776302e-09
1.9444695420e+03 -1.5275108742e-09
1.9550637097e+03 -1.5596443021e-09
1.9656578775e+03 -1.5811477849e-09
1.9762520452e+03 -1.5901420192e-09
1.9868462129e+03 -1.5885848530e-09
1.9974403806e+03 -1.5819781243e-09
2.0080345483e+03 -1.5780773931e-09
2.0186287160e+03 -1.5796894169e-09
2.0292228837e+03 -1.5938344443e-09
2.0398170515e+03 -1.6196239875e-09
2.0504112192e+03 -1.6624784449e-09
2.0610053869e+03 -1.7167150519e-09
2.0715995546e+03 -1.7821242811e-09
2.0821937223e+03 -1.8478270095e-09
2.0927878900e+03 -1.9146243758e-09
2.1033820578e+03 -1.9779445545e-09
2.1139762255e+03 -2.0469049578e-09
2.1245703932e+03 -2.1189696156e-09
2.1351645609e+03 -2.1977442499e-09
2.1457587286e+03 -2.2737214244e-09
2.1563528963e+03 -2.3444276971e-09
2.1669470640e+03 -2.4027202240e-09
2.1775412318e+03 -2.4443747324e-09
2.1881353995e+03 -2.4651184053e-09
2.1987295672e+03 -2.4618834130e-09
2.2093237349e+03 -2.4415739118e-09
2.2199179026e+03 -2.4106219101e-09
2.2305120703e+03 -2.3835384557e-09
2.2411062380e+03 -2.3657038931e-09
2.2517004058e+03 -2.3688148452e-09
2.2622945735e+03 -2.3930578881e-09
2.2728887412e+03 -2.4440813065e-09
2.2834829089e+03 -2.5163500705e-09
2.2940770766e+03 -2.6082761752e-09
2.3046712443e+03 -2.7154983728e-09
2.3152654120e+03 -2.8356500158e-09
2.3258595798e+03 -2.9710346019e-09
2.3364537475e+03 -3.1150341417e-09
2.3470479152e+03 -3.2683199318e-09
2.3576420829e+03 -3.4160366271e-09
2.3682362506e+03 -3.5585341237e-09
2.3788304183e+03 -3.6798238640e-09
2.3894245861e+03 -3.7850708121e-09
2.4000187538e+03 -3.8606765354e-09
2.4106129215e+03 -3.9190484968e-09
2.4212070892e+03 -3.9479929739e-09
2.4318012569e+03 -3.9691464902e-09
2.4423954246e+03 -3.9715232389e-09
2.4529895923e+03 -3.9850250965e-09
2.4635837601e+03 -3.9920815052e-09
2.4741779278e+03 -4.0187877738e-09
2.4847720955e+03 -4.0383376563e-09
2.4953662632e+03 -4.0739739609e-09
2.5059604309e+03 -4.1021839268e-09
2.5165545986e+03 -4.1452041189e-09
2.5271487663e+03 -4.1876111036e-09
2.5377429341e+03 -4.2440170957e-09
2.5483371018e+03 -4.3060142787e-09
2.5589312695e+03 -4.3752927491e-09
2.5695254372e+03 -4.4500513305e-09
2.5801196049e+03 -4.5180864729e-09
2.5907137726e+03 -4.5882378088e-09
2.6013079403e+03 -4.6448267767e-09
2.6119021081e+03 -4.7251821506e-09
2.6224962758e+03 -4.8190003491e-09
2.6330904435e+03 -4.9809965001e-09
2.6436846112e+03 -5.1778152868e-09
2.6542787789e+03 -5.4530158591e-09
2.6648729466e+03 -5.7487296617e-09
2.6754671143e+03 -6.0983281748e-09
2.6860612821e+03 -6.4321084270e-09
2.6966554498e+03 -6.7626959379e-09
2.7072496175e+03 -7.5496898384e-09
2.7178437852e+03 -6.8714890917e-09
2.7284379529e+03 -7.3732406828e-09
