# Turbulent kinetic energy budget term: Pi (pressure diffusion + dilatation)
# Definition: Pi = -\partial_{x_i}(\overline{p' u_i''}) + \overline{ p' (\partial u_i'' / \partial x_i)}
# Columns: y_plus    Pi^+
3.8646263475e-01 1.1457917951e-02
1.1533752036e+00 1.6627094226e-02
1.9209634831e+00 2.3753657861e-02
2.6894093988e+00 2.2902686589e-02
3.4589138713e+00 2.1713923114e-02
4.2296938542e+00 2.0439741462e-02
5.0019793562e+00 1.8304390786e-02
5.7760106829e+00 1.6536116326e-02
6.5520360469e+00 1.4323774440e-02
7.3303096133e+00 1.2395633312e-02
8.1110899864e+00 1.0254070791e-02
8.8946390963e+00 8.2829377528e-03
9.6812214258e+00 6.3143479248e-03
1.0471103504e+01 4.4607058627e-03
1.1264553601e+01 2.7900724439e-03
1.2061841567e+01 1.2106041302e-03
1.2863238767e+01 -6.4062181881e-05
1.3669018081e+01 -1.2613593791e-03
1.4479453944e+01 -2.0898079856e-03
1.5294822408e+01 -2.8567025909e-03
1.6115401223e+01 -3.2448919963e-03
1.6941469919e+01 -3.6079154661e-03
1.7773309905e+01 -3.6346792247e-03
1.8611204551e+01 -3.6897228911e-03
1.9455439297e+01 -3.4744678355e-03
2.0306301738e+01 -3.3425551782e-03
2.1164081729e+01 -3.0184235652e-03
2.2029071483e+01 -2.8313855582e-03
2.2901565666e+01 -2.5168613258e-03
2.3781861504e+01 -2.3537821865e-03
2.4670258877e+01 -2.0760461796e-03
2.5567060427e+01 -1.9158122577e-03
2.6472571660e+01 -1.6298336584e-03
2.7387101046e+01 -1.4372008025e-03
2.8310960130e+01 -1.1360687668e-03
2.9244463634e+01 -9.3357577148e-04
3.0187929564e+01 -6.5573854122e-04
3.1141679324e+01 -4.8655869052e-04
3.2106037817e+01 -2.6306612728e-04
3.3081333562e+01 -1.3280586702e-04
3.4067898803e+01 6.1234543022e-05
3.5066069625e+01 1.8986269517e-04
3.6076186064e+01 3.7951513957e-04
3.7098592226e+01 5.0022084549e-04
3.8133636406e+01 6.5407037806e-04
3.9181671201e+01 7.3057126592e-04
4.0243053635e+01 8.2795799274e-04
4.1318145279e+01 8.5512326451e-04
4.2407312375e+01 8.9895372134e-04
4.3510925957e+01 8.8575955612e-04
4.4629361984e+01 8.9919474640e-04
4.5763001462e+01 8.7229025048e-04
4.6912230577e+01 8.6158797383e-04
4.8077440826e+01 7.9580658909e-04
4.9259029150e+01 7.2833069349e-04
5.0457398069e+01 6.1163225803e-04
5.1672955819e+01 4.9964920750e-04
5.2906116493e+01 3.4955693276e-04
5.4157300179e+01 2.0877288181e-04
5.5426933107e+01 4.7836290269e-05
5.6715447790e+01 -8.8445367122e-05
5.8023283173e+01 -2.2881941191e-04
5.9350884784e+01 -3.3144382633e-04
6.0698704885e+01 -4.1243121351e-04
6.2067202624e+01 -4.4231046555e-04
6.3456844193e+01 -4.5437429390e-04
6.4868102990e+01 -4.3336638104e-04
6.6301459772e+01 -4.1143677908e-04
6.7757402829e+01 -3.8019641874e-04
6.9236428142e+01 -3.6014335473e-04
7.0739039556e+01 -3.2934819043e-04
7.2265748952e+01 -3.0737705252e-04
7.3817076418e+01 -2.9970047271e-04
7.5393550430e+01 -3.3410487439e-04
7.6995708031e+01 -3.9207699491e-04
7.8624095011e+01 -4.5995107937e-04
8.0279266098e+01 -5.1380369554e-04
8.1961785143e+01 -5.6237736795e-04
8.3672225313e+01 -6.1167251834e-04
8.5411169286e+01 -6.8044011649e-04
8.7179209453e+01 -7.5182557472e-04
8.8976948115e+01 -8.1651769657e-04
9.0804997688e+01 -8.5519464685e-04
9.2663980918e+01 -8.7168144609e-04
9.4554531086e+01 -8.6227540957e-04
9.6477292228e+01 -8.3043244284e-04
9.8432919351e+01 -7.6317731794e-04
1.0042207866e+02 -6.6040756462e-04
1.0244544778e+02 -5.1953323181e-04
1.0450371600e+02 -3.6477973967e-04
1.0659758449e+02 -2.1544392311e-04
1.0872776654e+02 -1.0439516339e-04
1.1089498782e+02 -5.4781136037e-05
1.1309998661e+02 -5.6831842828e-05
1.1534351409e+02 -7.9109040621e-05
1.1762633451e+02 -1.0798480617e-04
1.1994922556e+02 -1.4854517664e-04
1.2231297854e+02 -2.0113736239e-04
1.2471839870e+02 -2.3027695725e-04
1.2716630546e+02 -2.3296630080e-04
1.2965753273e+02 -2.2231047304e-04
1.3219292918e+02 -2.2953309448e-04
1.3477335850e+02 -2.6878026383e-04
1.3739969976e+02 -3.3286127341e-04
1.4007284764e+02 -3.8644369705e-04
1.4279371277e+02 -4.2143417490e-04
1.4556322205e+02 -4.3819184558e-04
1.4838231894e+02 -4.3551792594e-04
1.5125196379e+02 -4.0271079723e-04
1.5417313418e+02 -3.4949338862e-04
1.5714682523e+02 -2.7264436146e-04
1.6017404996e+02 -2.0591648123e-04
1.6325583964e+02 -1.5683228459e-04
1.6639324409e+02 -1.1522514135e-04
1.6958733211e+02 -5.4015779408e-05
1.7283919180e+02 -3.1701698151e-06
1.7614993094e+02 1.6756911356e-05
1.7952067737e+02 1.2982406708e-05
1.8295257936e+02 -9.0714525923e-06
1.8644680602e+02 -3.1527049809e-06
1.9000454771e+02 5.5438334402e-05
1.9362701641e+02 1.3370713950e-04
1.9731544613e+02 2.0109752630e-04
2.0107109340e+02 2.3443798613e-04
2.0489523759e+02 2.5417474613e-04
2.0878918146e+02 2.5345889618e-04
2.1275425151e+02 2.1471489626e-04
2.1679179849e+02 1.7267135136e-04
2.2090319782e+02 1.5704409627e-04
2.2508985010e+02 1.4392867674e-04
2.2935318154e+02 1.3272516808e-04
2.3369464451e+02 1.2642282600e-04
2.3811571797e+02 1.0389227321e-04
2.4261790799e+02 7.0016134449e-05
2.4720274829e+02 4.6787224960e-05
2.5187180076e+02 4.6392369202e-05
2.5662665594e+02 5.0487910447e-05
2.6146893364e+02 6.0085265126e-05
2.6640028341e+02 7.5471511704e-05
2.7142238519e+02 1.0050871002e-04
2.7653694978e+02 1.1736035123e-04
2.8174571954e+02 5.1406605739e-05
2.8705046887e+02 -7.8294264780e-05
2.9245300490e+02 -2.0150132438e-04
2.9795516805e+02 -3.0521115949e-04
3.0355883269e+02 -3.7709269784e-04
3.0926590777e+02 -4.1360578827e-04
3.1507833746e+02 -4.3971515722e-04
3.2099810182e+02 -4.8076761943e-04
3.2702721749e+02 -4.9083696231e-04
3.3316773833e+02 -5.0465329331e-04
3.3942175615e+02 -5.2200380825e-04
3.4579140141e+02 -5.6451299254e-04
3.5227884389e+02 -6.0416589745e-04
3.5888629334e+02 -6.5782812064e-04
3.6561600013e+02 -7.0425957295e-04
3.7247025564e+02 -6.9753645940e-04
3.7945139238e+02 -6.9854257388e-04
3.8656178361e+02 -6.9368602917e-04
3.9380384183e+02 -7.0786938759e-04
4.0118001554e+02 -7.0232636788e-04
4.0869278313e+02 -6.6971182727e-04
4.1634464207e+02 -6.5677031623e-04
4.2413809122e+02 -6.4188939469e-04
4.3207560294e+02 -5.9431392410e-04
4.4015958123e+02 -5.2890738032e-04
4.4839230158e+02 -4.6853217873e-04
4.5677582794e+02 -4.2604515580e-04
4.6531190345e+02 -3.9744870611e-04
4.7400181292e+02 -3.4955520827e-04
4.8284621863e+02 -2.9145707701e-04
4.9184497480e+02 -2.4770858017e-04
5.0099693186e+02 -2.2656466129e-04
5.1029974625e+02 -2.0146038589e-04
5.1974971627e+02 -1.5716993057e-04
5.2934166651e+02 -1.1170994087e-04
5.3906890265e+02 -7.4081624483e-05
5.4892325388e+02 -4.7342047884e-05
5.5889521190e+02 -2.3613880368e-05
5.6897416497e+02 -2.6945073097e-06
5.7914871332e+02 8.8530116923e-06
5.8940704153e+02 1.9217045284e-05
5.9973731589e+02 2.4926523522e-05
6.1012807113e+02 2.7087152148e-05
6.2056855339e+02 2.6853339329e-05
6.3104899243e+02 2.7652308979e-05
6.4156078668e+02 2.8431818862e-05
6.5209659581e+02 2.7454502107e-05
6.6265034658e+02 2.5702629212e-05
6.7321716636e+02 2.4001269335e-05
6.8379326367e+02 2.1890397819e-05
6.9437577694e+02 1.9903953136e-05
7.0496261119e+02 1.8109018147e-05
7.1555227852e+02 1.6445204080e-05
7.2614375372e+02 1.4927981607e-05
7.3673635149e+02 1.3672093350e-05
7.4732962734e+02 1.2652741173e-05
7.5792330156e+02 1.1674311472e-05
7.6851720338e+02 1.0669900403e-05
7.7911123163e+02 9.7356530131e-06
7.8970532814e+02 8.8277210723e-06
8.0029946048e+02 8.0052270352e-06
8.1089361110e+02 7.2611915492e-06
8.2148777078e+02 6.6372382928e-06
8.3208193482e+02 6.1168376195e-06
8.4267610090e+02 5.6662124699e-06
8.5327026791e+02 5.2130047960e-06
8.6386443532e+02 4.7714107127e-06
8.7445860292e+02 4.3010758699e-06
8.8505277058e+02 3.8652373934e-06
8.9564693828e+02 3.4680279240e-06
9.0624110599e+02 3.1571151028e-06
9.1683527370e+02 2.9152364174e-06
9.2742944141e+02 2.7313966676e-06
9.3802360913e+02 2.5728666940e-06
9.4861777684e+02 2.4401399402e-06
9.5921194456e+02 2.3123367263e-06
9.6980611227e+02 2.1800550588e-06
9.8040027999e+02 2.0296709948e-06
9.9099444770e+02 1.8515911331e-06
1.0015886154e+03 1.6583360078e-06
1.0121827831e+03 1.4473365248e-06
1.0227769508e+03 1.2418788894e-06
1.0333711186e+03 1.0454874180e-06
1.0439652863e+03 8.7468812736e-07
1.0545594540e+03 7.2501730504e-07
1.0651536217e+03 5.9360230655e-07
1.0757477894e+03 4.7231316843e-07
1.0863419571e+03 3.6575314932e-07
1.0969361249e+03 2.7072366709e-07
1.1075302926e+03 1.9524625922e-07
1.1181244603e+03 1.2852076379e-07
1.1287186280e+03 8.2415478576e-08
1.1393127957e+03 4.8363523221e-08
1.1499069634e+03 4.5937587322e-08
1.1605011311e+03 6.5686654237e-08
1.1710952989e+03 1.2240154883e-07
1.1816894666e+03 1.9921751006e-07
1.1922836343e+03 3.0504089333e-07
1.2028778020e+03 4.2455338316e-07
1.2134719697e+03 5.6275234377e-07
1.2240661374e+03 6.9392973989e-07
1.2346603051e+03 8.0796027439e-07
1.2452544729e+03 8.8055720181e-07
1.2558486406e+03 9.2495689245e-07
1.2664428083e+03 9.5750433380e-07
1.2770369760e+03 1.0105118528e-06
1.2876311437e+03 1.0949097450e-06
1.2982253114e+03 1.2040701698e-06
1.3088194791e+03 1.3302926399e-06
1.3194136469e+03 1.4534872683e-06
1.3300078146e+03 1.5794006377e-06
1.3406019823e+03 1.6756036302e-06
1.3511961500e+03 1.7455832225e-06
1.3617903177e+03 1.7495877885e-06
1.3723844854e+03 1.7053751562e-06
1.3829786531e+03 1.6001938965e-06
1.3935728209e+03 1.4730477706e-06
1.4041669886e+03 1.3250612569e-06
1.4147611563e+03 1.1789965382e-06
1.4253553240e+03 1.0199496632e-06
1.4359494917e+03 8.5787707833e-07
1.4465436594e+03 6.8152469249e-07
1.4571378272e+03 5.1219563561e-07
1.4677319949e+03 3.3786354918e-07
1.4783261626e+03 1.8634565355e-07
1.4889203303e+03 5.1605277941e-08
1.4995144980e+03 -1.8647533156e-08
1.5101086657e+03 -2.6849352983e-08
1.5207028334e+03 5.9440912819e-08
1.5312970012e+03 2.0008716884e-07
1.5418911689e+03 3.9145792623e-07
1.5524853366e+03 5.7339157957e-07
1.5630795043e+03 7.4441135190e-07
1.5736736720e+03 8.6160064929e-07
1.5842678397e+03 9.4314603023e-07
1.5948620074e+03 9.6808740287e-07
1.6054561752e+03 9.6632570275e-07
1.6160503429e+03 9.2923032886e-07
1.6266445106e+03 8.8696313355e-07
1.6372386783e+03 8.3415026410e-07
1.6478328460e+03 7.9896769750e-07
1.6584270137e+03 7.8409668673e-07
1.6690211814e+03 8.1634196150e-07
1.6796153492e+03 8.9342938986e-07
1.6902095169e+03 1.0184479414e-06
1.7008036846e+03 1.1632837339e-06
1.7113978523e+03 1.3050318553e-06
1.7219920200e+03 1.4087109877e-06
1.7325861877e+03 1.4644053502e-06
1.7431803555e+03 1.4712703241e-06
1.7537745232e+03 1.4455711571e-06
1.7643686909e+03 1.3962433865e-06
1.7749628586e+03 1.3398872164e-06
1.7855570263e+03 1.2729063671e-06
1.7961511940e+03 1.2172291143e-06
1.8067453617e+03 1.1599709469e-06
1.8173395295e+03 1.1342463932e-06
1.8279336972e+03 1.1215494795e-06
1.8385278649e+03 1.1458852310e-06
1.8491220326e+03 1.1710519144e-06
1.8597162003e+03 1.2017218540e-06
1.8703103680e+03 1.2078705673e-06
1.8809045357e+03 1.1982736889e-06
1.8914987035e+03 1.1645874766e-06
1.9020928712e+03 1.1107191782e-06
1.9126870389e+03 1.0439739869e-06
1.9232812066e+03 9.5489457190e-07
1.9338753743e+03 8.6708851921e-07
1.9444695420e+03 7.6401713857e-07
1.9550637097e+03 6.8353257882e-07
1.9656578775e+03 6.0089483879e-07
1.9762520452e+03 5.5294457681e-07
1.9868462129e+03 5.0416065608e-07
1.9974403806e+03 4.8199194058e-07
2.0080345483e+03 4.5002941383e-07
2.0186287160e+03 4.4016901664e-07
2.0292228837e+03 4.2463721596e-07
2.0398170515e+03 4.5134069192e-07
2.0504112192e+03 4.8547359467e-07
2.0610053869e+03 5.7418725623e-07
2.0715995546e+03 6.5435814007e-07
2.0821937223e+03 7.6613359990e-07
2.0927878900e+03 8.4504882740e-07
2.1033820578e+03 9.4905021778e-07
2.1139762255e+03 1.0250267607e-06
2.1245703932e+03 1.1335310512e-06
2.1351645609e+03 1.2039599511e-06
2.1457587286e+03 1.2861897844e-06
2.1563528963e+03 1.2986338677e-06
2.1669470640e+03 1.2989220450e-06
2.1775412318e+03 1.2229027587e-06
2.1881353995e+03 1.1434354543e-06
2.1987295672e+03 1.0126607655e-06
2.2093237349e+03 8.9826727586e-07
2.2199179026e+03 7.5796961054e-07
2.2305120703e+03 6.3273639506e-07
2.2411062380e+03 4.9356852044e-07
2.2517004058e+03 3.4158472136e-07
2.2622945735e+03 1.8597601782e-07
2.2728887412e+03 -7.0565685035e-09
2.2834829089e+03 -1.7936247355e-07
2.2940770766e+03 -3.9778094189e-07
2.3046712443e+03 -5.6970167557e-07
2.3152654120e+03 -7.7942374933e-07
2.3258595798e+03 -9.1491966810e-07
2.3364537475e+03 -1.0767995920e-06
2.3470479152e+03 -1.1732953361e-06
2.3576420829e+03 -1.3020454559e-06
2.3682362506e+03 -1.4069477393e-06
2.3788304183e+03 -1.5293250507e-06
2.3894245861e+03 -1.6801134662e-06
2.4000187538e+03 -1.8064798223e-06
2.4106129215e+03 -2.0190066386e-06
2.4212070892e+03 -2.1479413945e-06
2.4318012569e+03 -2.4228181391e-06
2.4423954246e+03 -2.5297701616e-06
2.4529895923e+03 -2.8177571887e-06
2.4635837601e+03 -2.8217913623e-06
2.4741779278e+03 -3.0448864008e-06
2.4847720955e+03 -2.8973978196e-06
2.4953662632e+03 -3.0495071014e-06
2.5059604309e+03 -2.7622614618e-06
2.5165545986e+03 -2.8583681606e-06
2.5271487663e+03 -2.4103388441e-06
2.5377429341e+03 -2.4344854778e-06
2.5483371018e+03 -1.7642916633e-06
2.5589312695e+03 -1.6880624292e-06
2.5695254372e+03 -7.3706013801e-07
2.5801196049e+03 -5.8340713091e-07
2.5907137726e+03 5.9032651139e-07
2.6013079403e+03 6.7526014419e-07
2.6119021081e+03 1.8639325817e-06
2.6224962758e+03 1.7121535823e-06
2.6330904435e+03 2.6584454552e-06
2.6436846112e+03 2.2907164147e-06
2.6542787789e+03 2.7981862813e-06
2.6648729466e+03 2.5864110800e-06
2.6754671143e+03 2.4991880491e-06
2.6860612821e+03 3.0009810422e-06
2.6966554498e+03 2.1205748416e-06
2.7072496175e+03 -2.3855739577e-04
2.7178437852e+03 1.5690258492e-04
2.7284379529e+03 -1.7524043706e-04
