# Turbulent kinetic energy budget term: D (viscous diffusion)
# Definition: D = \partial_{x_j} (\overline{\sigma_{ij}' u_i''})
# Columns: y_plus    D^+
3.8646263475e-01 2.1865358724e-01
1.1533752036e+00 1.8834145321e-01
1.9209634831e+00 1.5581137130e-01
2.6894093988e+00 1.1477999809e-01
3.4589138713e+00 6.5533518401e-02
4.2296938542e+00 1.6090138755e-02
5.0019793562e+00 -2.5890852422e-02
5.7760106829e+00 -5.6098108647e-02
6.5520360469e+00 -7.3851074457e-02
7.3303096133e+00 -8.0964809567e-02
8.1110899864e+00 -8.0317758969e-02
8.8946390963e+00 -7.4851454471e-02
9.6812214258e+00 -6.6927224519e-02
1.0471103504e+01 -5.8160339497e-02
1.1264553601e+01 -4.9502037542e-02
1.2061841567e+01 -4.1500304340e-02
1.2863238767e+01 -3.4446522211e-02
1.3669018081e+01 -2.8441192320e-02
1.4479453944e+01 -2.3402275388e-02
1.5294822408e+01 -1.9148632898e-02
1.6115401223e+01 -1.5492259767e-02
1.6941469919e+01 -1.2331082003e-02
1.7773309905e+01 -9.6414553143e-03
1.8611204551e+01 -7.4174606072e-03
1.9455439297e+01 -5.6109219154e-03
2.0306301738e+01 -4.1526200929e-03
2.1164081729e+01 -2.9836262979e-03
2.2029071483e+01 -2.0643613325e-03
2.2901565666e+01 -1.3492091070e-03
2.3781861504e+01 -7.9225231382e-04
2.4670258877e+01 -3.6439689258e-04
2.5567060427e+01 -5.8126174227e-05
2.6472571660e+01 1.3818808063e-04
2.7387101046e+01 2.5324292165e-04
2.8310960130e+01 3.3282408751e-04
2.9244463634e+01 4.1490350634e-04
3.0187929564e+01 5.0762904725e-04
3.1141679324e+01 5.9830500468e-04
3.2106037817e+01 6.7807903717e-04
3.3081333562e+01 7.3258598863e-04
3.4067898803e+01 7.3850505232e-04
3.5066069625e+01 6.8585467935e-04
3.6076186064e+01 5.9541044540e-04
3.7098592226e+01 4.9492824774e-04
3.8133636406e+01 3.9772084850e-04
3.9181671201e+01 3.1902473918e-04
4.0243053635e+01 2.7887019974e-04
4.1318145279e+01 2.6967626885e-04
4.2407312375e+01 2.6500300880e-04
4.3510925957e+01 2.6351905563e-04
4.4629361984e+01 2.9120169609e-04
4.5763001462e+01 3.6217407333e-04
4.6912230577e+01 4.5005059428e-04
4.8077440826e+01 4.9363567612e-04
4.9259029150e+01 4.5519124775e-04
5.0457398069e+01 3.6772414198e-04
5.1672955819e+01 2.8906223537e-04
5.2906116493e+01 2.4302997942e-04
5.4157300179e+01 2.2345347054e-04
5.5426933107e+01 2.0872793447e-04
5.6715447790e+01 1.8506099634e-04
5.8023283173e+01 1.6429316728e-04
5.9350884784e+01 1.5244288147e-04
6.0698704885e+01 1.3456345561e-04
6.2067202624e+01 1.0187871889e-04
6.3456844193e+01 6.4119344805e-05
6.4868102990e+01 4.7387440579e-05
6.6301459772e+01 6.7404873385e-05
6.7757402829e+01 1.1007912840e-04
6.9236428142e+01 1.4867864281e-04
7.0739039556e+01 1.4302395652e-04
7.2265748952e+01 8.5531273937e-05
7.3817076418e+01 4.3916648249e-05
7.5393550430e+01 6.4233679702e-05
7.6995708031e+01 9.6483092052e-05
7.8624095011e+01 8.8231543382e-05
8.0279266098e+01 6.4543502777e-05
8.1961785143e+01 5.8863430730e-05
8.3672225313e+01 5.6218917588e-05
8.5411169286e+01 2.8143183417e-05
8.7179209453e+01 -1.6502770494e-05
8.8976948115e+01 -2.9949909218e-05
9.0804997688e+01 -1.8161508691e-06
9.2663980918e+01 2.6695144332e-05
9.4554531086e+01 4.1587715371e-05
9.6477292228e+01 5.7541223646e-05
9.8432919351e+01 6.2209866687e-05
1.0042207866e+02 4.2680824174e-05
1.0244544778e+02 2.5125921529e-05
1.0450371600e+02 3.8948531914e-05
1.0659758449e+02 6.5364847183e-05
1.0872776654e+02 7.8134109513e-05
1.1089498782e+02 8.3429239590e-05
1.1309998661e+02 5.6451957515e-05
1.1534351409e+02 -1.3370180195e-05
1.1762633451e+02 -5.5615531878e-05
1.1994922556e+02 -4.6365759101e-05
1.2231297854e+02 -1.1635924345e-05
1.2471839870e+02 2.8609236849e-05
1.2716630546e+02 3.5286436466e-05
1.2965753273e+02 1.7186150410e-05
1.3219292918e+02 2.8238683970e-06
1.3477335850e+02 -2.6295170355e-05
1.3739969976e+02 -6.8298335777e-05
1.4007284764e+02 -7.9196698583e-05
1.4279371277e+02 -5.5776551133e-05
1.4556322205e+02 -3.3441660525e-05
1.4838231894e+02 -1.5890737521e-05
1.5125196379e+02 8.7450899015e-06
1.5417313418e+02 3.5062036993e-05
1.5714682523e+02 3.6573809807e-05
1.6017404996e+02 1.6113566726e-05
1.6325583964e+02 1.3261987681e-05
1.6639324409e+02 3.1360182641e-05
1.6958733211e+02 4.3420970111e-05
1.7283919180e+02 3.2956860993e-05
1.7614993094e+02 2.4513455884e-06
1.7952067737e+02 -2.5005295245e-05
1.8295257936e+02 -2.1389395164e-05
1.8644680602e+02 -1.0553700468e-05
1.9000454771e+02 -3.2545665113e-05
1.9362701641e+02 -5.9866848412e-05
1.9731544613e+02 -5.9481417036e-05
2.0107109340e+02 -3.2056281253e-05
2.0489523759e+02 -1.0458811410e-05
2.0878918146e+02 -3.0321225926e-05
2.1275425151e+02 -6.1839415816e-05
2.1679179849e+02 -6.0812738741e-05
2.2090319782e+02 -2.1771369024e-05
2.2508985010e+02 5.3571895604e-06
2.2935318154e+02 1.2342772993e-05
2.3369464451e+02 1.3749135326e-05
2.3811571797e+02 1.4877777656e-05
2.4261790799e+02 3.0288870935e-05
2.4720274829e+02 3.2414463060e-05
2.5187180076e+02 1.2248843854e-05
2.5662665594e+02 3.4465693428e-06
2.6146893364e+02 -1.8766567092e-05
2.6640028341e+02 -5.5318540090e-05
2.7142238519e+02 -4.5430972611e-05
2.7653694978e+02 -2.0276387372e-05
2.8174571954e+02 -2.5762890412e-05
2.8705046887e+02 -2.3890304181e-05
2.9245300490e+02 -1.1839519131e-05
2.9795516805e+02 -1.5712365341e-05
3.0355883269e+02 -4.0713039231e-06
3.0926590777e+02 1.1790626913e-05
3.1507833746e+02 8.1001558327e-06
3.2099810182e+02 9.3564278692e-06
3.2702721749e+02 1.2848886271e-05
3.3316773833e+02 1.7859057567e-06
3.3942175615e+02 -4.2391678172e-07
3.4579140141e+02 1.6970313360e-05
3.5227884389e+02 2.1401101564e-05
3.5888629334e+02 2.5107627815e-05
3.6561600013e+02 3.3371420336e-05
3.7247025564e+02 3.1041451650e-05
3.7945139238e+02 2.4563566159e-05
3.8656178361e+02 3.1945088157e-05
3.9380384183e+02 4.1626242564e-05
4.0118001554e+02 4.9184276582e-05
4.0869278313e+02 4.9006959970e-05
4.1634464207e+02 4.1619611288e-05
4.2413809122e+02 4.7044797181e-05
4.3207560294e+02 5.4977521401e-05
4.4015958123e+02 5.4644686701e-05
4.4839230158e+02 5.9638891995e-05
4.5677582794e+02 6.4349149300e-05
4.6531190345e+02 6.1965368154e-05
4.7400181292e+02 5.7107889120e-05
4.8284621863e+02 5.0907083483e-05
4.9184497480e+02 4.3886956096e-05
5.0099693186e+02 3.8715296835e-05
5.1029974625e+02 3.6974539868e-05
5.1974971627e+02 3.4557193542e-05
5.2934166651e+02 3.1027631831e-05
5.3906890265e+02 2.7347357248e-05
5.4892325388e+02 2.3482325499e-05
5.5889521190e+02 1.9067046358e-05
5.6897416497e+02 1.5298461779e-05
5.7914871332e+02 1.1646046903e-05
5.8940704153e+02 9.3433445076e-06
5.9973731589e+02 7.5212542633e-06
6.1012807113e+02 5.8497478759e-06
6.2056855339e+02 5.0139940337e-06
6.3104899243e+02 4.2976420183e-06
6.4156078668e+02 3.6953170843e-06
6.5209659581e+02 3.1608351242e-06
6.6265034658e+02 2.4408016667e-06
6.7321716636e+02 1.8890827111e-06
6.8379326367e+02 1.5184024077e-06
6.9437577694e+02 1.1583528688e-06
7.0496261119e+02 9.7432289023e-07
7.1555227852e+02 8.6052775234e-07
7.2614375372e+02 6.7013794312e-07
7.3673635149e+02 5.4316810996e-07
7.4732962734e+02 4.9876780970e-07
7.5792330156e+02 4.2094238964e-07
7.6851720338e+02 3.5507009820e-07
7.7911123163e+02 3.0826486313e-07
7.8970532814e+02 2.6806192025e-07
8.0029946048e+02 2.3488998176e-07
8.1089361110e+02 2.0658699442e-07
8.2148777078e+02 1.8216844567e-07
8.3208193482e+02 1.6125629542e-07
8.4267610090e+02 1.4327985472e-07
8.5327026791e+02 1.2796646157e-07
8.6386443532e+02 1.1468230626e-07
8.7445860292e+02 1.0310840717e-07
8.8505277058e+02 9.3005945172e-08
8.9564693828e+02 8.4044905885e-08
9.0624110599e+02 7.6205754037e-08
9.1683527370e+02 6.9331189773e-08
9.2742944141e+02 6.3280878751e-08
9.3802360913e+02 5.7832529061e-08
9.4861777684e+02 5.2852427590e-08
9.5921194456e+02 4.8280554979e-08
9.6980611227e+02 4.4116440892e-08
9.8040027999e+02 4.0279219274e-08
9.9099444770e+02 3.6763566503e-08
1.0015886154e+03 3.3548614245e-08
1.0121827831e+03 3.0624083468e-08
1.0227769508e+03 2.7994711918e-08
1.0333711186e+03 2.5639909456e-08
1.0439652863e+03 2.3613763423e-08
1.0545594540e+03 2.1886833252e-08
1.0651536217e+03 2.0430873745e-08
1.0757477894e+03 1.9134421219e-08
1.0863419571e+03 1.7936774227e-08
1.0969361249e+03 1.6786481137e-08
1.1075302926e+03 1.5666553730e-08
1.1181244603e+03 1.4563367603e-08
1.1287186280e+03 1.3484333918e-08
1.1393127957e+03 1.2469822276e-08
1.1499069634e+03 1.1549738908e-08
1.1605011311e+03 1.0725538781e-08
1.1710952989e+03 9.9694383868e-09
1.1816894666e+03 9.2072629007e-09
1.1922836343e+03 8.3915344273e-09
1.2028778020e+03 7.4832874242e-09
1.2134719697e+03 6.5300180685e-09
1.2240661374e+03 5.6209121832e-09
1.2346603051e+03 4.8430787116e-09
1.2452544729e+03 4.2293340371e-09
1.2558486406e+03 3.7471926586e-09
1.2664428083e+03 3.3372142418e-09
1.2770369760e+03 2.9885915511e-09
1.2876311437e+03 2.7033615168e-09
1.2982253114e+03 2.5032519343e-09
1.3088194791e+03 2.3781943889e-09
1.3194136469e+03 2.3104787020e-09
1.3300078146e+03 2.2785649762e-09
1.3406019823e+03 2.2403320593e-09
1.3511961500e+03 2.1988828380e-09
1.3617903177e+03 2.1493452027e-09
1.3723844854e+03 2.1134551418e-09
1.3829786531e+03 2.0472969216e-09
1.3935728209e+03 1.9593011390e-09
1.4041669886e+03 1.8560661076e-09
1.4147611563e+03 1.8122328652e-09
1.4253553240e+03 1.8240770911e-09
1.4359494917e+03 1.8902058132e-09
1.4465436594e+03 1.9582617548e-09
1.4571378272e+03 2.0595861336e-09
1.4677319949e+03 2.1770437259e-09
1.4783261626e+03 2.2909982083e-09
1.4889203303e+03 2.2930803817e-09
1.4995144980e+03 2.1427519853e-09
1.5101086657e+03 1.8423304695e-09
1.5207028334e+03 1.5128392066e-09
1.5312970012e+03 1.2324740037e-09
1.5418911689e+03 1.0817155025e-09
1.5524853366e+03 1.0122770352e-09
1.5630795043e+03 9.9405498934e-10
1.5736736720e+03 9.2737775458e-10
1.5842678397e+03 7.9100057250e-10
1.5948620074e+03 5.3960795247e-10
1.6054561752e+03 2.1409978094e-10
1.6160503429e+03 -1.8376105169e-10
1.6266445106e+03 -5.8771950260e-10
1.6372386783e+03 -1.0059735603e-09
1.6478328460e+03 -1.3835754661e-09
1.6584270137e+03 -1.7669966014e-09
1.6690211814e+03 -2.0852857586e-09
1.6796153492e+03 -2.3715999364e-09
1.6902095169e+03 -2.5185503063e-09
1.7008036846e+03 -2.5749747577e-09
1.7113978523e+03 -2.4514236599e-09
1.7219920200e+03 -2.2698961526e-09
1.7325861877e+03 -1.9896502547e-09
1.7431803555e+03 -1.7219380621e-09
1.7537745232e+03 -1.3735630636e-09
1.7643686909e+03 -1.0295549605e-09
1.7749628586e+03 -6.6436513236e-10
1.7855570263e+03 -4.0978022163e-10
1.7961511940e+03 -2.7115827093e-10
1.8067453617e+03 -3.0970176005e-10
1.8173395295e+03 -4.7365320466e-10
1.8279336972e+03 -7.0081537152e-10
1.8385278649e+03 -8.7036051481e-10
1.8491220326e+03 -8.7697753556e-10
1.8597162003e+03 -6.9967940353e-10
1.8703103680e+03 -3.1145276897e-10
1.8809045357e+03 2.1359797866e-10
1.8914987035e+03 8.8986400495e-10
1.9020928712e+03 1.5773302242e-09
1.9126870389e+03 2.2700833918e-09
1.9232812066e+03 2.8118590741e-09
1.9338753743e+03 3.2342995468e-09
1.9444695420e+03 3.4342931513e-09
1.9550637097e+03 3.5021233403e-09
1.9656578775e+03 3.3898033491e-09
1.9762520452e+03 3.2238742055e-09
1.9868462129e+03 2.9865908874e-09
1.9974403806e+03 2.7816554233e-09
2.0080345483e+03 2.5408677334e-09
2.0186287160e+03 2.2916027145e-09
2.0292228837e+03 1.9243558815e-09
2.0398170515e+03 1.4792474625e-09
2.0504112192e+03 8.7268680138e-10
2.0610053869e+03 2.4196214142e-10
2.0715995546e+03 -4.9146298634e-10
2.0821937223e+03 -1.1443519949e-09
2.0927878900e+03 -1.8404688952e-09
2.1033820578e+03 -2.3309715536e-09
2.1139762255e+03 -2.7210363161e-09
2.1245703932e+03 -2.7139692334e-09
2.1351645609e+03 -2.4738285496e-09
2.1457587286e+03 -1.7897905810e-09
2.1563528963e+03 -9.7490819037e-10
2.1669470640e+03 7.7709211510e-11
2.1775412318e+03 1.0134837929e-09
2.1881353995e+03 2.0020891495e-09
2.1987295672e+03 2.7981022540e-09
2.2093237349e+03 3.6560457544e-09
2.2199179026e+03 4.3728049755e-09
2.2305120703e+03 5.2046795994e-09
2.2411062380e+03 5.9392785403e-09
2.2517004058e+03 6.7779790654e-09
2.2622945735e+03 7.4521828984e-09
2.2728887412e+03 8.0925067368e-09
2.2834829089e+03 8.4152007657e-09
2.2940770766e+03 8.5690484036e-09
2.3046712443e+03 8.3032329883e-09
2.3152654120e+03 7.8288045064e-09
2.3258595798e+03 6.9831602241e-09
2.3364537475e+03 6.0626088783e-09
2.3470479152e+03 4.9305726095e-09
2.3576420829e+03 3.8601989329e-09
2.3682362506e+03 2.7216958015e-09
2.3788304183e+03 1.8073511080e-09
2.3894245861e+03 1.0349270458e-09
2.4000187538e+03 6.2846716776e-10
2.4106129215e+03 5.0559246060e-10
2.4212070892e+03 7.2165054942e-10
2.4318012569e+03 1.1942277826e-09
2.4423954246e+03 1.7682538525e-09
2.4529895923e+03 2.5422967080e-09
2.4635837601e+03 3.2783310753e-09
2.4741779278e+03 4.3901119798e-09
2.4847720955e+03 5.4254780930e-09
2.4953662632e+03 6.9615914192e-09
2.5059604309e+03 8.1994486898e-09
2.5165545986e+03 9.9449043613e-09
2.5271487663e+03 1.1156308548e-08
2.5377429341e+03 1.2936668248e-08
2.5483371018e+03 1.4011379118e-08
2.5589312695e+03 1.5807910517e-08
2.5695254372e+03 1.6921895672e-08
2.5801196049e+03 1.9118815779e-08
2.5907137726e+03 2.0764476283e-08
2.6013079403e+03 2.3660637664e-08
2.6119021081e+03 2.5530870965e-08
2.6224962758e+03 2.7802985696e-08
2.6330904435e+03 2.7085945916e-08
2.6436846112e+03 2.4309478981e-08
2.6542787789e+03 1.5198538474e-08
2.6648729466e+03 1.4084455120e-09
2.6754671143e+03 -2.0360854346e-08
2.6860612821e+03 -4.5233910099e-08
2.6966554498e+03 -7.3825144298e-08
2.7072496175e+03 -1.2098575928e-07
2.7178437852e+03 -9.3893345526e-08
2.7284379529e+03 -9.1950777236e-08
