# Reynolds stress Morkovin's scaling 
# Columns: y_plus    -rho v''w''/tau_wall
3.9832992606e-01 4.4248272920e-05
1.1887924427e+00 8.0544789870e-04
1.9799514194e+00 3.5097425604e-03
2.7719943680e+00 9.2793227272e-03
3.5651283791e+00 1.8807929866e-02
4.3595770683e+00 3.2131257504e-02
5.1555775073e+00 4.8816950324e-02
5.9533773809e+00 6.8015047130e-02
6.7532325235e+00 8.8829739246e-02
7.5554049053e+00 1.1031581995e-01
8.3601610713e+00 1.3175296222e-01
9.1677709952e+00 1.5249522628e-01
9.9785072812e+00 1.7215998275e-01
1.0792644643e+01 1.9042759471e-01
1.1610459588e+01 2.0720647910e-01
1.2432230253e+01 2.2241572582e-01
1.3258236337e+01 2.3613083571e-01
1.4088759099e+01 2.4837734301e-01
1.4924081400e+01 2.5928793237e-01
1.5764487770e+01 2.6892735847e-01
1.6610264487e+01 2.7744890011e-01
1.7461699667e+01 2.8493232671e-01
1.8319083357e+01 2.9152610156e-01
1.9182707631e+01 2.9729834012e-01
2.0052866693e+01 3.0236734105e-01
2.0929856971e+01 3.0677095602e-01
2.1813977219e+01 3.1059193608e-01
2.2705528623e+01 3.1384926363e-01
2.3604814899e+01 3.1661451122e-01
2.4512142398e+01 3.1891447445e-01
2.5427820210e+01 3.2083044990e-01
2.6352160271e+01 3.2240409773e-01
2.7285477466e+01 3.2371479596e-01
2.8228089740e+01 3.2478943948e-01
2.9180318202e+01 3.2567283488e-01
3.0142487241e+01 3.2635813312e-01
3.1114924627e+01 3.2685989646e-01
3.2097961633e+01 3.2716034377e-01
3.3091933139e+01 3.2727733007e-01
3.4097177753e+01 3.2721355757e-01
3.5114037921e+01 3.2700581346e-01
3.6142860047e+01 3.2666846703e-01
3.7183994610e+01 3.2623357881e-01
3.8237796283e+01 3.2570383151e-01
3.9304624055e+01 3.2509341972e-01
4.0384841351e+01 3.2439326463e-01
4.1478816159e+01 3.2361316924e-01
4.2586921152e+01 3.2274579398e-01
4.3709533817e+01 3.2179527319e-01
4.4847036585e+01 3.2074620762e-01
4.5999816957e+01 3.1960228388e-01
4.7168267640e+01 3.1836664354e-01
4.8352786679e+01 3.1706622974e-01
4.9553777591e+01 3.1571148605e-01
5.0771649508e+01 3.1430705248e-01
5.2006817308e+01 3.1282642840e-01
5.3259701767e+01 3.1124675848e-01
5.4530729690e+01 3.0954070082e-01
5.5820334067e+01 3.0770324614e-01
5.7128954215e+01 3.0573902428e-01
5.8457035929e+01 3.0368230404e-01
5.9805031633e+01 3.0156317910e-01
6.1173400536e+01 2.9940530828e-01
6.2562608788e+01 2.9721053915e-01
6.3973129635e+01 2.9498753128e-01
6.5405443587e+01 2.9274062594e-01
6.6860038576e+01 2.9047961297e-01
6.8337410125e+01 2.8820305213e-01
6.9838061516e+01 2.8590296127e-01
7.1362503960e+01 2.8354500931e-01
7.2911256775e+01 2.8108256075e-01
7.4484847559e+01 2.7845796379e-01
7.6083812373e+01 2.7564352741e-01
7.7708695921e+01 2.7265977604e-01
7.9360051734e+01 2.6957881431e-01
8.1038442365e+01 2.6648301072e-01
8.2744439576e+01 2.6345241746e-01
8.4478624530e+01 2.6055083632e-01
8.6241587997e+01 2.5781902232e-01
8.8033930547e+01 2.5525015744e-01
8.9856262762e+01 2.5280830261e-01
9.1709205436e+01 2.5043817117e-01
9.3593389795e+01 2.4811606860e-01
9.5509457704e+01 2.4587454107e-01
9.7458061892e+01 2.4378313914e-01
9.9439866172e+01 2.4187862032e-01
1.0145554566e+02 2.4013976065e-01
1.0350578703e+02 2.3849748370e-01
1.0559128871e+02 2.3685461449e-01
1.0771276115e+02 2.3509200859e-01
1.0987092704e+02 2.3312948778e-01
1.1206652160e+02 2.3094678575e-01
1.1430029277e+02 2.2855516379e-01
1.1657300151e+02 2.2596825965e-01
1.1888542205e+02 2.2323585330e-01
1.2123834212e+02 2.2040810626e-01
1.2363256328e+02 2.1748992747e-01
1.2606890115e+02 2.1442547431e-01
1.2854818569e+02 2.1114792326e-01
1.3107126148e+02 2.0765839800e-01
1.3363898805e+02 2.0409194254e-01
1.3625224012e+02 2.0056349642e-01
1.3891190791e+02 1.9708395066e-01
1.4161889747e+02 1.9364798206e-01
1.4437413097e+02 1.9025095076e-01
1.4717854699e+02 1.8685651977e-01
1.5003310091e+02 1.8345027905e-01
1.5293876514e+02 1.8003974868e-01
1.5589652954e+02 1.7663354843e-01
1.5890740169e+02 1.7321477697e-01
1.6197240728e+02 1.6978238030e-01
1.6509259044e+02 1.6631893649e-01
1.6826901409e+02 1.6277615214e-01
1.7150276031e+02 1.5914277904e-01
1.7479493070e+02 1.5549418137e-01
1.7814664679e+02 1.5192410574e-01
1.8155905037e+02 1.4852223482e-01
1.8503330390e+02 1.4523849450e-01
1.8857059093e+02 1.4193630028e-01
1.9217211647e+02 1.3859954472e-01
1.9583910742e+02 1.3520350379e-01
1.9957281298e+02 1.3169743532e-01
2.0337450507e+02 1.2804127114e-01
2.0724547877e+02 1.2428522024e-01
2.1118705278e+02 1.2061450643e-01
2.1520056983e+02 1.1716626256e-01
2.1928739716e+02 1.1402788828e-01
2.2344892701e+02 1.1113434425e-01
2.2768657703e+02 1.0822588407e-01
2.3200179082e+02 1.0517096633e-01
2.3639603841e+02 1.0178247390e-01
2.4087081674e+02 9.8083054769e-02
2.4542765019e+02 9.4181524337e-02
2.5006809109e+02 9.0303113089e-02
2.5479372026e+02 8.6588327927e-02
2.5960614754e+02 8.3125211676e-02
2.6450701231e+02 7.9935081969e-02
2.6949798412e+02 7.6877233837e-02
2.7458076319e+02 7.3792036253e-02
2.7975708102e+02 7.0650362288e-02
2.8502870098e+02 6.7493455312e-02
2.9039741890e+02 6.4421254300e-02
2.9586506368e+02 6.1463458762e-02
3.0143349794e+02 5.8597138390e-02
3.0710461862e+02 5.5590756741e-02
3.1288035765e+02 5.2347016686e-02
3.1876268259e+02 4.9170312192e-02
3.2475359732e+02 4.6253729524e-02
3.3085514269e+02 4.3496488806e-02
3.3706939727e+02 4.0832072093e-02
3.4339847799e+02 3.8052626916e-02
3.4984454091e+02 3.5247172464e-02
3.5640978188e+02 3.2762535005e-02
3.6309643733e+02 3.0559083614e-02
3.6990678487e+02 2.8437904473e-02
3.7684314396e+02 2.6424469260e-02
3.8390787633e+02 2.4396327773e-02
3.9110338615e+02 2.2293014687e-02
3.9843211953e+02 2.0127420621e-02
4.0589656306e+02 1.8000136818e-02
4.1349924044e+02 1.5862735395e-02
4.2124270614e+02 1.3829542178e-02
4.2912953435e+02 1.2046152010e-02
4.3716230063e+02 1.0464391313e-02
4.4534355328e+02 8.9890582216e-03
4.5367577013e+02 7.6408103584e-03
4.6216129653e+02 6.3255031324e-03
4.7080225980e+02 5.1897828568e-03
4.7960045663e+02 4.3669583608e-03
4.8855721127e+02 3.6799400463e-03
4.9767320634e+02 3.0248535049e-03
5.0694829158e+02 2.4194601811e-03
5.1638128212e+02 1.9022608518e-03
5.2596976245e+02 1.5237346202e-03
5.3570991718e+02 1.2059292160e-03
5.4559641198e+02 9.0640741688e-04
5.5562234697e+02 6.6520067407e-04
5.6577930043e+02 4.9086639414e-04
5.7605747209e+02 3.6376886540e-04
5.8644592435e+02 2.6433361349e-04
5.9693290738e+02 1.8190154011e-04
6.0750624294e+02 1.5001924933e-04
6.1815373393e+02 1.2941423424e-04
6.2886356302e+02 9.6725322754e-05
6.3962464611e+02 7.4094781563e-05
6.5042691296e+02 6.4242807100e-05
6.6126149787e+02 5.3561891434e-05
6.7212083508e+02 3.6575535864e-05
6.8299866488e+02 1.9584137372e-05
6.9388996500e+02 5.6391128202e-06
7.0479082754e+02 -1.1761071942e-06
7.1569830307e+02 3.5873742103e-07
7.2661023225e+02 3.0496410106e-06
7.3752508151e+02 2.2590468125e-06
7.4844179417e+02 1.1867875256e-06
7.5935966386e+02 1.2151838389e-06
7.7027823245e+02 1.3139251198e-06
7.8119721165e+02 1.1811197624e-06
7.9211642543e+02 8.9356511050e-07
8.0303576952e+02 6.0019284740e-07
8.1395518398e+02 3.4270897378e-07
8.2487463536e+02 1.2107470775e-07
8.3579410559e+02 -8.1452150400e-08
8.4671358515e+02 -2.5391364851e-07
8.5763306920e+02 -3.9970234886e-07
8.6855255537e+02 -5.1080423065e-07
8.7947204248e+02 -6.0289416437e-07
8.9039153002e+02 -6.7847330834e-07
9.0131101774e+02 -7.5908412497e-07
9.1223050554e+02 -8.4558354081e-07
9.2314999336e+02 -9.5285059798e-07
9.3406948120e+02 -1.0700295641e-06
9.4498896904e+02 -1.1996131575e-06
9.5590845688e+02 -1.3221492688e-06
9.6682794473e+02 -1.4355743578e-06
9.7774743257e+02 -1.5206322301e-06
9.8866692042e+02 -1.5795992462e-06
9.9958640826e+02 -1.5966889974e-06
1.0105058961e+03 -1.5814253463e-06
1.0214253840e+03 -1.5236299656e-06
1.0323448718e+03 -1.4425049849e-06
1.0432643596e+03 -1.3334514851e-06
1.0541838475e+03 -1.2215400714e-06
1.0651033353e+03 -1.1050045084e-06
1.0760228232e+03 -1.0095741224e-06
1.0869423110e+03 -9.3189128530e-07
1.0978617989e+03 -8.8955099298e-07
1.1087812867e+03 -8.7163280871e-07
1.1197007746e+03 -8.8642323325e-07
1.1306202624e+03 -9.2155172917e-07
1.1415397502e+03 -9.8327311162e-07
1.1524592381e+03 -1.0578043446e-06
1.1633787259e+03 -1.1438204113e-06
1.1742982138e+03 -1.2222501352e-06
1.1852177016e+03 -1.2901340274e-06
1.1961371895e+03 -1.3349398526e-06
1.2070566773e+03 -1.3626395898e-06
1.2179761652e+03 -1.3711536639e-06
1.2288956530e+03 -1.3734233646e-06
1.2398151408e+03 -1.3723865091e-06
1.2507346287e+03 -1.3805594861e-06
1.2616541165e+03 -1.4007577015e-06
1.2725736044e+03 -1.4421412747e-06
1.2834930922e+03 -1.5047451167e-06
1.2944125801e+03 -1.5877763535e-06
1.3053320679e+03 -1.6807919715e-06
1.3162515558e+03 -1.7716682015e-06
1.3271710436e+03 -1.8484965191e-06
1.3380905314e+03 -1.9030614664e-06
1.3490100193e+03 -1.9340677599e-06
1.3599295071e+03 -1.9413497423e-06
1.3708489950e+03 -1.9302941829e-06
1.3817684828e+03 -1.9027497699e-06
1.3926879707e+03 -1.8648683905e-06
1.4036074585e+03 -1.8168510457e-06
1.4145269464e+03 -1.7626569472e-06
1.4254464342e+03 -1.7004736290e-06
1.4363659220e+03 -1.6358297100e-06
1.4472854099e+03 -1.5696168891e-06
1.4582048977e+03 -1.5096370305e-06
1.4691243856e+03 -1.4534549743e-06
1.4800438734e+03 -1.4049182595e-06
1.4909633613e+03 -1.3577399333e-06
1.5018828491e+03 -1.3170012691e-06
1.5128023370e+03 -1.2775228478e-06
1.5237218248e+03 -1.2458320947e-06
1.5346413126e+03 -1.2147119923e-06
1.5455608005e+03 -1.1876961197e-06
1.5564802883e+03 -1.1540368473e-06
1.5673997762e+03 -1.1146742788e-06
1.5783192640e+03 -1.0605895295e-06
1.5892387519e+03 -9.9504708128e-07
1.6001582397e+03 -9.1656941345e-07
1.6110777276e+03 -8.3117008656e-07
1.6219972154e+03 -7.4235253375e-07
1.6329167032e+03 -6.5319579308e-07
1.6438361911e+03 -5.6928054078e-07
1.6547556789e+03 -4.9085282565e-07
1.6656751668e+03 -4.2697680976e-07
1.6765946546e+03 -3.7314160146e-07
1.6875141425e+03 -3.3769538560e-07
1.6984336303e+03 -3.0796522919e-07
1.7093531182e+03 -2.9190621276e-07
1.7202726060e+03 -2.7335417470e-07
1.7311920938e+03 -2.6454545822e-07
1.7421115817e+03 -2.5007564059e-07
1.7530310695e+03 -2.4509224660e-07
1.7639505574e+03 -2.3291752543e-07
1.7748700452e+03 -2.2847889384e-07
1.7857895331e+03 -2.1615482526e-07
1.7967090209e+03 -2.1491073366e-07
1.8076285088e+03 -2.1324052920e-07
1.8185479966e+03 -2.3206042530e-07
1.8294674844e+03 -2.5614938185e-07
1.8403869723e+03 -3.0161771649e-07
1.8513064601e+03 -3.4672032343e-07
1.8622259480e+03 -4.0868876493e-07
1.8731454358e+03 -4.6773895956e-07
1.8840649237e+03 -5.4888754761e-07
1.8949844115e+03 -6.3149978191e-07
1.9059038994e+03 -7.3916546026e-07
1.9168233872e+03 -8.4172855783e-07
1.9277428750e+03 -9.5966718367e-07
1.9386623629e+03 -1.0596421335e-06
1.9495818507e+03 -1.1657137635e-06
1.9605013386e+03 -1.2456928490e-06
1.9714208264e+03 -1.3263044000e-06
1.9823403143e+03 -1.3751496219e-06
1.9932598021e+03 -1.4215724793e-06
2.0041792900e+03 -1.4344803195e-06
2.0150987778e+03 -1.4475010732e-06
2.0260182656e+03 -1.4297728666e-06
2.0369377535e+03 -1.4159412238e-06
2.0478572413e+03 -1.3704212734e-06
2.0587767292e+03 -1.3257143266e-06
2.0696962170e+03 -1.2430292030e-06
2.0806157049e+03 -1.1602921276e-06
2.0915351927e+03 -1.0436047329e-06
2.1024546806e+03 -9.3915986255e-07
2.1133741684e+03 -8.1238149830e-07
2.1242936562e+03 -7.0798274607e-07
2.1352131441e+03 -5.8439528693e-07
2.1461326319e+03 -4.8455332002e-07
2.1570521198e+03 -3.6571854707e-07
2.1679716076e+03 -2.7300168526e-07
2.1788910955e+03 -1.6539550549e-07
2.1898105833e+03 -8.7014416866e-08
2.2007300712e+03 1.2004183499e-09
2.2116495590e+03 6.0469556410e-08
2.2225690468e+03 1.2607922123e-07
2.2334885347e+03 1.6914261241e-07
2.2444080225e+03 2.1887633482e-07
2.2553275104e+03 2.5852725064e-07
2.2662469982e+03 3.0619393594e-07
2.2771664861e+03 3.5411505954e-07
2.2880859739e+03 4.0527443635e-07
2.2990054618e+03 4.6057102728e-07
2.3099249496e+03 5.1200662085e-07
2.3208444374e+03 5.7001003944e-07
2.3317639253e+03 6.1639717674e-07
2.3426834131e+03 6.6603326010e-07
2.3536029010e+03 6.9149538086e-07
2.3645223888e+03 7.1449870217e-07
2.3754418767e+03 7.0652888719e-07
2.3863613645e+03 6.9892675916e-07
2.3972808524e+03 6.6236043535e-07
2.4082003402e+03 6.3205138769e-07
2.4191198280e+03 5.7602088448e-07
2.4300393159e+03 5.3132749997e-07
2.4409588037e+03 4.6745877081e-07
2.4518782916e+03 4.2382918779e-07
2.4627977794e+03 3.7392849963e-07
2.4737172673e+03 3.5625491066e-07
2.4846367551e+03 3.4537315872e-07
2.4955562430e+03 3.7437870850e-07
2.5064757308e+03 4.1483323327e-07
2.5173952187e+03 4.9372273935e-07
2.5283147065e+03 5.7776930188e-07
2.5392341943e+03 6.9116945129e-07
2.5501536822e+03 7.9715375701e-07
2.5610731700e+03 9.2104454869e-07
2.5719926579e+03 1.0224409971e-06
2.5829121457e+03 1.1286698914e-06
2.5938316336e+03 1.1940509919e-06
2.6047511214e+03 1.2531414992e-06
2.6156706093e+03 1.2580706047e-06
2.6265900971e+03 1.2593590516e-06
2.6375095849e+03 1.2052632541e-06
2.6484290728e+03 1.1611969304e-06
2.6593485606e+03 1.0641601685e-06
2.6702680485e+03 9.9230431814e-07
2.6811875363e+03 8.7341981039e-07
2.6921070242e+03 7.9960499183e-07
2.7030265120e+03 6.9175409677e-07
2.7139459999e+03 6.4963471745e-07
2.7248654877e+03 5.8569974183e-07
2.7357849755e+03 6.0205788476e-07
2.7467044634e+03 6.0312241403e-07
2.7576239512e+03 6.8536220583e-07
2.7685434391e+03 7.4650521973e-07
2.7794629269e+03 8.6701900930e-07
2.7903824148e+03 9.5724499172e-07
2.8013019026e+03 1.0710301539e-06
2.8122213905e+03 1.1523930857e-06
