# Rotated two-point auto-correlation R_33^R (mean-aligned) — case DNS_re250_mr02_11 (MR02), y^+ = 15
# Definition: R_{ij}^R is computed by rotating (x,z) into the local mean-flow frame.
# Columns: delta_z_plus    R
0.0000000000e+00 1.0000000000e+00
3.5969522218e+00 9.7915943053e-01
7.1939044435e+00 9.2188352770e-01
1.0790856665e+01 8.3971028411e-01
1.4387808887e+01 7.4460984552e-01
1.7984761109e+01 6.4600735743e-01
2.1581713331e+01 5.5023493680e-01
2.5178665552e+01 4.6108886907e-01
2.8775617774e+01 3.8054672347e-01
3.2372569996e+01 3.0938499540e-01
3.5969522218e+01 2.4762144257e-01
3.9566474439e+01 1.9484087685e-01
4.3163426661e+01 1.5038658800e-01
4.6760378883e+01 1.1346932510e-01
5.0357331105e+01 8.3213444063e-02
5.3954283326e+01 5.8706580087e-02
5.7551235548e+01 3.9049101408e-02
6.1148187770e+01 2.3394246561e-02
6.4745139992e+01 1.0985253314e-02
6.8342092214e+01 1.1854569406e-03
7.1939044435e+01 -6.5177997296e-03
7.5535996657e+01 -1.2529813561e-02
7.9132948879e+01 -1.7166680258e-02
8.2729901101e+01 -2.0668317492e-02
8.6326853322e+01 -2.3235733858e-02
8.9923805544e+01 -2.5052623436e-02
9.3520757766e+01 -2.6287783629e-02
9.7117709988e+01 -2.7092922068e-02
1.0071466221e+02 -2.7590091099e-02
1.0431161443e+02 -2.7869486787e-02
1.0790856665e+02 -2.8001098314e-02
1.1150551887e+02 -2.8044348240e-02
1.1510247110e+02 -2.8047149398e-02
1.1869942332e+02 -2.8038331007e-02
1.2229637554e+02 -2.8027838511e-02
1.2589332776e+02 -2.8004697454e-02
1.2949027998e+02 -2.7939875639e-02
1.3308723221e+02 -2.7808774340e-02
1.3668418443e+02 -2.7612862167e-02
1.4028113665e+02 -2.7373175290e-02
1.4387808887e+02 -2.7114488129e-02
1.4747504109e+02 -2.6850863832e-02
1.5107199331e+02 -2.6576095308e-02
1.5466894554e+02 -2.6271114261e-02
1.5826589776e+02 -2.5923688060e-02
1.6186284998e+02 -2.5542963050e-02
1.6545980220e+02 -2.5167696935e-02
1.6905675442e+02 -2.4853848328e-02
1.7265370664e+02 -2.4643770380e-02
1.7625065887e+02 -2.4557604130e-02
1.7984761109e+02 -2.4610190392e-02
1.8344456331e+02 -2.4816388758e-02
1.8704151553e+02 -2.5179696578e-02
1.9063846775e+02 -2.5682191786e-02
1.9423541998e+02 -2.6284528643e-02
1.9783237220e+02 -2.6929327364e-02
2.0142932442e+02 -2.7554134676e-02
2.0502627664e+02 -2.8106435575e-02
2.0862322886e+02 -2.8556862402e-02
2.1222018108e+02 -2.8896970995e-02
2.1581713331e+02 -2.9126010609e-02
2.1941408553e+02 -2.9247123029e-02
2.2301103775e+02 -2.9271856908e-02
2.2660798997e+02 -2.9227097236e-02
2.3020494219e+02 -2.9156008153e-02
2.3380189441e+02 -2.9110938173e-02
2.3739884664e+02 -2.9127066228e-02
2.4099579886e+02 -2.9191997787e-02
2.4459275108e+02 -2.9242456992e-02
2.4818970330e+02 -2.9190835305e-02
2.5178665552e+02 -2.8954908583e-02
2.5538360775e+02 -2.8483996613e-02
2.5898055997e+02 -2.7776480729e-02
2.6257751219e+02 -2.6881449440e-02
2.6617446441e+02 -2.5874989301e-02
2.6977141663e+02 -2.4828105807e-02
2.7336836885e+02 -2.3788752404e-02
2.7696532108e+02 -2.2790273741e-02
2.8056227330e+02 -2.1870805899e-02
2.8415922552e+02 -2.1069099227e-02
2.8775617774e+02 -2.0402301719e-02
2.9135312996e+02 -1.9844259062e-02
2.9495008218e+02 -1.9329489546e-02
2.9854703441e+02 -1.8777044591e-02
3.0214398663e+02 -1.8127610779e-02
3.0574093885e+02 -1.7371193659e-02
3.0933789107e+02 -1.6537184118e-02
3.1293484329e+02 -1.5664909773e-02
3.1653179552e+02 -1.4780863669e-02
3.2012874774e+02 -1.3893587389e-02
3.2372569996e+02 -1.3008283850e-02
3.2732265218e+02 -1.2138438631e-02
3.3091960440e+02 -1.1309384144e-02
3.3451655662e+02 -1.0556654611e-02
3.3811350885e+02 -9.9196004117e-03
3.4171046107e+02 -9.4374671956e-03
3.4530741329e+02 -9.1442286273e-03
3.4890436551e+02 -9.0590628735e-03
3.5250131773e+02 -9.1793371559e-03
3.5609826995e+02 -9.4765231553e-03
3.5969522218e+02 -9.8888851208e-03
3.6329217440e+02 -1.0328019512e-02
3.6688912662e+02 -1.0699407538e-02
3.7048607884e+02 -1.0921345456e-02
3.7408303106e+02 -1.0934615646e-02
3.7767998329e+02 -1.0702289155e-02
3.8127693551e+02 -1.0205605026e-02
3.8487388773e+02 -9.4420502827e-03
3.8847083995e+02 -8.4251909330e-03
3.9206779217e+02 -7.1807943705e-03
3.9566474439e+02 -5.7572972142e-03
3.9926169662e+02 -4.2376167245e-03
4.0285864884e+02 -2.7376793806e-03
4.0645560106e+02 -1.3828384569e-03
4.1005255328e+02 -2.8016879452e-04
4.1364950550e+02 4.9326052766e-04
4.1724645772e+02 9.0012259909e-04
4.2084340995e+02 9.4834320783e-04
4.2444036217e+02 6.8121717209e-04
4.2803731439e+02 1.6098889061e-04
4.3163426661e+02 -5.4177094569e-04
4.3523121883e+02 -1.3520090870e-03
4.3882817106e+02 -2.1851922273e-03
4.4242512328e+02 -2.9507179554e-03
4.4602207550e+02 -3.5670693541e-03
4.4961902772e+02 -3.9745286031e-03
4.5321597994e+02 -4.1417267721e-03
4.5681293216e+02 -4.0735493684e-03
4.6040988439e+02 -3.8043138653e-03
4.6400683661e+02 -3.3752355769e-03
4.6760378883e+02 -2.8236148343e-03
4.7120074105e+02 -2.1905390145e-03
4.7479769327e+02 -1.5260441768e-03
4.7839464549e+02 -8.8534239864e-04
4.8199159772e+02 -3.1589169622e-04
4.8558854994e+02 1.5548393881e-04
4.8918550216e+02 5.2559996669e-04
4.9278245438e+02 8.0819326905e-04
4.9637940660e+02 1.0219246133e-03
4.9997635883e+02 1.1819981414e-03
5.0357331105e+02 1.2943089144e-03
5.0717026327e+02 1.3500285459e-03
5.1076721549e+02 1.3296613614e-03
5.1436416771e+02 1.2226535499e-03
5.1796111993e+02 1.0237983973e-03
5.2155807216e+02 7.1866725366e-04
5.2515502438e+02 3.0019459616e-04
5.2875197660e+02 -2.1020824077e-04
5.3234892882e+02 -7.7170410997e-04
5.3594588104e+02 -1.3442844527e-03
5.3954283326e+02 -1.9012592787e-03
5.4313978549e+02 -2.4340315786e-03
5.4673673771e+02 -2.9469204390e-03
5.5033368993e+02 -3.4411883923e-03
5.5393064215e+02 -3.8985331975e-03
5.5752759437e+02 -4.2789430342e-03
5.6112454660e+02 -4.5379127562e-03
5.6472149882e+02 -4.6543723429e-03
5.6831845104e+02 -4.6458576469e-03
5.7191540326e+02 -4.5550236136e-03
5.7551235548e+02 -4.4219817473e-03
5.7910930770e+02 -4.2635788949e-03
5.8270625993e+02 -4.0767178847e-03
5.8630321215e+02 -3.8641383962e-03
5.8990016437e+02 -3.6484420766e-03
5.9349711659e+02 -3.4646727844e-03
5.9709406881e+02 -3.3441418120e-03
6.0069102103e+02 -3.3040063467e-03
6.0428797326e+02 -3.3489541878e-03
6.0788492548e+02 -3.4649349902e-03
6.1148187770e+02 -3.6136946683e-03
6.1507882992e+02 -3.7379125189e-03
6.1867578214e+02 -3.7771127107e-03
6.2227273437e+02 -3.6872482271e-03
6.2586968659e+02 -3.4516029137e-03
6.2946663881e+02 -3.0735633406e-03
6.3306359103e+02 -2.5707466057e-03
6.3666054325e+02 -1.9805284060e-03
6.4025749547e+02 -1.3597338784e-03
6.4385444770e+02 -7.6380574383e-04
6.4745139992e+02 -2.1899635182e-04
6.5104835214e+02 2.7907698586e-04
6.5464530436e+02 7.4278946435e-04
6.5824225658e+02 1.1622074596e-03
6.6183920880e+02 1.4869765191e-03
6.6543616103e+02 1.6463288563e-03
6.6903311325e+02 1.5883509084e-03
6.7263006547e+02 1.3120113790e-03
6.7622701769e+02 8.6547597188e-04
6.7982396991e+02 3.2341798420e-04
6.8342092214e+02 -2.4378392539e-04
6.8701787436e+02 -8.0580048882e-04
6.9061482658e+02 -1.3788962759e-03
6.9421177880e+02 -1.9927538710e-03
6.9780873102e+02 -2.6557144542e-03
7.0140568324e+02 -3.3497113771e-03
7.0500263547e+02 -4.0446000328e-03
7.0859958769e+02 -4.7223008682e-03
7.1219653991e+02 -5.3843439794e-03
7.1579349213e+02 -6.0348999292e-03
7.1939044435e+02 -6.6609752117e-03
7.2298739657e+02 -7.2343241362e-03
7.2658434880e+02 -7.7248067617e-03
7.3018130102e+02 -8.1126260018e-03
7.3377825324e+02 -8.3960786051e-03
7.3737520546e+02 -8.5803705166e-03
7.4097215768e+02 -8.6646901304e-03
7.4456910991e+02 -8.6468064148e-03
7.4816606213e+02 -8.5374314937e-03
7.5176301435e+02 -8.3601670336e-03
7.5535996657e+02 -8.1410075446e-03
7.5895691879e+02 -7.8975092444e-03
7.6255387101e+02 -7.6322337403e-03
7.6615082324e+02 -7.3319426012e-03
7.6974777546e+02 -6.9796085573e-03
7.7334472768e+02 -6.5762192507e-03
7.7694167990e+02 -6.1510426812e-03
7.8053863212e+02 -5.7449602745e-03
7.8413558434e+02 -5.3877176920e-03
7.8773253657e+02 -5.0918083538e-03
7.9132948879e+02 -4.8560268898e-03
7.9492644101e+02 -4.6693737705e-03
7.9852339323e+02 -4.5242474635e-03
8.0212034545e+02 -4.4273686589e-03
8.0571729768e+02 -4.3964418143e-03
8.0931424990e+02 -4.4439214757e-03
8.1291120212e+02 -4.5586231814e-03
8.1650815434e+02 -4.6980033466e-03
8.2010510656e+02 -4.8089778574e-03
8.2370205878e+02 -4.8525369876e-03
8.2729901101e+02 -4.8095096617e-03
8.3089596323e+02 -4.6705555814e-03
8.3449291545e+02 -4.4281949711e-03
8.3808986767e+02 -4.0832984946e-03
8.4168681989e+02 -3.6585781249e-03
8.4528377211e+02 -3.1908035914e-03
8.4888072434e+02 -2.7078617491e-03
8.5247767656e+02 -2.2251717160e-03
8.5607462878e+02 -1.7608222912e-03
8.5967158100e+02 -1.3490789386e-03
8.6326853322e+02 -1.0399307251e-03
8.6686548545e+02 -8.8086400889e-04
8.7046243767e+02 -8.9979315192e-04
8.7405938989e+02 -1.1008299489e-03
8.7765634211e+02 -1.4595544852e-03
8.8125329433e+02 -1.9079633906e-03
8.8485024655e+02 -2.3375934626e-03
8.8844719878e+02 -2.6386060541e-03
8.9204415100e+02 -2.7395784781e-03
8.9564110322e+02 -2.6172748947e-03
8.9923805544e+02 -2.2911664032e-03
9.0283500766e+02 -1.8099055476e-03
9.0643195988e+02 -1.2384921110e-03
9.1002891211e+02 -6.5493648744e-04
9.1362586433e+02 -1.4715202351e-04
9.1722281655e+02 1.9865777736e-04
9.2081976877e+02 3.2112484587e-04
9.2441672099e+02 1.9865777736e-04
9.2801367322e+02 -1.4715202351e-04
9.3161062544e+02 -6.5493648744e-04
9.3520757766e+02 -1.2384921110e-03
9.3880452988e+02 -1.8099055476e-03
9.4240148210e+02 -2.2911664032e-03
9.4599843432e+02 -2.6172748947e-03
9.4959538655e+02 -2.7395784781e-03
9.5319233877e+02 -2.6386060541e-03
9.5678929099e+02 -2.3375934626e-03
9.6038624321e+02 -1.9079633906e-03
9.6398319543e+02 -1.4595544852e-03
9.6758014765e+02 -1.1008299489e-03
9.7117709988e+02 -8.9979315192e-04
9.7477405210e+02 -8.8086400889e-04
9.7837100432e+02 -1.0399307251e-03
9.8196795654e+02 -1.3490789386e-03
9.8556490876e+02 -1.7608222912e-03
9.8916186099e+02 -2.2251717160e-03
9.9275881321e+02 -2.7078617491e-03
9.9635576543e+02 -3.1908035914e-03
9.9995271765e+02 -3.6585781249e-03
1.0035496699e+03 -4.0832984946e-03
1.0071466221e+03 -4.4281949711e-03
1.0107435743e+03 -4.6705555814e-03
1.0143405265e+03 -4.8095096617e-03
1.0179374788e+03 -4.8525369876e-03
1.0215344310e+03 -4.8089778574e-03
1.0251313832e+03 -4.6980033466e-03
1.0287283354e+03 -4.5586231814e-03
1.0323252876e+03 -4.4439214757e-03
1.0359222399e+03 -4.3964418143e-03
1.0395191921e+03 -4.4273686589e-03
1.0431161443e+03 -4.5242474635e-03
1.0467130965e+03 -4.6693737705e-03
1.0503100488e+03 -4.8560268898e-03
1.0539070010e+03 -5.0918083538e-03
1.0575039532e+03 -5.3877176920e-03
1.0611009054e+03 -5.7449602745e-03
1.0646978576e+03 -6.1510426812e-03
1.0682948099e+03 -6.5762192507e-03
1.0718917621e+03 -6.9796085573e-03
1.0754887143e+03 -7.3319426012e-03
1.0790856665e+03 -7.6322337403e-03
1.0826826188e+03 -7.8975092444e-03
1.0862795710e+03 -8.1410075446e-03
1.0898765232e+03 -8.3601670336e-03
1.0934734754e+03 -8.5374314937e-03
1.0970704276e+03 -8.6468064148e-03
1.1006673799e+03 -8.6646901304e-03
1.1042643321e+03 -8.5803705166e-03
1.1078612843e+03 -8.3960786051e-03
1.1114582365e+03 -8.1126260018e-03
1.1150551887e+03 -7.7248067617e-03
1.1186521410e+03 -7.2343241362e-03
1.1222490932e+03 -6.6609752117e-03
1.1258460454e+03 -6.0348999292e-03
1.1294429976e+03 -5.3843439794e-03
1.1330399499e+03 -4.7223008682e-03
1.1366369021e+03 -4.0446000328e-03
1.1402338543e+03 -3.3497113771e-03
1.1438308065e+03 -2.6557144542e-03
1.1474277587e+03 -1.9927538710e-03
1.1510247110e+03 -1.3788962759e-03
1.1546216632e+03 -8.0580048882e-04
1.1582186154e+03 -2.4378392539e-04
1.1618155676e+03 3.2341798420e-04
1.1654125199e+03 8.6547597188e-04
1.1690094721e+03 1.3120113790e-03
1.1726064243e+03 1.5883509084e-03
1.1762033765e+03 1.6463288563e-03
1.1798003287e+03 1.4869765191e-03
1.1833972810e+03 1.1622074596e-03
1.1869942332e+03 7.4278946435e-04
1.1905911854e+03 2.7907698586e-04
1.1941881376e+03 -2.1899635182e-04
1.1977850898e+03 -7.6380574383e-04
1.2013820421e+03 -1.3597338784e-03
1.2049789943e+03 -1.9805284060e-03
1.2085759465e+03 -2.5707466057e-03
1.2121728987e+03 -3.0735633406e-03
1.2157698510e+03 -3.4516029137e-03
1.2193668032e+03 -3.6872482271e-03
1.2229637554e+03 -3.7771127107e-03
1.2265607076e+03 -3.7379125189e-03
1.2301576598e+03 -3.6136946683e-03
1.2337546121e+03 -3.4649349902e-03
1.2373515643e+03 -3.3489541878e-03
1.2409485165e+03 -3.3040063467e-03
1.2445454687e+03 -3.3441418120e-03
1.2481424210e+03 -3.4646727844e-03
1.2517393732e+03 -3.6484420766e-03
1.2553363254e+03 -3.8641383962e-03
1.2589332776e+03 -4.0767178847e-03
1.2625302298e+03 -4.2635788949e-03
1.2661271821e+03 -4.4219817473e-03
1.2697241343e+03 -4.5550236136e-03
1.2733210865e+03 -4.6458576469e-03
1.2769180387e+03 -4.6543723429e-03
1.2805149909e+03 -4.5379127562e-03
1.2841119432e+03 -4.2789430342e-03
1.2877088954e+03 -3.8985331975e-03
1.2913058476e+03 -3.4411883923e-03
1.2949027998e+03 -2.9469204390e-03
1.2984997521e+03 -2.4340315786e-03
1.3020967043e+03 -1.9012592787e-03
1.3056936565e+03 -1.3442844527e-03
1.3092906087e+03 -7.7170410997e-04
1.3128875609e+03 -2.1020824077e-04
1.3164845132e+03 3.0019459616e-04
1.3200814654e+03 7.1866725366e-04
1.3236784176e+03 1.0237983973e-03
1.3272753698e+03 1.2226535499e-03
1.3308723221e+03 1.3296613614e-03
1.3344692743e+03 1.3500285459e-03
1.3380662265e+03 1.2943089144e-03
1.3416631787e+03 1.1819981414e-03
1.3452601309e+03 1.0219246133e-03
1.3488570832e+03 8.0819326905e-04
1.3524540354e+03 5.2559996669e-04
1.3560509876e+03 1.5548393881e-04
1.3596479398e+03 -3.1589169622e-04
1.3632448920e+03 -8.8534239864e-04
1.3668418443e+03 -1.5260441768e-03
1.3704387965e+03 -2.1905390145e-03
1.3740357487e+03 -2.8236148343e-03
1.3776327009e+03 -3.3752355769e-03
1.3812296532e+03 -3.8043138653e-03
1.3848266054e+03 -4.0735493684e-03
1.3884235576e+03 -4.1417267721e-03
1.3920205098e+03 -3.9745286031e-03
1.3956174620e+03 -3.5670693541e-03
1.3992144143e+03 -2.9507179554e-03
1.4028113665e+03 -2.1851922273e-03
1.4064083187e+03 -1.3520090870e-03
1.4100052709e+03 -5.4177094569e-04
1.4136022232e+03 1.6098889061e-04
1.4171991754e+03 6.8121717209e-04
1.4207961276e+03 9.4834320783e-04
1.4243930798e+03 9.0012259909e-04
1.4279900320e+03 4.9326052766e-04
1.4315869843e+03 -2.8016879452e-04
1.4351839365e+03 -1.3828384569e-03
1.4387808887e+03 -2.7376793806e-03
1.4423778409e+03 -4.2376167245e-03
1.4459747931e+03 -5.7572972142e-03
1.4495717454e+03 -7.1807943705e-03
1.4531686976e+03 -8.4251909330e-03
1.4567656498e+03 -9.4420502827e-03
1.4603626020e+03 -1.0205605026e-02
1.4639595543e+03 -1.0702289155e-02
1.4675565065e+03 -1.0934615646e-02
1.4711534587e+03 -1.0921345456e-02
1.4747504109e+03 -1.0699407538e-02
1.4783473631e+03 -1.0328019512e-02
1.4819443154e+03 -9.8888851208e-03
1.4855412676e+03 -9.4765231553e-03
1.4891382198e+03 -9.1793371559e-03
1.4927351720e+03 -9.0590628735e-03
1.4963321243e+03 -9.1442286273e-03
1.4999290765e+03 -9.4374671956e-03
1.5035260287e+03 -9.9196004117e-03
1.5071229809e+03 -1.0556654611e-02
1.5107199331e+03 -1.1309384144e-02
1.5143168854e+03 -1.2138438631e-02
1.5179138376e+03 -1.3008283850e-02
1.5215107898e+03 -1.3893587389e-02
1.5251077420e+03 -1.4780863669e-02
1.5287046943e+03 -1.5664909773e-02
1.5323016465e+03 -1.6537184118e-02
1.5358985987e+03 -1.7371193659e-02
1.5394955509e+03 -1.8127610779e-02
1.5430925031e+03 -1.8777044591e-02
1.5466894554e+03 -1.9329489546e-02
1.5502864076e+03 -1.9844259062e-02
1.5538833598e+03 -2.0402301719e-02
1.5574803120e+03 -2.1069099227e-02
1.5610772642e+03 -2.1870805899e-02
1.5646742165e+03 -2.2790273741e-02
1.5682711687e+03 -2.3788752404e-02
1.5718681209e+03 -2.4828105807e-02
1.5754650731e+03 -2.5874989301e-02
1.5790620254e+03 -2.6881449440e-02
1.5826589776e+03 -2.7776480729e-02
1.5862559298e+03 -2.8483996613e-02
1.5898528820e+03 -2.8954908583e-02
1.5934498342e+03 -2.9190835305e-02
1.5970467865e+03 -2.9242456992e-02
1.6006437387e+03 -2.9191997787e-02
1.6042406909e+03 -2.9127066228e-02
1.6078376431e+03 -2.9110938173e-02
1.6114345954e+03 -2.9156008153e-02
1.6150315476e+03 -2.9227097236e-02
1.6186284998e+03 -2.9271856908e-02
1.6222254520e+03 -2.9247123029e-02
1.6258224042e+03 -2.9126010609e-02
1.6294193565e+03 -2.8896970995e-02
1.6330163087e+03 -2.8556862402e-02
1.6366132609e+03 -2.8106435575e-02
1.6402102131e+03 -2.7554134676e-02
1.6438071653e+03 -2.6929327364e-02
1.6474041176e+03 -2.6284528643e-02
1.6510010698e+03 -2.5682191786e-02
1.6545980220e+03 -2.5179696578e-02
1.6581949742e+03 -2.4816388758e-02
1.6617919265e+03 -2.4610190392e-02
1.6653888787e+03 -2.4557604130e-02
1.6689858309e+03 -2.4643770380e-02
1.6725827831e+03 -2.4853848328e-02
1.6761797353e+03 -2.5167696935e-02
1.6797766876e+03 -2.5542963050e-02
1.6833736398e+03 -2.5923688060e-02
1.6869705920e+03 -2.6271114261e-02
1.6905675442e+03 -2.6576095308e-02
1.6941644965e+03 -2.6850863832e-02
1.6977614487e+03 -2.7114488129e-02
1.7013584009e+03 -2.7373175290e-02
1.7049553531e+03 -2.7612862167e-02
1.7085523053e+03 -2.7808774340e-02
1.7121492576e+03 -2.7939875639e-02
1.7157462098e+03 -2.8004697454e-02
1.7193431620e+03 -2.8027838511e-02
1.7229401142e+03 -2.8038331007e-02
1.7265370664e+03 -2.8047149398e-02
1.7301340187e+03 -2.8044348240e-02
1.7337309709e+03 -2.8001098314e-02
1.7373279231e+03 -2.7869486787e-02
1.7409248753e+03 -2.7590091099e-02
1.7445218276e+03 -2.7092922068e-02
1.7481187798e+03 -2.6287783629e-02
1.7517157320e+03 -2.5052623436e-02
1.7553126842e+03 -2.3235733858e-02
1.7589096364e+03 -2.0668317492e-02
1.7625065887e+03 -1.7166680258e-02
1.7661035409e+03 -1.2529813561e-02
1.7697004931e+03 -6.5177997296e-03
1.7732974453e+03 1.1854569406e-03
1.7768943976e+03 1.0985253314e-02
1.7804913498e+03 2.3394246561e-02
1.7840883020e+03 3.9049101408e-02
1.7876852542e+03 5.8706580087e-02
1.7912822064e+03 8.3213444063e-02
1.7948791587e+03 1.1346932510e-01
1.7984761109e+03 1.5038658800e-01
1.8020730631e+03 1.9484087685e-01
1.8056700153e+03 2.4762144257e-01
1.8092669675e+03 3.0938499540e-01
1.8128639198e+03 3.8054672347e-01
1.8164608720e+03 4.6108886907e-01
1.8200578242e+03 5.5023493680e-01
1.8236547764e+03 6.4600735743e-01
1.8272517287e+03 7.4460984552e-01
1.8308486809e+03 8.3971028411e-01
1.8344456331e+03 9.2188352770e-01
1.8380425853e+03 9.7915943053e-01
