# Rotated two-point auto-correlation R_22^R (mean-aligned) — case DNS_re250_mr02_11 (MR02), y^+ = 15
# Definition: R_{ij}^R is computed by rotating (x,z) into the local mean-flow frame.
# Columns: delta_z_plus    R
0.0000000000e+00 1.0000000000e+00
3.5969522218e+00 9.0835836506e-01
7.1939044435e+00 6.8110283673e-01
1.0790856665e+01 4.1225695144e-01
1.4387808887e+01 1.7263120213e-01
1.7984761109e+01 -7.7029452740e-03
2.1581713331e+01 -1.2646330634e-01
2.5178665552e+01 -1.9377043039e-01
2.8775617774e+01 -2.2265460428e-01
3.2372569996e+01 -2.2519650896e-01
3.5969522218e+01 -2.1121834431e-01
3.9566474439e+01 -1.8809199352e-01
4.3163426661e+01 -1.6109560721e-01
4.6760378883e+01 -1.3379018003e-01
5.0357331105e+01 -1.0820765810e-01
5.3954283326e+01 -8.5200215580e-02
5.7551235548e+01 -6.4950084647e-02
6.1148187770e+01 -4.7578964155e-02
6.4745139992e+01 -3.3310234338e-02
6.8342092214e+01 -2.2198013320e-02
7.1939044435e+01 -1.4030642054e-02
7.5535996657e+01 -8.3819347712e-03
7.9132948879e+01 -4.5781324994e-03
8.2729901101e+01 -1.7993897857e-03
8.6326853322e+01 5.9153993640e-04
8.9923805544e+01 2.8793134594e-03
9.3520757766e+01 5.0418201091e-03
9.7117709988e+01 6.7667123003e-03
1.0071466221e+02 7.6383343178e-03
1.0431161443e+02 7.4950287232e-03
1.0790856665e+02 6.5100608009e-03
1.1150551887e+02 4.9900303537e-03
1.1510247110e+02 3.2125745866e-03
1.1869942332e+02 1.4068726556e-03
1.2229637554e+02 -1.9564151455e-04
1.2589332776e+02 -1.3652573967e-03
1.2949027998e+02 -1.9479376474e-03
1.3308723221e+02 -1.9876121620e-03
1.3668418443e+02 -1.5824282369e-03
1.4028113665e+02 -6.9648704414e-04
1.4387808887e+02 6.1852204481e-04
1.4747504109e+02 2.0229116845e-03
1.5107199331e+02 3.1430726008e-03
1.5466894554e+02 3.8944985014e-03
1.5826589776e+02 4.3971806709e-03
1.6186284998e+02 4.6726889322e-03
1.6545980220e+02 4.6204477645e-03
1.6905675442e+02 4.1965790470e-03
1.7265370664e+02 3.3993976237e-03
1.7625065887e+02 2.2198402682e-03
1.7984761109e+02 7.2613826388e-04
1.8344456331e+02 -9.4060047134e-04
1.8704151553e+02 -2.6081543775e-03
1.9063846775e+02 -4.0460357008e-03
1.9423541998e+02 -5.0174839901e-03
1.9783237220e+02 -5.3718299248e-03
2.0142932442e+02 -5.1263405916e-03
2.0502627664e+02 -4.5285390523e-03
2.0862322886e+02 -3.9108300178e-03
2.1222018108e+02 -3.4328915799e-03
2.1581713331e+02 -3.0029502644e-03
2.1941408553e+02 -2.3654154412e-03
2.2301103775e+02 -1.3255806087e-03
2.2660798997e+02 5.7021375516e-05
2.3020494219e+02 1.4991194427e-03
2.3380189441e+02 2.6817727316e-03
2.3739884664e+02 3.3555837146e-03
2.4099579886e+02 3.3326922394e-03
2.4459275108e+02 2.5744176618e-03
2.4818970330e+02 1.2847892031e-03
2.5178665552e+02 -2.4662468100e-04
2.5538360775e+02 -1.8629295421e-03
2.5898055997e+02 -3.4343435617e-03
2.6257751219e+02 -4.6793368525e-03
2.6617446441e+02 -5.3017418995e-03
2.6977141663e+02 -5.2059718674e-03
2.7336836885e+02 -4.5119146240e-03
2.7696532108e+02 -3.5043110353e-03
2.8056227330e+02 -2.5474756481e-03
2.8415922552e+02 -1.9002243607e-03
2.8775617774e+02 -1.5478149598e-03
2.9135312996e+02 -1.1741213299e-03
2.9495008218e+02 -4.1604891392e-04
2.9854703441e+02 7.8920746349e-04
3.0214398663e+02 2.1344707229e-03
3.0574093885e+02 3.1586255716e-03
3.0933789107e+02 3.5466627024e-03
3.1293484329e+02 3.3221015301e-03
3.1653179552e+02 2.8177800423e-03
3.2012874774e+02 2.4377582468e-03
3.2372569996e+02 2.4462151641e-03
3.2732265218e+02 2.8868736766e-03
3.3091960440e+02 3.6003360261e-03
3.3451655662e+02 4.3393693121e-03
3.3811350885e+02 4.8440079980e-03
3.4171046107e+02 4.9342094552e-03
3.4530741329e+02 4.6430821529e-03
3.4890436551e+02 4.1718834304e-03
3.5250131773e+02 3.6168290497e-03
3.5609826995e+02 2.7732290984e-03
3.5969522218e+02 1.3431758586e-03
3.6329217440e+02 -5.8818972253e-04
3.6688912662e+02 -2.4199576730e-03
3.7048607884e+02 -3.4594210498e-03
3.7408303106e+02 -3.4117482023e-03
3.7767998329e+02 -2.5032378417e-03
3.8127693551e+02 -1.2410483857e-03
3.8487388773e+02 -5.6326267037e-05
3.8847083995e+02 9.1059081973e-04
3.9206779217e+02 1.7248497267e-03
3.9566474439e+02 2.3992675843e-03
3.9926169662e+02 2.7854802823e-03
4.0285864884e+02 2.7222875753e-03
4.0645560106e+02 2.2530615477e-03
4.1005255328e+02 1.6285942894e-03
4.1364950550e+02 1.1039489911e-03
4.1724645772e+02 7.9830544682e-04
4.2084340995e+02 6.7085109923e-04
4.2444036217e+02 5.7398144091e-04
4.2803731439e+02 3.7650018176e-04
4.3163426661e+02 9.4533681085e-05
4.3523121883e+02 -8.4595406137e-05
4.3882817106e+02 -1.4901633291e-07
4.4242512328e+02 2.6159395338e-04
4.4602207550e+02 4.0985124610e-04
4.4961902772e+02 2.0259131522e-04
4.5321597994e+02 -3.9834683209e-04
4.5681293216e+02 -1.2867605234e-03
4.6040988439e+02 -2.2673350637e-03
4.6400683661e+02 -3.0965432266e-03
4.6760378883e+02 -3.5191731558e-03
4.7120074105e+02 -3.2836350003e-03
4.7479769327e+02 -2.3085957661e-03
4.7839464549e+02 -8.4661452749e-04
4.8199159772e+02 6.6114819025e-04
4.8558854994e+02 1.8296666840e-03
4.8918550216e+02 2.4149666061e-03
4.9278245438e+02 2.3435741900e-03
4.9637940660e+02 1.7487674981e-03
4.9997635883e+02 8.6781526402e-04
5.0357331105e+02 -5.6360860110e-05
5.0717026327e+02 -7.0030093963e-04
5.1076721549e+02 -6.7262275011e-04
5.1436416771e+02 2.2038065543e-04
5.1796111993e+02 1.7041285271e-03
5.2155807216e+02 3.1556414614e-03
5.2515502438e+02 4.0612891148e-03
5.2875197660e+02 4.2875024403e-03
5.3234892882e+02 3.9365968700e-03
5.3594588104e+02 3.1270649672e-03
5.3954283326e+02 2.0063493224e-03
5.4313978549e+02 8.0278984060e-04
5.4673673771e+02 -2.3741131690e-04
5.5033368993e+02 -8.9206065518e-04
5.5393064215e+02 -1.0260145644e-03
5.5752759437e+02 -7.2336618290e-04
5.6112454660e+02 -2.8253087598e-04
5.6472149882e+02 4.5524228507e-05
5.6831845104e+02 2.7860769723e-04
5.7191540326e+02 5.5309561517e-04
5.7551235548e+02 8.7896860090e-04
5.7910930770e+02 1.1856293535e-03
5.8270625993e+02 1.4140567911e-03
5.8630321215e+02 1.4953284164e-03
5.8990016437e+02 1.3730059950e-03
5.9349711659e+02 1.0393910404e-03
5.9709406881e+02 5.1415535752e-04
6.0069102103e+02 -1.9853327769e-04
6.0428797326e+02 -1.0618278461e-03
6.0788492548e+02 -1.9087796063e-03
6.1148187770e+02 -2.5144877726e-03
6.1507882992e+02 -2.7356771674e-03
6.1867578214e+02 -2.5421714513e-03
6.2227273437e+02 -1.9921089014e-03
6.2586968659e+02 -1.2587838193e-03
6.2946663881e+02 -6.4283796351e-04
6.3306359103e+02 -3.9635442499e-04
6.3666054325e+02 -4.7032699276e-04
6.4025749547e+02 -5.6453748497e-04
6.4385444770e+02 -4.6464252611e-04
6.4745139992e+02 -1.9922166797e-04
6.5104835214e+02 3.2496364506e-05
6.5464530436e+02 1.3676950039e-05
6.5824225658e+02 -2.6119544306e-04
6.6183920880e+02 -5.3319899514e-04
6.6543616103e+02 -5.7795473106e-04
6.6903311325e+02 -4.9323363312e-04
6.7263006547e+02 -5.7898757672e-04
6.7622701769e+02 -9.1874086469e-04
6.7982396991e+02 -1.1758073470e-03
6.8342092214e+02 -9.0357274020e-04
6.8701787436e+02 5.5253105228e-05
6.9061482658e+02 1.5262911133e-03
6.9421177880e+02 3.2258930577e-03
6.9780873102e+02 4.8527295790e-03
7.0140568324e+02 6.0658492525e-03
7.0500263547e+02 6.6077731430e-03
7.0859958769e+02 6.4342447878e-03
7.1219653991e+02 5.6682720805e-03
7.1579349213e+02 4.4843108511e-03
7.1939044435e+02 3.0816373545e-03
7.2298739657e+02 1.7139806740e-03
7.2658434880e+02 6.6557138092e-04
7.3018130102e+02 1.1615324806e-04
7.3377825324e+02 4.8147459139e-05
7.3737520546e+02 3.4218303017e-04
7.4097215768e+02 8.4264752893e-04
7.4456910991e+02 1.3350621087e-03
7.4816606213e+02 1.5790970826e-03
7.5176301435e+02 1.3710826839e-03
7.5535996657e+02 6.0247515092e-04
7.5895691879e+02 -6.3241777399e-04
7.6255387101e+02 -2.0214034680e-03
7.6615082324e+02 -3.2887243271e-03
7.6974777546e+02 -4.3744334067e-03
7.7334472768e+02 -5.3064884063e-03
7.7694167990e+02 -6.0269110014e-03
7.8053863212e+02 -6.3731962885e-03
7.8413558434e+02 -6.1979962374e-03
7.8773253657e+02 -5.4856232148e-03
7.9132948879e+02 -4.2965109284e-03
7.9492644101e+02 -2.7304465156e-03
7.9852339323e+02 -1.0517815295e-03
8.0212034545e+02 2.7894960803e-04
8.0571729768e+02 8.6986023555e-04
8.0931424990e+02 7.1043516152e-04
8.1291120212e+02 1.6643661249e-04
8.1650815434e+02 -2.9326990590e-04
8.2010510656e+02 -4.0245763922e-04
8.2370205878e+02 -2.1199541096e-04
8.2729901101e+02 1.1670397461e-04
8.3089596323e+02 5.3585971324e-04
8.3449291545e+02 1.0577991462e-03
8.3808986767e+02 1.6470390806e-03
8.4168681989e+02 2.2887900813e-03
8.4528377211e+02 3.0340489235e-03
8.4888072434e+02 3.9246380947e-03
8.5247767656e+02 4.8970822821e-03
8.5607462878e+02 5.6598854530e-03
8.5967158100e+02 5.7387709220e-03
8.6326853322e+02 4.8374722792e-03
8.6686548545e+02 3.1463496014e-03
8.7046243767e+02 1.1888220703e-03
8.7405938989e+02 -5.3307388014e-04
8.7765634211e+02 -1.6781520554e-03
8.8125329433e+02 -2.1221132886e-03
8.8485024655e+02 -2.0014388416e-03
8.8844719878e+02 -1.5972794918e-03
8.9204415100e+02 -1.1571381622e-03
8.9564110322e+02 -8.3487255699e-04
8.9923805544e+02 -7.3513232197e-04
9.0283500766e+02 -9.5500304015e-04
9.0643195988e+02 -1.5201010904e-03
9.1002891211e+02 -2.2994991637e-03
9.1362586433e+02 -3.0884946174e-03
9.1722281655e+02 -3.6902383167e-03
9.2081976877e+02 -3.9204671574e-03
9.2441672099e+02 -3.6902383167e-03
9.2801367322e+02 -3.0884946174e-03
9.3161062544e+02 -2.2994991637e-03
9.3520757766e+02 -1.5201010904e-03
9.3880452988e+02 -9.5500304015e-04
9.4240148210e+02 -7.3513232197e-04
9.4599843432e+02 -8.3487255699e-04
9.4959538655e+02 -1.1571381622e-03
9.5319233877e+02 -1.5972794918e-03
9.5678929099e+02 -2.0014388416e-03
9.6038624321e+02 -2.1221132886e-03
9.6398319543e+02 -1.6781520554e-03
9.6758014765e+02 -5.3307388014e-04
9.7117709988e+02 1.1888220703e-03
9.7477405210e+02 3.1463496014e-03
9.7837100432e+02 4.8374722792e-03
9.8196795654e+02 5.7387709220e-03
9.8556490876e+02 5.6598854530e-03
9.8916186099e+02 4.8970822821e-03
9.9275881321e+02 3.9246380947e-03
9.9635576543e+02 3.0340489235e-03
9.9995271765e+02 2.2887900813e-03
1.0035496699e+03 1.6470390806e-03
1.0071466221e+03 1.0577991462e-03
1.0107435743e+03 5.3585971324e-04
1.0143405265e+03 1.1670397461e-04
1.0179374788e+03 -2.1199541096e-04
1.0215344310e+03 -4.0245763922e-04
1.0251313832e+03 -2.9326990590e-04
1.0287283354e+03 1.6643661249e-04
1.0323252876e+03 7.1043516152e-04
1.0359222399e+03 8.6986023555e-04
1.0395191921e+03 2.7894960803e-04
1.0431161443e+03 -1.0517815295e-03
1.0467130965e+03 -2.7304465156e-03
1.0503100488e+03 -4.2965109284e-03
1.0539070010e+03 -5.4856232148e-03
1.0575039532e+03 -6.1979962374e-03
1.0611009054e+03 -6.3731962885e-03
1.0646978576e+03 -6.0269110014e-03
1.0682948099e+03 -5.3064884063e-03
1.0718917621e+03 -4.3744334067e-03
1.0754887143e+03 -3.2887243271e-03
1.0790856665e+03 -2.0214034680e-03
1.0826826188e+03 -6.3241777399e-04
1.0862795710e+03 6.0247515092e-04
1.0898765232e+03 1.3710826839e-03
1.0934734754e+03 1.5790970826e-03
1.0970704276e+03 1.3350621087e-03
1.1006673799e+03 8.4264752893e-04
1.1042643321e+03 3.4218303017e-04
1.1078612843e+03 4.8147459139e-05
1.1114582365e+03 1.1615324806e-04
1.1150551887e+03 6.6557138092e-04
1.1186521410e+03 1.7139806740e-03
1.1222490932e+03 3.0816373545e-03
1.1258460454e+03 4.4843108511e-03
1.1294429976e+03 5.6682720805e-03
1.1330399499e+03 6.4342447878e-03
1.1366369021e+03 6.6077731430e-03
1.1402338543e+03 6.0658492525e-03
1.1438308065e+03 4.8527295790e-03
1.1474277587e+03 3.2258930577e-03
1.1510247110e+03 1.5262911133e-03
1.1546216632e+03 5.5253105228e-05
1.1582186154e+03 -9.0357274020e-04
1.1618155676e+03 -1.1758073470e-03
1.1654125199e+03 -9.1874086469e-04
1.1690094721e+03 -5.7898757672e-04
1.1726064243e+03 -4.9323363312e-04
1.1762033765e+03 -5.7795473106e-04
1.1798003287e+03 -5.3319899514e-04
1.1833972810e+03 -2.6119544306e-04
1.1869942332e+03 1.3676950039e-05
1.1905911854e+03 3.2496364506e-05
1.1941881376e+03 -1.9922166797e-04
1.1977850898e+03 -4.6464252611e-04
1.2013820421e+03 -5.6453748497e-04
1.2049789943e+03 -4.7032699276e-04
1.2085759465e+03 -3.9635442499e-04
1.2121728987e+03 -6.4283796351e-04
1.2157698510e+03 -1.2587838193e-03
1.2193668032e+03 -1.9921089014e-03
1.2229637554e+03 -2.5421714513e-03
1.2265607076e+03 -2.7356771674e-03
1.2301576598e+03 -2.5144877726e-03
1.2337546121e+03 -1.9087796063e-03
1.2373515643e+03 -1.0618278461e-03
1.2409485165e+03 -1.9853327769e-04
1.2445454687e+03 5.1415535752e-04
1.2481424210e+03 1.0393910404e-03
1.2517393732e+03 1.3730059950e-03
1.2553363254e+03 1.4953284164e-03
1.2589332776e+03 1.4140567911e-03
1.2625302298e+03 1.1856293535e-03
1.2661271821e+03 8.7896860090e-04
1.2697241343e+03 5.5309561517e-04
1.2733210865e+03 2.7860769723e-04
1.2769180387e+03 4.5524228507e-05
1.2805149909e+03 -2.8253087598e-04
1.2841119432e+03 -7.2336618290e-04
1.2877088954e+03 -1.0260145644e-03
1.2913058476e+03 -8.9206065518e-04
1.2949027998e+03 -2.3741131690e-04
1.2984997521e+03 8.0278984060e-04
1.3020967043e+03 2.0063493224e-03
1.3056936565e+03 3.1270649672e-03
1.3092906087e+03 3.9365968700e-03
1.3128875609e+03 4.2875024403e-03
1.3164845132e+03 4.0612891148e-03
1.3200814654e+03 3.1556414614e-03
1.3236784176e+03 1.7041285271e-03
1.3272753698e+03 2.2038065543e-04
1.3308723221e+03 -6.7262275011e-04
1.3344692743e+03 -7.0030093963e-04
1.3380662265e+03 -5.6360860110e-05
1.3416631787e+03 8.6781526402e-04
1.3452601309e+03 1.7487674981e-03
1.3488570832e+03 2.3435741900e-03
1.3524540354e+03 2.4149666061e-03
1.3560509876e+03 1.8296666840e-03
1.3596479398e+03 6.6114819025e-04
1.3632448920e+03 -8.4661452749e-04
1.3668418443e+03 -2.3085957661e-03
1.3704387965e+03 -3.2836350003e-03
1.3740357487e+03 -3.5191731558e-03
1.3776327009e+03 -3.0965432266e-03
1.3812296532e+03 -2.2673350637e-03
1.3848266054e+03 -1.2867605234e-03
1.3884235576e+03 -3.9834683209e-04
1.3920205098e+03 2.0259131522e-04
1.3956174620e+03 4.0985124610e-04
1.3992144143e+03 2.6159395338e-04
1.4028113665e+03 -1.4901633291e-07
1.4064083187e+03 -8.4595406137e-05
1.4100052709e+03 9.4533681085e-05
1.4136022232e+03 3.7650018176e-04
1.4171991754e+03 5.7398144091e-04
1.4207961276e+03 6.7085109923e-04
1.4243930798e+03 7.9830544682e-04
1.4279900320e+03 1.1039489911e-03
1.4315869843e+03 1.6285942894e-03
1.4351839365e+03 2.2530615477e-03
1.4387808887e+03 2.7222875753e-03
1.4423778409e+03 2.7854802823e-03
1.4459747931e+03 2.3992675843e-03
1.4495717454e+03 1.7248497267e-03
1.4531686976e+03 9.1059081973e-04
1.4567656498e+03 -5.6326267037e-05
1.4603626020e+03 -1.2410483857e-03
1.4639595543e+03 -2.5032378417e-03
1.4675565065e+03 -3.4117482023e-03
1.4711534587e+03 -3.4594210498e-03
1.4747504109e+03 -2.4199576730e-03
1.4783473631e+03 -5.8818972253e-04
1.4819443154e+03 1.3431758586e-03
1.4855412676e+03 2.7732290984e-03
1.4891382198e+03 3.6168290497e-03
1.4927351720e+03 4.1718834304e-03
1.4963321243e+03 4.6430821529e-03
1.4999290765e+03 4.9342094552e-03
1.5035260287e+03 4.8440079980e-03
1.5071229809e+03 4.3393693121e-03
1.5107199331e+03 3.6003360261e-03
1.5143168854e+03 2.8868736766e-03
1.5179138376e+03 2.4462151641e-03
1.5215107898e+03 2.4377582468e-03
1.5251077420e+03 2.8177800423e-03
1.5287046943e+03 3.3221015301e-03
1.5323016465e+03 3.5466627024e-03
1.5358985987e+03 3.1586255716e-03
1.5394955509e+03 2.1344707229e-03
1.5430925031e+03 7.8920746349e-04
1.5466894554e+03 -4.1604891392e-04
1.5502864076e+03 -1.1741213299e-03
1.5538833598e+03 -1.5478149598e-03
1.5574803120e+03 -1.9002243607e-03
1.5610772642e+03 -2.5474756481e-03
1.5646742165e+03 -3.5043110353e-03
1.5682711687e+03 -4.5119146240e-03
1.5718681209e+03 -5.2059718674e-03
1.5754650731e+03 -5.3017418995e-03
1.5790620254e+03 -4.6793368525e-03
1.5826589776e+03 -3.4343435617e-03
1.5862559298e+03 -1.8629295421e-03
1.5898528820e+03 -2.4662468100e-04
1.5934498342e+03 1.2847892031e-03
1.5970467865e+03 2.5744176618e-03
1.6006437387e+03 3.3326922394e-03
1.6042406909e+03 3.3555837146e-03
1.6078376431e+03 2.6817727316e-03
1.6114345954e+03 1.4991194427e-03
1.6150315476e+03 5.7021375516e-05
1.6186284998e+03 -1.3255806087e-03
1.6222254520e+03 -2.3654154412e-03
1.6258224042e+03 -3.0029502644e-03
1.6294193565e+03 -3.4328915799e-03
1.6330163087e+03 -3.9108300178e-03
1.6366132609e+03 -4.5285390523e-03
1.6402102131e+03 -5.1263405916e-03
1.6438071653e+03 -5.3718299248e-03
1.6474041176e+03 -5.0174839901e-03
1.6510010698e+03 -4.0460357008e-03
1.6545980220e+03 -2.6081543775e-03
1.6581949742e+03 -9.4060047134e-04
1.6617919265e+03 7.2613826388e-04
1.6653888787e+03 2.2198402682e-03
1.6689858309e+03 3.3993976237e-03
1.6725827831e+03 4.1965790470e-03
1.6761797353e+03 4.6204477645e-03
1.6797766876e+03 4.6726889322e-03
1.6833736398e+03 4.3971806709e-03
1.6869705920e+03 3.8944985014e-03
1.6905675442e+03 3.1430726008e-03
1.6941644965e+03 2.0229116845e-03
1.6977614487e+03 6.1852204481e-04
1.7013584009e+03 -6.9648704414e-04
1.7049553531e+03 -1.5824282369e-03
1.7085523053e+03 -1.9876121620e-03
1.7121492576e+03 -1.9479376474e-03
1.7157462098e+03 -1.3652573967e-03
1.7193431620e+03 -1.9564151455e-04
1.7229401142e+03 1.4068726556e-03
1.7265370664e+03 3.2125745866e-03
1.7301340187e+03 4.9900303537e-03
1.7337309709e+03 6.5100608009e-03
1.7373279231e+03 7.4950287232e-03
1.7409248753e+03 7.6383343178e-03
1.7445218276e+03 6.7667123003e-03
1.7481187798e+03 5.0418201091e-03
1.7517157320e+03 2.8793134594e-03
1.7553126842e+03 5.9153993640e-04
1.7589096364e+03 -1.7993897857e-03
1.7625065887e+03 -4.5781324994e-03
1.7661035409e+03 -8.3819347712e-03
1.7697004931e+03 -1.4030642054e-02
1.7732974453e+03 -2.2198013320e-02
1.7768943976e+03 -3.3310234338e-02
1.7804913498e+03 -4.7578964155e-02
1.7840883020e+03 -6.4950084647e-02
1.7876852542e+03 -8.5200215580e-02
1.7912822064e+03 -1.0820765810e-01
1.7948791587e+03 -1.3379018003e-01
1.7984761109e+03 -1.6109560721e-01
1.8020730631e+03 -1.8809199352e-01
1.8056700153e+03 -2.1121834431e-01
1.8092669675e+03 -2.2519650896e-01
1.8128639198e+03 -2.2265460428e-01
1.8164608720e+03 -1.9377043039e-01
1.8200578242e+03 -1.2646330634e-01
1.8236547764e+03 -7.7029452740e-03
1.8272517287e+03 1.7263120213e-01
1.8308486809e+03 4.1225695144e-01
1.8344456331e+03 6.8110283673e-01
1.8380425853e+03 9.0835836506e-01
