# Rotated Reynolds stress Morkovin's scaling
# Columns: y_plus    rho v''v''rotated/tau_wall
3.9832992606e-01 6.8379975936e-06
1.1887924427e+00 1.9879264942e-04
1.9799514194e+00 1.1499347721e-03
2.7719943680e+00 3.5378669168e-03
3.5651283791e+00 7.9400060532e-03
4.3595770683e+00 1.4664455839e-02
5.1555775073e+00 2.3935982997e-02
5.9533773809e+00 3.5733630542e-02
6.7532325235e+00 5.0080711911e-02
7.5554049053e+00 6.6786830990e-02
8.3601610713e+00 8.5787962358e-02
9.1677709952e+00 1.0681793050e-01
9.9785072812e+00 1.2977844650e-01
1.0792644643e+01 1.5437114869e-01
1.1610459588e+01 1.8048225375e-01
1.2432230253e+01 2.0780252500e-01
1.3258236337e+01 2.3621307330e-01
1.4088759099e+01 2.6541048309e-01
1.4924081400e+01 2.9528359822e-01
1.5764487770e+01 3.2555300257e-01
1.6610264487e+01 3.5612798812e-01
1.7461699667e+01 3.8676319590e-01
1.8319083357e+01 4.1739226338e-01
1.9182707631e+01 4.4780711645e-01
2.0052866693e+01 4.7796772430e-01
2.0929856971e+01 5.0770405623e-01
2.1813977219e+01 5.3699989535e-01
2.2705528623e+01 5.6571707382e-01
2.3604814899e+01 5.9385602152e-01
2.4512142398e+01 6.2130349929e-01
2.5427820210e+01 6.4807016109e-01
2.6352160271e+01 6.7405857847e-01
2.7285477466e+01 6.9928021626e-01
2.8228089740e+01 7.2364675859e-01
2.9180318202e+01 7.4717225984e-01
3.0142487241e+01 7.6978670452e-01
3.1114924627e+01 7.9151972121e-01
3.2097961633e+01 8.1232612796e-01
3.3091933139e+01 8.3224587387e-01
3.4097177753e+01 8.5124284587e-01
3.5114037921e+01 8.6935468711e-01
3.6142860047e+01 8.8655314218e-01
3.7183994610e+01 9.0288072422e-01
3.8237796283e+01 9.1831951699e-01
3.9304624055e+01 9.3291234721e-01
4.0384841351e+01 9.4664661965e-01
4.1478816159e+01 9.5956838623e-01
4.2586921152e+01 9.7167886364e-01
4.3709533817e+01 9.8303538865e-01
4.4847036585e+01 9.9365190031e-01
4.5999816957e+01 1.0035830231e+00
4.7168267640e+01 1.0128305753e+00
4.8352786679e+01 1.0214253480e+00
4.9553777591e+01 1.0293552617e+00
5.0771649508e+01 1.0366490599e+00
5.2006817308e+01 1.0433088869e+00
5.3259701767e+01 1.0493766038e+00
5.4530729690e+01 1.0548646453e+00
5.5820334067e+01 1.0598109783e+00
5.7128954215e+01 1.0642135689e+00
5.8457035929e+01 1.0680855042e+00
5.9805031633e+01 1.0714081208e+00
6.1173400536e+01 1.0741882908e+00
6.2562608788e+01 1.0764131877e+00
6.3973129635e+01 1.0780981285e+00
6.5405443587e+01 1.0792443021e+00
6.6860038576e+01 1.0798790392e+00
6.8337410125e+01 1.0800160375e+00
6.9838061516e+01 1.0796952963e+00
7.1362503960e+01 1.0789481362e+00
7.2911256775e+01 1.0778232893e+00
7.4484847559e+01 1.0763500405e+00
7.6083812373e+01 1.0745709905e+00
7.7708695921e+01 1.0725183409e+00
7.9360051734e+01 1.0702412799e+00
8.1038442365e+01 1.0677733947e+00
8.2744439576e+01 1.0651516331e+00
8.4478624530e+01 1.0623923736e+00
8.6241587997e+01 1.0595283820e+00
8.8033930547e+01 1.0565936053e+00
8.9856262762e+01 1.0536228932e+00
9.1709205436e+01 1.0506061009e+00
9.3593389795e+01 1.0475038372e+00
9.5509457704e+01 1.0442567702e+00
9.7458061892e+01 1.0408331227e+00
9.9439866172e+01 1.0372102993e+00
1.0145554566e+02 1.0333939211e+00
1.0350578703e+02 1.0294012035e+00
1.0559128871e+02 1.0252616190e+00
1.0771276115e+02 1.0209949217e+00
1.0987092704e+02 1.0166242589e+00
1.1206652160e+02 1.0121455504e+00
1.1430029277e+02 1.0075289633e+00
1.1657300151e+02 1.0027292213e+00
1.1888542205e+02 9.9768882768e-01
1.2123834212e+02 9.9234467931e-01
1.2363256328e+02 9.8668405107e-01
1.2606890115e+02 9.8074273805e-01
1.2854818569e+02 9.7458001040e-01
1.3107126148e+02 9.6823106904e-01
1.3363898805e+02 9.6170367118e-01
1.3625224012e+02 9.5494233221e-01
1.3891190791e+02 9.4787947125e-01
1.4161889747e+02 9.4048259712e-01
1.4437413097e+02 9.3277683462e-01
1.4717854699e+02 9.2483393316e-01
1.5003310091e+02 9.1672557855e-01
1.5293876514e+02 9.0844306703e-01
1.5589652954e+02 8.9990999534e-01
1.5890740169e+02 8.9108112747e-01
1.6197240728e+02 8.8195934023e-01
1.6509259044e+02 8.7257446783e-01
1.6826901409e+02 8.6299779618e-01
1.7150276031e+02 8.5334916461e-01
1.7479493070e+02 8.4370094194e-01
1.7814664679e+02 8.3400091835e-01
1.8155905037e+02 8.2418197699e-01
1.8503330390e+02 8.1425300330e-01
1.8857059093e+02 8.0423822103e-01
1.9217211647e+02 7.9415797507e-01
1.9583910742e+02 7.8397297512e-01
1.9957281298e+02 7.7358842564e-01
2.0337450507e+02 7.6287385203e-01
2.0724547877e+02 7.5176108361e-01
2.1118705278e+02 7.4022220006e-01
2.1520056983e+02 7.2834171576e-01
2.1928739716e+02 7.1624111161e-01
2.2344892701e+02 7.0402069355e-01
2.2768657703e+02 6.9163993759e-01
2.3200179082e+02 6.7903211423e-01
2.3639603841e+02 6.6620130460e-01
2.4087081674e+02 6.5303499873e-01
2.4542765019e+02 6.3947665792e-01
2.5006809109e+02 6.2558106305e-01
2.5479372026e+02 6.1144863471e-01
2.5960614754e+02 5.9710016958e-01
2.6450701231e+02 5.8252266568e-01
2.6949798412e+02 5.6781832780e-01
2.7458076319e+02 5.5296158344e-01
2.7975708102e+02 5.3786241508e-01
2.8502870098e+02 5.2248203538e-01
2.9039741890e+02 5.0694448021e-01
2.9586506368e+02 4.9115383474e-01
3.0143349794e+02 4.7523848940e-01
3.0710461862e+02 4.5914398227e-01
3.1288035765e+02 4.4279272069e-01
3.1876268259e+02 4.2620240067e-01
3.2475359732e+02 4.0948244660e-01
3.3085514269e+02 3.9268685298e-01
3.3706939727e+02 3.7600412314e-01
3.4339847799e+02 3.5935606271e-01
3.4984454091e+02 3.4266345546e-01
3.5640978188e+02 3.2593802620e-01
3.6309643733e+02 3.0923140247e-01
3.6990678487e+02 2.9268285833e-01
3.7684314396e+02 2.7628018687e-01
3.8390787633e+02 2.5994045968e-01
3.9110338615e+02 2.4371642781e-01
3.9843211953e+02 2.2770929877e-01
4.0589656306e+02 2.1200958576e-01
4.1349924044e+02 1.9659004133e-01
4.2124270614e+02 1.8141189048e-01
4.2912953435e+02 1.6658768680e-01
4.3716230063e+02 1.5228864147e-01
4.4534355328e+02 1.3847004379e-01
4.5367577013e+02 1.2514721945e-01
4.6216129653e+02 1.1237067243e-01
4.7080225980e+02 1.0016525981e-01
4.7960045663e+02 8.8716818146e-02
4.8855721127e+02 7.8078728365e-02
4.9767320634e+02 6.8308426827e-02
5.0694829158e+02 5.9585215127e-02
5.1638128212e+02 5.1800178587e-02
5.2596976245e+02 4.4745260578e-02
5.3570991718e+02 3.8406310883e-02
5.4559641198e+02 3.2793296047e-02
5.5562234697e+02 2.7880364164e-02
5.6577930043e+02 2.3622014861e-02
5.7605747209e+02 1.9980872163e-02
5.8644592435e+02 1.6898176595e-02
5.9693290738e+02 1.4277870642e-02
6.0750624294e+02 1.2079133884e-02
6.1815373393e+02 1.0269877141e-02
6.2886356302e+02 8.7854042625e-03
6.3962464611e+02 7.5557850439e-03
6.5042691296e+02 6.5430587014e-03
6.6126149787e+02 5.7077936967e-03
6.7212083508e+02 5.0108788131e-03
6.8299866488e+02 4.4269633297e-03
6.9388996500e+02 3.9325114472e-03
7.0479082754e+02 3.5065146791e-03
7.1569830307e+02 3.1406117683e-03
7.2661023225e+02 2.8251511197e-03
7.3752508151e+02 2.5519395353e-03
7.4844179417e+02 2.3145413306e-03
7.5935966386e+02 2.1058667958e-03
7.7027823245e+02 1.9215354685e-03
7.8119721165e+02 1.7590142077e-03
7.9211642543e+02 1.6152280796e-03
8.0303576952e+02 1.4871835354e-03
8.1395518398e+02 1.3726275702e-03
8.2487463536e+02 1.2697691122e-03
8.3579410559e+02 1.1771519740e-03
8.4671358515e+02 1.0935083863e-03
8.5763306920e+02 1.0177995988e-03
8.6855255537e+02 9.4908467432e-04
8.7947204248e+02 8.8659698656e-04
8.9039153002e+02 8.2962767160e-04
9.0131101774e+02 7.7760925048e-04
9.1223050554e+02 7.3001199480e-04
9.2314999336e+02 6.8641440286e-04
9.3406948120e+02 6.4640915294e-04
9.4498896904e+02 6.0967139275e-04
9.5590845688e+02 5.7587445738e-04
9.6682794473e+02 5.4475949635e-04
9.7774743257e+02 5.1605526595e-04
9.8866692042e+02 4.8955301232e-04
9.9958640826e+02 4.6503248190e-04
1.0105058961e+03 4.4233770396e-04
1.0214253840e+03 4.2129403710e-04
1.0323448718e+03 4.0177966633e-04
1.0432643596e+03 3.8364276178e-04
1.0541838475e+03 3.6678256926e-04
1.0651033353e+03 3.5107164739e-04
1.0760228232e+03 3.3642532161e-04
1.0869423110e+03 3.2273249644e-04
1.0978617989e+03 3.0991432672e-04
1.1087812867e+03 2.9787969429e-04
1.1197007746e+03 2.8656956672e-04
1.1306202624e+03 2.7592564138e-04
1.1415397502e+03 2.6591307789e-04
1.1524592381e+03 2.5648759218e-04
1.1633787259e+03 2.4760779948e-04
1.1742982138e+03 2.3921157932e-04
1.1852177016e+03 2.3125227929e-04
1.1961371895e+03 2.2367402754e-04
1.2070566773e+03 2.1645492200e-04
1.2179761652e+03 2.0955704962e-04
1.2288956530e+03 2.0298569566e-04
1.2398151408e+03 1.9672068029e-04
1.2507346287e+03 1.9078518104e-04
1.2616541165e+03 1.8515400962e-04
1.2725736044e+03 1.7984137712e-04
1.2834930922e+03 1.7480222616e-04
1.2944125801e+03 1.7004212285e-04
1.3053320679e+03 1.6550970885e-04
1.3162515558e+03 1.6121960783e-04
1.3271710436e+03 1.5713278728e-04
1.3380905314e+03 1.5327531218e-04
1.3490100193e+03 1.4960952657e-04
1.3599295071e+03 1.4615105395e-04
1.3708489950e+03 1.4285625012e-04
1.3817684828e+03 1.3974030025e-04
1.3926879707e+03 1.3677249634e-04
1.4036074585e+03 1.3397531994e-04
1.4145269464e+03 1.3132113868e-04
1.4254464342e+03 1.2882575530e-04
1.4363659220e+03 1.2645249031e-04
1.4472854099e+03 1.2420769340e-04
1.4582048977e+03 1.2204875641e-04
1.4691243856e+03 1.1998810335e-04
1.4800438734e+03 1.1799580704e-04
1.4909633613e+03 1.1610018292e-04
1.5018828491e+03 1.1427596473e-04
1.5128023370e+03 1.1255034948e-04
1.5237218248e+03 1.1089116899e-04
1.5346413126e+03 1.0932433059e-04
1.5455608005e+03 1.0781830513e-04
1.5564802883e+03 1.0640397833e-04
1.5673997762e+03 1.0504904239e-04
1.5783192640e+03 1.0377911958e-04
1.5892387519e+03 1.0254956161e-04
1.6001582397e+03 1.0137654381e-04
1.6110777276e+03 1.0021302063e-04
1.6219972154e+03 9.9081845605e-05
1.6329167032e+03 9.7947959213e-05
1.6438361911e+03 9.6848320575e-05
1.6547556789e+03 9.5759529580e-05
1.6656751668e+03 9.4723714821e-05
1.6765946546e+03 9.3712658275e-05
1.6875141425e+03 9.2756783686e-05
1.6984336303e+03 9.1818851927e-05
1.7093531182e+03 9.0926418083e-05
1.7202726060e+03 9.0049101844e-05
1.7311920938e+03 8.9218035886e-05
1.7421115817e+03 8.8407706184e-05
1.7530310695e+03 8.7646241473e-05
1.7639505574e+03 8.6909485927e-05
1.7748700452e+03 8.6223470248e-05
1.7857895331e+03 8.5564106097e-05
1.7967090209e+03 8.4954948288e-05
1.8076285088e+03 8.4367538871e-05
1.8185479966e+03 8.3822564918e-05
1.8294674844e+03 8.3288068844e-05
1.8403869723e+03 8.2786535448e-05
1.8513064601e+03 8.2284932876e-05
1.8622259480e+03 8.1808037473e-05
1.8731454358e+03 8.1320610756e-05
1.8840649237e+03 8.0850974439e-05
1.8949844115e+03 8.0365932112e-05
1.9059038994e+03 7.9904894309e-05
1.9168233872e+03 7.9439871713e-05
1.9277428750e+03 7.9016633147e-05
1.9386623629e+03 7.8600485796e-05
1.9495818507e+03 7.8232878555e-05
1.9605013386e+03 7.7868590423e-05
1.9714208264e+03 7.7548670487e-05
1.9823403143e+03 7.7223098408e-05
1.9932598021e+03 7.6939779026e-05
2.0041792900e+03 7.6644834893e-05
2.0150987778e+03 7.6394354383e-05
2.0260182656e+03 7.6125815731e-05
2.0369377535e+03 7.5902390500e-05
2.0478572413e+03 7.5650709115e-05
2.0587767292e+03 7.5443188762e-05
2.0696962170e+03 7.5200566612e-05
2.0806157049e+03 7.5011715687e-05
2.0915351927e+03 7.4797984495e-05
2.1024546806e+03 7.4665413333e-05
2.1133741684e+03 7.4529395767e-05
2.1242936562e+03 7.4500322856e-05
2.1352131441e+03 7.4474130724e-05
2.1461326319e+03 7.4557113447e-05
2.1570521198e+03 7.4623694398e-05
2.1679716076e+03 7.4783261211e-05
2.1788910955e+03 7.4896701258e-05
2.1898105833e+03 7.5086633738e-05
2.2007300712e+03 7.5203710830e-05
2.2116495590e+03 7.5386837645e-05
2.2225690468e+03 7.5478866242e-05
2.2334885347e+03 7.5637401135e-05
2.2444080225e+03 7.5698421612e-05
2.2553275104e+03 7.5830474469e-05
2.2662469982e+03 7.5854990625e-05
2.2771664861e+03 7.5945085830e-05
2.2880859739e+03 7.5909471828e-05
2.2990054618e+03 7.5928741307e-05
2.3099249496e+03 7.5803998441e-05
2.3208444374e+03 7.5724528030e-05
2.3317639253e+03 7.5487306019e-05
2.3426834131e+03 7.5290369650e-05
2.3536029010e+03 7.4930691880e-05
2.3645223888e+03 7.4619784814e-05
2.3754418767e+03 7.4159930955e-05
2.3863613645e+03 7.3776848955e-05
2.3972808524e+03 7.3271286838e-05
2.4082003402e+03 7.2878371652e-05
2.4191198280e+03 7.2390495866e-05
2.4300393159e+03 7.2054446513e-05
2.4409588037e+03 7.1642759708e-05
2.4518782916e+03 7.1413657494e-05
2.4627977794e+03 7.1103159073e-05
2.4737172673e+03 7.0990248979e-05
2.4846367551e+03 7.0769867638e-05
2.4955562430e+03 7.0759324928e-05
2.5064757308e+03 7.0608000795e-05
2.5173952187e+03 7.0680071123e-05
2.5283147065e+03 7.0565574702e-05
2.5392341943e+03 7.0678655343e-05
2.5501536822e+03 7.0538422665e-05
2.5610731700e+03 7.0622454037e-05
2.5719926579e+03 7.0375516542e-05
2.5829121457e+03 7.0360528909e-05
2.5938316336e+03 6.9935688277e-05
2.6047511214e+03 6.9767287901e-05
2.6156706093e+03 6.9097629248e-05
2.6265900971e+03 6.8718427630e-05
2.6375095849e+03 6.7718920531e-05
2.6484290728e+03 6.7050059967e-05
2.6593485606e+03 6.5611569728e-05
2.6702680485e+03 6.4560675325e-05
2.6811875363e+03 6.2572401494e-05
2.6921070242e+03 6.1054968236e-05
2.7030265120e+03 5.8423576348e-05
2.7139459999e+03 5.6374837392e-05
2.7248654877e+03 5.3058348636e-05
2.7357849755e+03 5.0486577694e-05
2.7467044634e+03 4.6621365503e-05
2.7576239512e+03 4.3750536406e-05
2.7685434391e+03 3.9867141279e-05
2.7794629269e+03 3.7296595135e-05
2.7903824148e+03 3.4438287023e-05
2.8013019026e+03 3.3129612926e-05
2.8122213905e+03 3.2516128255e-05
