# Rotated Reynolds stress Morkovin's scaling
# Columns: y_plus    rho w''w''rotated/tau_wall
3.9832992606e-01 9.4580856289e-03
1.1887924427e+00 6.8849084076e-02
1.9799514194e+00 1.5922954963e-01
2.7719943680e+00 2.6275419902e-01
3.5651283791e+00 3.6941775786e-01
4.3595770683e+00 4.7370722951e-01
5.1555775073e+00 5.7324744905e-01
5.9533773809e+00 6.6704317846e-01
6.7532325235e+00 7.5517585265e-01
7.5554049053e+00 8.3786131551e-01
8.3601610713e+00 9.1563194346e-01
9.1677709952e+00 9.8880871787e-01
9.9785072812e+00 1.0577911764e+00
1.0792644643e+01 1.1227105745e+00
1.1610459588e+01 1.1837349765e+00
1.2432230253e+01 1.2408690187e+00
1.3258236337e+01 1.2942158614e+00
1.4088759099e+01 1.3438178581e+00
1.4924081400e+01 1.3898189746e+00
1.5764487770e+01 1.4323264653e+00
1.6610264487e+01 1.4715148698e+00
1.7461699667e+01 1.5075341289e+00
1.8319083357e+01 1.5405830005e+00
1.9182707631e+01 1.5708494857e+00
2.0052866693e+01 1.5985467977e+00
2.0929856971e+01 1.6238683013e+00
2.1813977219e+01 1.6470018366e+00
2.2705528623e+01 1.6681135482e+00
2.3604814899e+01 1.6873589393e+00
2.4512142398e+01 1.7048781966e+00
2.5427820210e+01 1.7207877061e+00
2.6352160271e+01 1.7351814830e+00
2.7285477466e+01 1.7481279706e+00
2.8228089740e+01 1.7596923911e+00
2.9180318202e+01 1.7699353593e+00
3.0142487241e+01 1.7789282224e+00
3.1114924627e+01 1.7867336224e+00
3.2097961633e+01 1.7934152910e+00
3.3091933139e+01 1.7990327582e+00
3.4097177753e+01 1.8036721430e+00
3.5114037921e+01 1.8074430595e+00
3.6142860047e+01 1.8104812743e+00
3.7183994610e+01 1.8129115143e+00
3.8237796283e+01 1.8148302562e+00
3.9304624055e+01 1.8162736360e+00
4.0384841351e+01 1.8172166641e+00
4.1478816159e+01 1.8175914588e+00
4.2586921152e+01 1.8173367719e+00
4.3709533817e+01 1.8164172858e+00
4.4847036585e+01 1.8148397698e+00
4.5999816957e+01 1.8126520939e+00
4.7168267640e+01 1.8099095936e+00
4.8352786679e+01 1.8066385206e+00
4.9553777591e+01 1.8028374709e+00
5.0771649508e+01 1.7984952730e+00
5.2006817308e+01 1.7936117309e+00
5.3259701767e+01 1.7882321591e+00
5.4530729690e+01 1.7824342420e+00
5.5820334067e+01 1.7762975411e+00
5.7128954215e+01 1.7698819723e+00
5.8457035929e+01 1.7632544143e+00
5.9805031633e+01 1.7564931459e+00
6.1173400536e+01 1.7496595331e+00
6.2562608788e+01 1.7427532596e+00
6.3973129635e+01 1.7357615119e+00
6.5405443587e+01 1.7286860964e+00
6.6860038576e+01 1.7215338704e+00
6.8337410125e+01 1.7142741329e+00
6.9838061516e+01 1.7068549667e+00
7.1362503960e+01 1.6992054311e+00
7.2911256775e+01 1.6912297411e+00
7.4484847559e+01 1.6828125260e+00
7.6083812373e+01 1.6738981416e+00
7.7708695921e+01 1.6644758635e+00
7.9360051734e+01 1.6545893367e+00
8.1038442365e+01 1.6443779232e+00
8.2744439576e+01 1.6340567951e+00
8.4478624530e+01 1.6238097970e+00
8.6241587997e+01 1.6137534982e+00
8.8033930547e+01 1.6039243440e+00
8.9856262762e+01 1.5943448019e+00
9.1709205436e+01 1.5850230955e+00
9.3593389795e+01 1.5758406388e+00
9.5509457704e+01 1.5665799351e+00
9.7458061892e+01 1.5571964128e+00
9.9439866172e+01 1.5478696202e+00
1.0145554566e+02 1.5388209445e+00
1.0350578703e+02 1.5300609845e+00
1.0559128871e+02 1.5214139755e+00
1.0771276115e+02 1.5126698805e+00
1.0987092704e+02 1.5036471157e+00
1.1206652160e+02 1.4942655247e+00
1.1430029277e+02 1.4845369050e+00
1.1657300151e+02 1.4744288971e+00
1.1888542205e+02 1.4639464692e+00
1.2123834212e+02 1.4531481573e+00
1.2363256328e+02 1.4421288039e+00
1.2606890115e+02 1.4308975882e+00
1.2854818569e+02 1.4194806019e+00
1.3107126148e+02 1.4079833397e+00
1.3363898805e+02 1.3963903035e+00
1.3625224012e+02 1.3844642976e+00
1.3891190791e+02 1.3721993347e+00
1.4161889747e+02 1.3597518840e+00
1.4437413097e+02 1.3472365573e+00
1.4717854699e+02 1.3348744566e+00
1.5003310091e+02 1.3229485711e+00
1.5293876514e+02 1.3114547373e+00
1.5589652954e+02 1.3000452179e+00
1.5890740169e+02 1.2885276099e+00
1.6197240728e+02 1.2769459489e+00
1.6509259044e+02 1.2652000326e+00
1.6826901409e+02 1.2529962534e+00
1.7150276031e+02 1.2397598042e+00
1.7479493070e+02 1.2250407849e+00
1.7814664679e+02 1.2093512245e+00
1.8155905037e+02 1.1936872981e+00
1.8503330390e+02 1.1784903035e+00
1.8857059093e+02 1.1633257822e+00
1.9217211647e+02 1.1473902186e+00
1.9583910742e+02 1.1305999007e+00
1.9957281298e+02 1.1133010647e+00
2.0337450507e+02 1.0955177024e+00
2.0724547877e+02 1.0772700637e+00
2.1118705278e+02 1.0588054406e+00
2.1520056983e+02 1.0403836378e+00
2.1928739716e+02 1.0221646025e+00
2.2344892701e+02 1.0040911952e+00
2.2768657703e+02 9.8613725914e-01
2.3200179082e+02 9.6815557397e-01
2.3639603841e+02 9.4966068867e-01
2.4087081674e+02 9.3012484114e-01
2.4542765019e+02 9.0948359726e-01
2.5006809109e+02 8.8838756973e-01
2.5479372026e+02 8.6744640496e-01
2.5960614754e+02 8.4606946978e-01
2.6450701231e+02 8.2307945890e-01
2.6949798412e+02 7.9890165535e-01
2.7458076319e+02 7.7404491596e-01
2.7975708102e+02 7.4884868795e-01
2.8502870098e+02 7.2357599206e-01
2.9039741890e+02 6.9791798234e-01
2.9586506368e+02 6.7150570285e-01
3.0143349794e+02 6.4446867473e-01
3.0710461862e+02 6.1744077805e-01
3.1288035765e+02 5.9087623961e-01
3.1876268259e+02 5.6486963628e-01
3.2475359732e+02 5.3889907774e-01
3.3085514269e+02 5.1262777948e-01
3.3706939727e+02 4.8567981715e-01
3.4339847799e+02 4.5816777660e-01
3.4984454091e+02 4.3012404624e-01
3.5640978188e+02 4.0225936015e-01
3.6309643733e+02 3.7517847081e-01
3.6990678487e+02 3.4876456706e-01
3.7684314396e+02 3.2292989145e-01
3.8390787633e+02 2.9689954966e-01
3.9110338615e+02 2.7138632220e-01
3.9843211953e+02 2.4675815031e-01
4.0589656306e+02 2.2247704556e-01
4.1349924044e+02 1.9899182824e-01
4.2124270614e+02 1.7685860571e-01
4.2912953435e+02 1.5640064948e-01
4.3716230063e+02 1.3781769816e-01
4.4534355328e+02 1.2058197201e-01
4.5367577013e+02 1.0455874454e-01
4.6216129653e+02 8.9745055489e-02
4.7080225980e+02 7.6277009243e-02
4.7960045663e+02 6.4387482044e-02
4.8855721127e+02 5.3991361640e-02
4.9767320634e+02 4.5040122431e-02
5.0694829158e+02 3.7399037837e-02
5.1638128212e+02 3.0780773159e-02
5.2596976245e+02 2.5202621955e-02
5.3570991718e+02 2.0539870375e-02
5.4559641198e+02 1.6657676432e-02
5.5562234697e+02 1.3560100082e-02
5.6577930043e+02 1.1092121491e-02
5.7605747209e+02 9.0474200314e-03
5.8644592435e+02 7.3190093654e-03
5.9693290738e+02 5.9320758941e-03
6.0750624294e+02 4.8799003679e-03
6.1815373393e+02 4.1179488431e-03
6.2886356302e+02 3.5201980607e-03
6.3962464611e+02 3.0159055840e-03
6.5042691296e+02 2.5929955118e-03
6.6126149787e+02 2.2531974100e-03
6.7212083508e+02 1.9696709872e-03
6.8299866488e+02 1.7364603342e-03
6.9388996500e+02 1.5487359325e-03
7.0479082754e+02 1.3931007866e-03
7.1569830307e+02 1.2559315648e-03
7.2661023225e+02 1.1428980319e-03
7.3752508151e+02 1.0480972943e-03
7.4844179417e+02 9.6294054229e-04
7.5935966386e+02 8.8982223640e-04
7.7027823245e+02 8.2679958143e-04
7.8119721165e+02 7.7147354166e-04
7.9211642543e+02 7.2287399994e-04
8.0303576952e+02 6.7996672199e-04
8.1395518398e+02 6.4193202583e-04
8.2487463536e+02 6.0810743154e-04
8.3579410559e+02 5.7796395484e-04
8.4671358515e+02 5.5103667211e-04
8.5763306920e+02 5.2694907102e-04
8.6855255537e+02 5.0535204191e-04
8.7947204248e+02 4.8596100076e-04
8.9039153002e+02 4.6850243479e-04
9.0131101774e+02 4.5275621964e-04
9.1223050554e+02 4.3851204984e-04
9.2314999336e+02 4.2561097324e-04
9.3406948120e+02 4.1390748588e-04
9.4498896904e+02 4.0329701922e-04
9.5590845688e+02 3.9368301266e-04
9.6682794473e+02 3.8499136724e-04
9.7774743257e+02 3.7714786312e-04
9.8866692042e+02 3.7008626100e-04
9.9958640826e+02 3.6373938163e-04
1.0105058961e+03 3.5804284150e-04
1.0214253840e+03 3.5293719771e-04
1.0323448718e+03 3.4836182447e-04
1.0432643596e+03 3.4426716481e-04
1.0541838475e+03 3.4059536362e-04
1.0651033353e+03 3.3730591246e-04
1.0760228232e+03 3.3434611906e-04
1.0869423110e+03 3.3169119729e-04
1.0978617989e+03 3.2930193605e-04
1.1087812867e+03 3.2717216113e-04
1.1197007746e+03 3.2527118187e-04
1.1306202624e+03 3.2360127768e-04
1.1415397502e+03 3.2212944192e-04
1.1524592381e+03 3.2085932619e-04
1.1633787259e+03 3.1975360662e-04
1.1742982138e+03 3.1881954284e-04
1.1852177016e+03 3.1801973254e-04
1.1961371895e+03 3.1736810224e-04
1.2070566773e+03 3.1682755037e-04
1.2179761652e+03 3.1641787936e-04
1.2288956530e+03 3.1610028307e-04
1.2398151408e+03 3.1589882295e-04
1.2507346287e+03 3.1576902554e-04
1.2616541165e+03 3.1573510499e-04
1.2725736044e+03 3.1574303743e-04
1.2834930922e+03 3.1581760286e-04
1.2944125801e+03 3.1589947996e-04
1.3053320679e+03 3.1602092200e-04
1.3162515558e+03 3.1612192241e-04
1.3271710436e+03 3.1624338262e-04
1.3380905314e+03 3.1632407275e-04
1.3490100193e+03 3.1641608564e-04
1.3599295071e+03 3.1646301845e-04
1.3708489950e+03 3.1653318510e-04
1.3817684828e+03 3.1657431705e-04
1.3926879707e+03 3.1666219520e-04
1.4036074585e+03 3.1673738524e-04
1.4145269464e+03 3.1687343422e-04
1.4254464342e+03 3.1700084277e-04
1.4363659220e+03 3.1719185550e-04
1.4472854099e+03 3.1737049352e-04
1.4582048977e+03 3.1760883591e-04
1.4691243856e+03 3.1782478437e-04
1.4800438734e+03 3.1808930488e-04
1.4909633613e+03 3.1831575396e-04
1.5018828491e+03 3.1857781012e-04
1.5128023370e+03 3.1878940279e-04
1.5237218248e+03 3.1903164188e-04
1.5346413126e+03 3.1922021037e-04
1.5455608005e+03 3.1944285331e-04
1.5564802883e+03 3.1961339766e-04
1.5673997762e+03 3.1982389549e-04
1.5783192640e+03 3.1998418468e-04
1.5892387519e+03 3.2019098539e-04
1.6001582397e+03 3.2035053691e-04
1.6110777276e+03 3.2056529644e-04
1.6219972154e+03 3.2073636473e-04
1.6329167032e+03 3.2096851369e-04
1.6438361911e+03 3.2115289411e-04
1.6547556789e+03 3.2139562888e-04
1.6656751668e+03 3.2158083897e-04
1.6765946546e+03 3.2182325991e-04
1.6875141425e+03 3.2200419781e-04
1.6984336303e+03 3.2224855801e-04
1.7093531182e+03 3.2242957265e-04
1.7202726060e+03 3.2267747637e-04
1.7311920938e+03 3.2285191515e-04
1.7421115817e+03 3.2308859690e-04
1.7530310695e+03 3.2323570271e-04
1.7639505574e+03 3.2343995711e-04
1.7748700452e+03 3.2354259346e-04
1.7857895331e+03 3.2370390110e-04
1.7967090209e+03 3.2375770792e-04
1.8076285088e+03 3.2387508473e-04
1.8185479966e+03 3.2388027476e-04
1.8294674844e+03 3.2395343148e-04
1.8403869723e+03 3.2391041357e-04
1.8513064601e+03 3.2394213446e-04
1.8622259480e+03 3.2385926190e-04
1.8731454358e+03 3.2386451775e-04
1.8840649237e+03 3.2376330871e-04
1.8949844115e+03 3.2376752511e-04
1.9059038994e+03 3.2367516956e-04
1.9168233872e+03 3.2370496762e-04
1.9277428750e+03 3.2364691626e-04
1.9386623629e+03 3.2372438499e-04
1.9495818507e+03 3.2371723488e-04
1.9605013386e+03 3.2384852913e-04
1.9714208264e+03 3.2388695374e-04
1.9823403143e+03 3.2405511213e-04
1.9932598021e+03 3.2411736931e-04
2.0041792900e+03 3.2429973484e-04
2.0150987778e+03 3.2436755338e-04
2.0260182656e+03 3.2454780806e-04
2.0369377535e+03 3.2460577459e-04
2.0478572413e+03 3.2476379270e-04
2.0587767292e+03 3.2478568748e-04
2.0696962170e+03 3.2488736346e-04
2.0806157049e+03 3.2483563698e-04
2.0915351927e+03 3.2484533428e-04
2.1024546806e+03 3.2469376866e-04
2.1133741684e+03 3.2460022322e-04
2.1242936562e+03 3.2435667170e-04
2.1352131441e+03 3.2418972170e-04
2.1461326319e+03 3.2390465847e-04
2.1570521198e+03 3.2373365666e-04
2.1679716076e+03 3.2348825998e-04
2.1788910955e+03 3.2340337545e-04
2.1898105833e+03 3.2328834237e-04
2.2007300712e+03 3.2337915621e-04
2.2116495590e+03 3.2347354645e-04
2.2225690468e+03 3.2380963883e-04
2.2334885347e+03 3.2416745017e-04
2.2444080225e+03 3.2479672183e-04
2.2553275104e+03 3.2546157949e-04
2.2662469982e+03 3.2644005127e-04
2.2771664861e+03 3.2748131736e-04
2.2880859739e+03 3.2890275593e-04
2.2990054618e+03 3.3042857893e-04
2.3099249496e+03 3.3241635084e-04
2.3208444374e+03 3.3454676379e-04
2.3317639253e+03 3.3721367872e-04
2.3426834131e+03 3.4003855172e-04
2.3536029010e+03 3.4345172878e-04
2.3645223888e+03 3.4701002633e-04
2.3754418767e+03 3.5118428040e-04
2.3863613645e+03 3.5546993678e-04
2.3972808524e+03 3.6038146017e-04
2.4082003402e+03 3.6535856364e-04
2.4191198280e+03 3.7095476042e-04
2.4300393159e+03 3.7655988268e-04
2.4409588037e+03 3.8276006152e-04
2.4518782916e+03 3.8891272483e-04
2.4627977794e+03 3.9563575891e-04
2.4737172673e+03 4.0228092802e-04
2.4846367551e+03 4.0949067859e-04
2.4955562430e+03 4.1663459479e-04
2.5064757308e+03 4.2435951646e-04
2.5173952187e+03 4.3207654368e-04
2.5283147065e+03 4.4041235602e-04
2.5392341943e+03 4.4885073550e-04
2.5501536822e+03 4.5796950699e-04
2.5610731700e+03 4.6735532708e-04
2.5719926579e+03 4.7749612754e-04
2.5829121457e+03 4.8810640115e-04
2.5938316336e+03 4.9953773263e-04
2.6047511214e+03 5.1165825353e-04
2.6156706093e+03 5.2463733304e-04
2.6265900971e+03 5.3851762218e-04
2.6375095849e+03 5.5324007390e-04
2.6484290728e+03 5.6903088717e-04
2.6593485606e+03 5.8556507132e-04
2.6702680485e+03 6.0324456926e-04
2.6811875363e+03 6.2146284787e-04
2.6921070242e+03 6.4075416099e-04
2.7030265120e+03 6.6024799630e-04
2.7139459999e+03 6.8049933235e-04
2.7248654877e+03 7.0044789322e-04
2.7357849755e+03 7.2046384766e-04
2.7467044634e+03 7.3947619867e-04
2.7576239512e+03 7.5737646266e-04
2.7685434391e+03 7.7343586736e-04
2.7794629269e+03 7.8674956133e-04
2.7903824148e+03 7.9750299365e-04
2.8013019026e+03 8.0384258119e-04
2.8122213905e+03 8.0810543255e-04
