# Displacement thickness delta* as function of Re_theta
# Columns: Re_theta   delta*
9.3118327003e+02 2.6525043028e-01
9.3118524061e+02 2.6513033310e-01
9.3127421836e+02 2.6537447380e-01
9.3129435250e+02 2.6499200814e-01
9.3142020138e+02 2.6490128025e-01
9.3150759891e+02 2.6551663407e-01
9.3160677089e+02 2.6486205314e-01
9.3181218920e+02 2.6571837221e-01
9.3185397941e+02 2.6490446393e-01
9.3216255281e+02 2.6594018370e-01
9.3219446262e+02 2.6502576283e-01
9.3249431633e+02 2.6523436567e-01
9.3267064022e+02 2.6617977653e-01
9.3285292461e+02 2.6545650584e-01
9.3325866160e+02 2.6643923914e-01
9.3326997132e+02 2.6567107816e-01
9.3374734117e+02 2.6589206104e-01
9.3395861937e+02 2.6674988326e-01
9.3425870606e+02 2.6617226152e-01
9.3478532506e+02 2.6711385787e-01
9.3488575210e+02 2.6646084991e-01
9.3533803044e+02 2.6673103393e-01
9.3594269702e+02 2.6697248467e-01
9.3623816502e+02 2.6758379964e-01
9.3672286518e+02 2.6725082373e-01
9.3752649902e+02 2.6801515003e-01
9.3767536559e+02 2.6748761362e-01
9.3834084393e+02 2.6770434626e-01
9.3914949431e+02 2.6838875475e-01
9.3921591454e+02 2.6792562786e-01
9.3994644859e+02 2.6819595276e-01
9.4074398654e+02 2.6868517671e-01
9.4088224308e+02 2.6849046160e-01
9.4153322765e+02 2.6882883264e-01
9.4228605026e+02 2.6920368661e-01
9.4267499005e+02 2.6899542327e-01
9.4298991108e+02 2.6961240494e-01
9.4363316573e+02 2.6997934286e-01
9.4423693218e+02 2.7029347076e-01
9.4458518640e+02 2.6938322991e-01
9.4483968688e+02 2.7055444581e-01
9.4545820087e+02 2.7081644013e-01
9.4606697135e+02 2.7106110214e-01
9.4659883325e+02 2.6986276649e-01
9.4665960787e+02 2.7127798148e-01
9.4725808790e+02 2.7141250022e-01
9.4788060418e+02 2.7148538548e-01
9.4851117629e+02 2.7152944188e-01
9.4870305667e+02 2.7035866758e-01
9.4912142410e+02 2.7161664457e-01
9.4970117842e+02 2.7173224807e-01
9.5024725077e+02 2.7185128754e-01
9.5076536519e+02 2.7087232743e-01
9.5086442912e+02 2.7193612182e-01
9.5126232451e+02 2.7203452890e-01
9.5182931173e+02 2.7217604089e-01
9.5246094794e+02 2.7233542015e-01
9.5306382862e+02 2.7239762496e-01
9.5364390834e+02 2.7239094185e-01
9.5422820514e+02 2.7237443892e-01
9.5483679615e+02 2.7244285802e-01
9.5548220631e+02 2.7260888220e-01
9.5615179103e+02 2.7289743585e-01
9.5681349871e+02 2.7323683041e-01
9.5742912778e+02 2.7355143157e-01
9.5800660168e+02 2.7378493522e-01
9.5855949325e+02 2.7400092704e-01
9.5908399724e+02 2.7423785083e-01
9.5958468967e+02 2.7451925746e-01
9.6007166811e+02 2.7479742922e-01
9.6055479491e+02 2.7505534485e-01
9.6103576698e+02 2.7525046969e-01
9.6151074445e+02 2.7539250455e-01
9.6198517462e+02 2.7547832819e-01
9.6245744815e+02 2.7554966426e-01
9.6290271054e+02 2.7559487097e-01
9.6329418348e+02 2.7564963560e-01
9.6363251347e+02 2.7572990641e-01
9.6392736955e+02 2.7586208992e-01
9.6420022036e+02 2.7597882774e-01
9.6448550757e+02 2.7602989675e-01
9.6480540023e+02 2.7598864608e-01
9.6516137647e+02 2.7594470536e-01
9.6552750570e+02 2.7593605559e-01
9.6586840091e+02 2.7595098902e-01
9.6615969445e+02 2.7589878921e-01
9.6641213017e+02 2.7577295156e-01
9.6664615442e+02 2.7559313404e-01
9.6686580588e+02 2.7543768670e-01
9.6707879496e+02 2.7532150596e-01
9.6730260616e+02 2.7527298841e-01
9.6753897393e+02 2.7526232904e-01
9.6778949474e+02 2.7527504253e-01
9.6805872416e+02 2.7526692433e-01
9.6834741154e+02 2.7526081546e-01
9.6864486325e+02 2.7522644943e-01
9.6894423529e+02 2.7516059467e-01
9.6925812337e+02 2.7505136904e-01
9.6958073021e+02 2.7495379642e-01
9.6987386240e+02 2.7489132196e-01
9.7012144589e+02 2.7492069162e-01
9.7033255962e+02 2.7501413432e-01
9.7053160112e+02 2.7514508390e-01
9.7072990048e+02 2.7524794698e-01
9.7092904580e+02 2.7531976000e-01
9.7113124958e+02 2.7534864145e-01
9.7133451600e+02 2.7536403667e-01
9.7155045388e+02 2.7535184227e-01
9.7179107875e+02 2.7532750894e-01
9.7203896179e+02 2.7528093798e-01
9.7229680402e+02 2.7523856607e-01
9.7257902530e+02 2.7513733826e-01
9.7288376548e+02 2.7494581612e-01
9.7317003432e+02 2.7464735932e-01
9.7342051098e+02 2.7432265626e-01
9.7364591968e+02 2.7401290800e-01
9.7383563099e+02 2.7376270210e-01
9.7398615205e+02 2.7355065171e-01
9.7412343911e+02 2.7335591920e-01
9.7428622867e+02 2.7311502638e-01
9.7450341944e+02 2.7283463710e-01
9.7475906545e+02 2.7251443870e-01
9.7501893094e+02 2.7218559050e-01
9.7526559741e+02 2.7183745614e-01
9.7550079698e+02 2.7149989927e-01
9.7572038552e+02 2.7117570490e-01
9.7591344055e+02 2.7088844456e-01
9.7608734033e+02 2.7062827987e-01
9.7625923958e+02 2.7046181091e-01
9.7643420259e+02 2.7038405135e-01
9.7662432872e+02 2.7036038580e-01
9.7683362016e+02 2.7029986769e-01
9.7707565585e+02 2.7023506332e-01
9.7735792012e+02 2.7018775459e-01
9.7767632766e+02 2.7018530204e-01
9.7800803005e+02 2.7021612254e-01
9.7834154750e+02 2.7034472309e-01
9.7867198163e+02 2.7057036214e-01
9.7895902157e+02 2.7087345524e-01
9.7917393730e+02 2.7121490175e-01
9.7933298216e+02 2.7162485060e-01
9.7977552562e+02 2.7216229780e-01
9.8036669150e+02 2.7276875175e-01
9.8093246918e+02 2.7336634161e-01
9.8148024147e+02 2.7401976559e-01
9.8198617852e+02 2.7472226799e-01
9.8244652019e+02 2.7544357853e-01
9.8288959545e+02 2.7610207163e-01
9.8330735398e+02 2.7669539394e-01
9.8369440817e+02 2.7723471513e-01
9.8406341143e+02 2.7775907922e-01
9.8442890263e+02 2.7822144364e-01
9.8479469563e+02 2.7861932586e-01
9.8512383481e+02 2.7895748323e-01
9.8539799832e+02 2.7929923448e-01
9.8563796054e+02 2.7962850783e-01
9.8586451763e+02 2.7993082925e-01
9.8638003916e+02 2.8026464814e-01
9.8698497869e+02 2.8061446395e-01
9.8753043591e+02 2.8091481924e-01
9.8800103057e+02 2.8112684218e-01
9.8842350474e+02 2.8120169667e-01
9.8881657510e+02 2.8122142932e-01
9.8919534667e+02 2.8125196227e-01
9.8957531643e+02 2.8135206238e-01
9.8997248948e+02 2.8147549562e-01
9.9040272690e+02 2.8161379569e-01
9.9087172923e+02 2.8173739309e-01
9.9136104736e+02 2.8186061972e-01
9.9185111809e+02 2.8194360870e-01
9.9234690813e+02 2.8198816835e-01
9.9287187198e+02 2.8200935185e-01
9.9341067361e+02 2.8206102823e-01
9.9391428166e+02 2.8212466709e-01
9.9435643977e+02 2.8219629650e-01
9.9475629422e+02 2.8225222803e-01
9.9513651619e+02 2.8231965140e-01
9.9549668052e+02 2.8237620963e-01
9.9582391625e+02 2.8243831823e-01
9.9612959208e+02 2.8250776907e-01
9.9643862617e+02 2.8261981283e-01
9.9676191072e+02 2.8273994399e-01
9.9709159015e+02 2.8285693088e-01
9.9742729302e+02 2.8293242695e-01
9.9779625871e+02 2.8298853558e-01
9.9821369001e+02 2.8300674573e-01
9.9866617991e+02 2.8301072246e-01
9.9912864009e+02 2.8299082881e-01
9.9958344375e+02 2.8296689628e-01
1.0000295360e+03 2.8290077340e-01
1.0004822377e+03 2.8282074119e-01
1.0009490904e+03 2.8272884101e-01
1.0014083876e+03 2.8263812422e-01
1.0018441753e+03 2.8251526408e-01
1.0022878590e+03 2.8240824466e-01
1.0027487363e+03 2.8233003736e-01
1.0032002086e+03 2.8230522208e-01
1.0036292857e+03 2.8230496617e-01
1.0040528847e+03 2.8233306454e-01
1.0044954876e+03 2.8234489333e-01
1.0049635181e+03 2.8234287710e-01
1.0054728698e+03 2.8234042582e-01
1.0060199075e+03 2.8240765054e-01
1.0065644869e+03 2.8253929882e-01
1.0070669029e+03 2.8272559327e-01
1.0075092893e+03 2.8290282469e-01
1.0079212313e+03 2.8308196394e-01
1.0083414363e+03 2.8325245314e-01
1.0087778092e+03 2.8345253510e-01
1.0092075333e+03 2.8365812432e-01
1.0096307095e+03 2.8388227272e-01
1.0103387798e+03 2.8417046633e-01
1.0110355777e+03 2.8446072889e-01
1.0116942294e+03 2.8474146369e-01
1.0123188812e+03 2.8503957596e-01
1.0129236496e+03 2.8531905137e-01
1.0135297886e+03 2.8557549028e-01
1.0141294910e+03 2.8579290274e-01
1.0147188395e+03 2.8602923073e-01
1.0153390261e+03 2.8632085808e-01
1.0160133943e+03 2.8669529109e-01
1.0167204476e+03 2.8707159119e-01
1.0174423713e+03 2.8740568003e-01
1.0181853125e+03 2.8764278928e-01
1.0189388272e+03 2.8781082752e-01
1.0196740101e+03 2.8791466784e-01
1.0203996730e+03 2.8801583615e-01
1.0211149011e+03 2.8811561822e-01
1.0217992687e+03 2.8821938202e-01
1.0224470643e+03 2.8827821719e-01
1.0230736680e+03 2.8830611000e-01
1.0236896470e+03 2.8830205604e-01
1.0242986533e+03 2.8831174078e-01
1.0248963202e+03 2.8832792848e-01
1.0254817568e+03 2.8837787098e-01
1.0260613712e+03 2.8845719766e-01
1.0266337330e+03 2.8859250738e-01
1.0272179047e+03 2.8874748035e-01
1.0278314153e+03 2.8891183301e-01
1.0284744266e+03 2.8905559955e-01
1.0291376375e+03 2.8921925106e-01
1.0298035563e+03 2.8939127277e-01
1.0304701044e+03 2.8959674134e-01
1.0310979076e+03 2.8980895822e-01
1.0316689710e+03 2.9005003764e-01
1.0321953140e+03 2.9028400730e-01
1.0330363887e+03 2.9062561786e-01
1.0339824506e+03 2.9100426436e-01
1.0349235134e+03 2.9141316476e-01
1.0358405657e+03 2.9180329571e-01
1.0367265103e+03 2.9218086836e-01
1.0375856977e+03 2.9254587585e-01
1.0384320805e+03 2.9294672876e-01
1.0392588499e+03 2.9334012233e-01
1.0400497361e+03 2.9370374214e-01
1.0408114993e+03 2.9400860545e-01
1.0415615753e+03 2.9429988438e-01
1.0422975411e+03 2.9457714691e-01
1.0429838098e+03 2.9487127347e-01
1.0436222922e+03 2.9517935013e-01
1.0442536772e+03 2.9552043975e-01
1.0444344860e+03 2.9453454285e-01
1.0444721411e+03 2.9446196646e-01
1.0445748127e+03 2.9470821538e-01
1.0446904771e+03 2.9582616507e-01
1.0448508894e+03 2.9446219286e-01
1.0448906762e+03 2.9498073164e-01
1.0450958707e+03 2.9448355505e-01
1.0452238716e+03 2.9523910950e-01
1.0455371076e+03 2.9606317690e-01
1.0456709354e+03 2.9545049644e-01
1.0456834829e+03 2.9455243756e-01
1.0461945878e+03 2.9619238318e-01
1.0462166338e+03 2.9560697882e-01
1.0463761661e+03 2.9465208232e-01
1.0468105535e+03 2.9624992327e-01
1.0468653602e+03 2.9576051024e-01
1.0471608236e+03 2.9478657794e-01
1.0474512002e+03 2.9625303099e-01
1.0475333698e+03 2.9588607203e-01
1.0479933209e+03 2.9626415373e-01
1.0481473273e+03 2.9491533907e-01
1.0481680190e+03 2.9602168556e-01
1.0487652238e+03 2.9627583080e-01
1.0488669765e+03 2.9619925787e-01
1.0489100129e+03 2.9505396781e-01
1.0493508590e+03 2.9629404454e-01
1.0496965130e+03 2.9644097392e-01
1.0497816843e+03 2.9629857743e-01
1.0499358051e+03 2.9517333567e-01
1.0504632372e+03 2.9633028327e-01
1.0505084325e+03 2.9664769266e-01
1.0507289682e+03 2.9529786388e-01
1.0511660009e+03 2.9639807570e-01
1.0511671024e+03 2.9677010150e-01
1.0516909270e+03 2.9679946785e-01
1.0517915921e+03 2.9647263641e-01
1.0518360404e+03 2.9544649647e-01
1.0523522986e+03 2.9682667070e-01
1.0524707197e+03 2.9650547236e-01
1.0526572917e+03 2.9569950023e-01
1.0528697173e+03 2.9687252492e-01
1.0530573887e+03 2.9654105085e-01
1.0533542780e+03 2.9695725971e-01
1.0535929828e+03 2.9658614715e-01
1.0536404342e+03 2.9702520183e-01
1.0537924446e+03 2.9605059669e-01
1.0540529767e+03 2.9665709617e-01
1.0541609292e+03 2.9705342859e-01
1.0544178913e+03 2.9671262445e-01
1.0544588216e+03 2.9701641178e-01
1.0546405997e+03 2.9676511568e-01
1.0546778627e+03 2.9697176881e-01
1.0546916582e+03 2.9646750604e-01
1.0548548280e+03 2.9680901904e-01
1.0548716504e+03 2.9694676323e-01
1.0549641868e+03 2.9687467221e-01
1.0549819720e+03 2.9695131219e-01
1.0550084256e+03 2.9692269419e-01
1.0556374902e+03 2.9684952208e-01
1.0566164127e+03 2.9719680476e-01
1.0575722669e+03 2.9752252323e-01
1.0585146890e+03 2.9788459487e-01
1.0594483987e+03 2.9824769576e-01
1.0603648377e+03 2.9861191172e-01
1.0612502252e+03 2.9895142369e-01
1.0620917345e+03 2.9929594759e-01
1.0628765539e+03 2.9962722625e-01
1.0635859604e+03 2.9997691932e-01
1.0642163758e+03 3.0032729240e-01
1.0647930767e+03 3.0067040493e-01
1.0657100702e+03 3.0105745819e-01
1.0665026996e+03 3.0136429131e-01
1.0672207869e+03 3.0161343594e-01
1.0679035420e+03 3.0185105042e-01
1.0685835915e+03 3.0205889067e-01
1.0692637181e+03 3.0227287027e-01
1.0699429964e+03 3.0249027225e-01
1.0706259180e+03 3.0270998680e-01
1.0713115062e+03 3.0284200855e-01
1.0719968630e+03 3.0289017826e-01
1.0726632519e+03 3.0290685387e-01
1.0732913069e+03 3.0298601367e-01
1.0738757549e+03 3.0308743064e-01
1.0744105886e+03 3.0318037217e-01
1.0748847791e+03 3.0322930763e-01
1.0752971191e+03 3.0326121045e-01
1.0756682760e+03 3.0323804611e-01
1.0760193458e+03 3.0318128768e-01
1.0763677845e+03 3.0309653802e-01
1.0767294535e+03 3.0302520734e-01
1.0771135239e+03 3.0293669937e-01
1.0775117337e+03 3.0285684433e-01
1.0779077609e+03 3.0281486019e-01
1.0782835189e+03 3.0286579646e-01
1.0786528681e+03 3.0297288811e-01
1.0790530714e+03 3.0312430041e-01
1.0794886577e+03 3.0327672751e-01
1.0799348663e+03 3.0343927137e-01
1.0803743651e+03 3.0357544842e-01
1.0807958250e+03 3.0371497707e-01
1.0811849199e+03 3.0385920255e-01
1.0815447293e+03 3.0403754837e-01
1.0818955122e+03 3.0419382699e-01
1.0822442502e+03 3.0433553169e-01
1.0825598833e+03 3.0447688281e-01
1.0828385432e+03 3.0469956252e-01
1.0830962932e+03 3.0496532624e-01
1.0833507180e+03 3.0521228443e-01
1.0836158851e+03 3.0537973126e-01
1.0838874019e+03 3.0552011606e-01
1.0841591827e+03 3.0563643771e-01
1.0844232632e+03 3.0573124959e-01
1.0846898179e+03 3.0577349422e-01
1.0849853165e+03 3.0581240518e-01
1.0853038129e+03 3.0584149469e-01
1.0856277687e+03 3.0587104915e-01
1.0859346706e+03 3.0584679674e-01
1.0862323616e+03 3.0579525384e-01
1.0866103486e+03 3.0573524061e-01
1.0869698331e+03 3.0567766812e-01
1.0872996517e+03 3.0561261044e-01
1.0875994709e+03 3.0557934644e-01
1.0879108362e+03 3.0555288628e-01
1.0882342122e+03 3.0552463114e-01
1.0885178637e+03 3.0545443693e-01
1.0887588374e+03 3.0539187062e-01
1.0889883365e+03 3.0532130215e-01
1.0892798588e+03 3.0524784127e-01
1.0895546819e+03 3.0511935718e-01
1.0898766500e+03 3.0503533114e-01
1.0902600309e+03 3.0504099228e-01
1.0907399564e+03 3.0517355931e-01
1.0912590368e+03 3.0534296066e-01
1.0918007785e+03 3.0552028440e-01
1.0923828434e+03 3.0568395302e-01
1.0930028939e+03 3.0588343846e-01
1.0936183897e+03 3.0609165195e-01
1.0942068444e+03 3.0631714668e-01
1.0947612449e+03 3.0652203335e-01
1.0952627048e+03 3.0672769057e-01
1.0957135927e+03 3.0691681729e-01
1.0961285047e+03 3.0712546310e-01
1.0965294606e+03 3.0736162940e-01
1.0969123108e+03 3.0765469533e-01
1.0972597981e+03 3.0793497149e-01
1.0976092920e+03 3.0818947430e-01
1.0980097422e+03 3.0840455255e-01
1.0984548571e+03 3.0862971335e-01
1.0988882397e+03 3.0884255303e-01
1.0992898445e+03 3.0903647573e-01
1.0997113662e+03 3.0916432300e-01
1.1001576506e+03 3.0924705123e-01
1.1006030842e+03 3.0929987391e-01
1.1010420486e+03 3.0939337220e-01
1.1014651701e+03 3.0950236313e-01
1.1018685958e+03 3.0961049134e-01
1.1022620160e+03 3.0965264099e-01
1.1026773654e+03 3.0964540757e-01
1.1031183002e+03 3.0957991204e-01
1.1035924029e+03 3.0950868247e-01
1.1041047011e+03 3.0942735010e-01
1.1046233913e+03 3.0938630611e-01
1.1051076512e+03 3.0940255944e-01
1.1055363074e+03 3.0951423876e-01
1.1059259012e+03 3.0966259531e-01
1.1063066978e+03 3.0982117384e-01
1.1066884603e+03 3.0994235119e-01
1.1070861600e+03 3.1007563454e-01
1.1074914363e+03 3.1022564924e-01
1.1078964474e+03 3.1041271824e-01
1.1082863962e+03 3.1060544203e-01
1.1086350434e+03 3.1083426948e-01
1.1089358526e+03 3.1108264261e-01
1.1092005868e+03 3.1135225574e-01
1.1097638179e+03 3.1170245234e-01
1.1104474067e+03 3.1211894458e-01
1.1111203222e+03 3.1255159788e-01
1.1117787817e+03 3.1301111457e-01
1.1124279412e+03 3.1344423330e-01
1.1130904528e+03 3.1387290684e-01
1.1137771571e+03 3.1430409298e-01
1.1144590628e+03 3.1478416446e-01
1.1150867620e+03 3.1526118570e-01
1.1156546132e+03 3.1570840184e-01
1.1162171272e+03 3.1607955694e-01
1.1167782518e+03 3.1640966967e-01
1.1172774590e+03 3.1669240102e-01
1.1176862152e+03 3.1694754714e-01
1.1180369637e+03 3.1712465134e-01
1.1183856262e+03 3.1724971254e-01
1.1187336796e+03 3.1732140735e-01
1.1190805375e+03 3.1739847469e-01
1.1194207419e+03 3.1747263598e-01
1.1197476335e+03 3.1754982899e-01
1.1200947623e+03 3.1757238867e-01
1.1205010581e+03 3.1752384139e-01
1.1209872795e+03 3.1737398225e-01
1.1215383399e+03 3.1716272753e-01
1.1221143451e+03 3.1690054659e-01
1.1226870248e+03 3.1666723129e-01
1.1232170461e+03 3.1647905679e-01
1.1236809809e+03 3.1637063334e-01
1.1240685758e+03 3.1629527832e-01
1.1244152952e+03 3.1626358743e-01
1.1247670314e+03 3.1623179912e-01
1.1251430707e+03 3.1618991352e-01
1.1255317118e+03 3.1608550380e-01
1.1259127130e+03 3.1598121267e-01
1.1262591248e+03 3.1591561816e-01
1.1265734133e+03 3.1592926452e-01
1.1268769282e+03 3.1595434085e-01
1.1271992952e+03 3.1598042975e-01
1.1275284899e+03 3.1599690639e-01
1.1278360261e+03 3.1606011261e-01
1.1281449845e+03 3.1616200607e-01
1.1284868566e+03 3.1630650158e-01
1.1288568261e+03 3.1645048400e-01
1.1292328677e+03 3.1660149813e-01
1.1296075182e+03 3.1673693240e-01
1.1302333460e+03 3.1698955508e-01
1.1308640479e+03 3.1729008531e-01
1.1314501885e+03 3.1762603191e-01
1.1319748205e+03 3.1790765807e-01
1.1324327269e+03 3.1812401757e-01
1.1328410351e+03 3.1826658136e-01
1.1332185049e+03 3.1838831303e-01
1.1335891087e+03 3.1848417717e-01
1.1339621583e+03 3.1860013012e-01
1.1343513251e+03 3.1873853815e-01
1.1347607640e+03 3.1891973848e-01
1.1351799794e+03 3.1909086862e-01
1.1356072195e+03 3.1925554644e-01
1.1360401927e+03 3.1936819776e-01
1.1364731485e+03 3.1942029108e-01
1.1368977109e+03 3.1935343986e-01
1.1373283302e+03 3.1920320106e-01
1.1377862024e+03 3.1899566367e-01
1.1382693490e+03 3.1881348599e-01
1.1387675946e+03 3.1868226020e-01
1.1392663266e+03 3.1865667610e-01
1.1397579246e+03 3.1870728298e-01
1.1402475197e+03 3.1881902268e-01
1.1407574606e+03 3.1893050118e-01
1.1412993531e+03 3.1906721419e-01
1.1418378531e+03 3.1920422419e-01
1.1423553109e+03 3.1935074655e-01
1.1428675822e+03 3.1948031555e-01
1.1433924748e+03 3.1965670989e-01
1.1439114703e+03 3.1987778524e-01
1.1443833671e+03 3.2013582506e-01
1.1447976277e+03 3.2036449562e-01
1.1451818460e+03 3.2057101138e-01
1.1455648860e+03 3.2075709944e-01
1.1459139169e+03 3.2097180420e-01
1.1461843068e+03 3.2118306947e-01
1.1464151308e+03 3.2140697243e-01
1.1466712577e+03 3.2162351740e-01
1.1469667924e+03 3.2187011568e-01
1.1472748550e+03 3.2210499723e-01
1.1476047670e+03 3.2232511413e-01
1.1479894879e+03 3.2250762724e-01
1.1484292056e+03 3.2270159187e-01
1.1488993665e+03 3.2291043734e-01
1.1493746245e+03 3.2316651862e-01
1.1498377061e+03 3.2341550287e-01
1.1504996268e+03 3.2370434017e-01
1.1511300311e+03 3.2390964325e-01
1.1517274380e+03 3.2407351534e-01
1.1522960959e+03 3.2420802040e-01
1.1528259055e+03 3.2435259214e-01
1.1532903359e+03 3.2444711734e-01
1.1536734200e+03 3.2446022862e-01
1.1539904258e+03 3.2434712017e-01
1.1542771971e+03 3.2415609336e-01
1.1545647933e+03 3.2390678757e-01
1.1548581840e+03 3.2366743464e-01
1.1551688006e+03 3.2345703706e-01
1.1555165878e+03 3.2333754765e-01
1.1559163730e+03 3.2327851270e-01
1.1563596613e+03 3.2326424348e-01
1.1568249017e+03 3.2323970625e-01
1.1572929528e+03 3.2324614641e-01
1.1577663774e+03 3.2328915812e-01
1.1582394378e+03 3.2339529993e-01
1.1586993368e+03 3.2351957276e-01
1.1591478252e+03 3.2368176178e-01
1.1595923071e+03 3.2387282373e-01
1.1600254413e+03 3.2412198779e-01
1.1604240079e+03 3.2437751510e-01
1.1607848681e+03 3.2463981490e-01
1.1611276591e+03 3.2488048083e-01
1.1614475852e+03 3.2512561777e-01
1.1617237186e+03 3.2534406291e-01
1.1619597784e+03 3.2556460936e-01
1.1622024300e+03 3.2577037209e-01
1.1624836757e+03 3.2597935431e-01
1.1627691657e+03 3.2616014362e-01
1.1630160630e+03 3.2634525475e-01
1.1632443192e+03 3.2651234991e-01
1.1635023562e+03 3.2667960924e-01
1.1637952650e+03 3.2682621375e-01
1.1640944741e+03 3.2700791931e-01
1.1643687124e+03 3.2721652870e-01
1.1646072137e+03 3.2746002169e-01
1.1648196480e+03 3.2764761837e-01
1.1650488616e+03 3.2774953945e-01
1.1653057466e+03 3.2773980111e-01
1.1655584496e+03 3.2768982830e-01
1.1657590759e+03 3.2759828530e-01
1.1659018158e+03 3.2747382102e-01
1.1660152835e+03 3.2728291344e-01
1.1661225533e+03 3.2706499209e-01
1.1662434006e+03 3.2681764269e-01
1.1663798791e+03 3.2658207090e-01
1.1665214345e+03 3.2635301115e-01
1.1666680272e+03 3.2618156254e-01
1.1668201784e+03 3.2602590342e-01
1.1669863158e+03 3.2587235542e-01
1.1671647794e+03 3.2568538621e-01
1.1673599437e+03 3.2554077828e-01
1.1675719370e+03 3.2546025342e-01
1.1677926896e+03 3.2547187654e-01
1.1680096385e+03 3.2552907463e-01
1.1682248931e+03 3.2565011888e-01
1.1684451885e+03 3.2580139561e-01
1.1686630021e+03 3.2600041483e-01
1.1688561233e+03 3.2621214632e-01
1.1690450326e+03 3.2646582484e-01
1.1692597684e+03 3.2672689009e-01
1.1695092019e+03 3.2700915972e-01
1.1697875823e+03 3.2725858623e-01
1.1700940049e+03 3.2748235447e-01
1.1704007081e+03 3.2767059443e-01
1.1706847961e+03 3.2788444059e-01
1.1709527115e+03 3.2809489013e-01
1.1713133346e+03 3.2833671302e-01
1.1719422480e+03 3.2862421136e-01
1.1725497467e+03 3.2888031303e-01
1.1731662530e+03 3.2906252501e-01
1.1738243643e+03 3.2923247124e-01
1.1745334099e+03 3.2944255570e-01
1.1752842647e+03 3.2974552041e-01
1.1760735591e+03 3.3005357941e-01
1.1769068990e+03 3.3032016835e-01
1.1777589672e+03 3.3051132622e-01
1.1786019193e+03 3.3069633363e-01
1.1794396618e+03 3.3087685510e-01
1.1802724418e+03 3.3105159143e-01
1.1810885376e+03 3.3115765802e-01
1.1818746919e+03 3.3122107958e-01
1.1826436112e+03 3.3124954119e-01
1.1833871130e+03 3.3128381871e-01
1.1840933484e+03 3.3129021354e-01
1.1847783098e+03 3.3129804217e-01
1.1854352642e+03 3.3128024013e-01
1.1860564520e+03 3.3126142935e-01
1.1866339210e+03 3.3121840528e-01
1.1871840301e+03 3.3121551783e-01
1.1877194782e+03 3.3124396071e-01
1.1882699040e+03 3.3133772547e-01
1.1888557901e+03 3.3148763444e-01
1.1894443076e+03 3.3173179344e-01
1.1899899506e+03 3.3202164088e-01
1.1904932166e+03 3.3234059796e-01
1.1909867194e+03 3.3264263328e-01
1.1914590874e+03 3.3295819446e-01
1.1918719863e+03 3.3328105568e-01
1.1922169114e+03 3.3363961784e-01
1.1925144666e+03 3.3396493633e-01
1.1927909573e+03 3.3422505278e-01
1.1930521325e+03 3.3438362429e-01
1.1932933761e+03 3.3451943373e-01
1.1935080475e+03 3.3464644409e-01
1.1937123518e+03 3.3478953469e-01
1.1939189930e+03 3.3489725859e-01
1.1941777446e+03 3.3500053902e-01
1.1945880027e+03 3.3510426284e-01
1.1949904708e+03 3.3520422110e-01
1.1953940153e+03 3.3529354840e-01
1.1958061111e+03 3.3541054548e-01
1.1962218379e+03 3.3552716031e-01
1.1966349559e+03 3.3566682619e-01
1.1970555992e+03 3.3579865167e-01
1.1974996158e+03 3.3594624173e-01
1.1979713369e+03 3.3607561774e-01
1.1984545739e+03 3.3618729834e-01
1.1989291974e+03 3.3622962317e-01
1.1993780687e+03 3.3623160631e-01
1.1997981483e+03 3.3618124613e-01
1.2002044992e+03 3.3612635748e-01
1.2006009726e+03 3.3605195266e-01
1.2009867802e+03 3.3599417580e-01
1.2013657843e+03 3.3592530006e-01
1.2017236119e+03 3.3585999304e-01
1.2020540317e+03 3.3577729546e-01
1.2023620297e+03 3.3573398767e-01
1.2026610924e+03 3.3572952514e-01
1.2029620609e+03 3.3577998855e-01
1.2032789842e+03 3.3584249691e-01
1.2036385749e+03 3.3597979570e-01
1.2040332798e+03 3.3619760797e-01
1.2044355503e+03 3.3649534996e-01
1.2048461141e+03 3.3678239943e-01
1.2052809809e+03 3.3706714990e-01
1.2057427520e+03 3.3735240482e-01
1.2062091345e+03 3.3768049859e-01
1.2066722654e+03 3.3800061443e-01
1.2071385719e+03 3.3831127883e-01
1.2075918609e+03 3.3855495201e-01
1.2080504737e+03 3.3875302519e-01
1.2085307110e+03 3.3889221617e-01
1.2090270252e+03 3.3903580685e-01
1.2095212957e+03 3.3917013859e-01
1.2100093323e+03 3.3931428504e-01
1.2104928405e+03 3.3943578530e-01
1.2109541203e+03 3.3956722429e-01
1.2113811303e+03 3.3968156438e-01
1.2117871026e+03 3.3980309190e-01
1.2121652076e+03 3.3990687110e-01
1.2125125448e+03 3.4004594446e-01
1.2128315882e+03 3.4019102639e-01
1.2131551642e+03 3.4033847997e-01
1.2135064939e+03 3.4044036234e-01
1.2138788216e+03 3.4053608793e-01
1.2142621394e+03 3.4060625088e-01
1.2146517655e+03 3.4063712031e-01
1.2150582464e+03 3.4057787668e-01
1.2154863051e+03 3.4050055311e-01
1.2159123187e+03 3.4044447058e-01
1.2163279449e+03 3.4046107122e-01
1.2167323255e+03 3.4048061826e-01
1.2171433538e+03 3.4050729058e-01
1.2175568837e+03 3.4051698748e-01
1.2179708278e+03 3.4055543870e-01
1.2183742010e+03 3.4059489591e-01
1.2187674599e+03 3.4066670835e-01
1.2191458736e+03 3.4075341773e-01
1.2195081735e+03 3.4088919161e-01
1.2200556362e+03 3.4110593579e-01
1.2206231348e+03 3.4138004922e-01
1.2211974673e+03 3.4167304418e-01
1.2217884129e+03 3.4199551788e-01
1.2224040257e+03 3.4230348265e-01
1.2230305808e+03 3.4262246945e-01
1.2236285518e+03 3.4290566292e-01
1.2241960770e+03 3.4315890010e-01
1.2247655536e+03 3.4336554411e-01
1.2253446921e+03 3.4360013962e-01
1.2258985760e+03 3.4385192480e-01
1.2263983618e+03 3.4411049423e-01
1.2268572099e+03 3.4430405742e-01
1.2272985605e+03 3.4446322752e-01
1.2277223568e+03 3.4459077103e-01
1.2281152232e+03 3.4473585816e-01
1.2284841605e+03 3.4487425542e-01
1.2288784170e+03 3.4505319726e-01
1.2293179001e+03 3.4525954212e-01
1.2297897065e+03 3.4551687553e-01
1.2302901957e+03 3.4576514916e-01
1.2308205782e+03 3.4599820162e-01
1.2313471384e+03 3.4617464932e-01
1.2318267769e+03 3.4632469860e-01
1.2322671154e+03 3.4642290757e-01
1.2326958615e+03 3.4649438623e-01
1.2331016485e+03 3.4650119881e-01
1.2334817485e+03 3.4648528071e-01
1.2338410750e+03 3.4644883116e-01
1.2341991932e+03 3.4645249181e-01
1.2345633169e+03 3.4645868523e-01
1.2349379916e+03 3.4647813856e-01
1.2353122801e+03 3.4648695035e-01
1.2356793704e+03 3.4653089925e-01
1.2360444674e+03 3.4657525848e-01
1.2364130655e+03 3.4662061042e-01
1.2367713435e+03 3.4662784202e-01
1.2371064045e+03 3.4665284853e-01
1.2374146196e+03 3.4668969866e-01
1.2377318868e+03 3.4675587868e-01
1.2380944509e+03 3.4679788961e-01
1.2384925483e+03 3.4686004172e-01
1.2388618210e+03 3.4695481174e-01
1.2391846320e+03 3.4711716973e-01
1.2395047174e+03 3.4726067667e-01
1.2398552437e+03 3.4736078063e-01
1.2402058620e+03 3.4739504375e-01
1.2405322011e+03 3.4744751486e-01
1.2408351359e+03 3.4752743121e-01
1.2411343510e+03 3.4766649810e-01
1.2416009997e+03 3.4785772952e-01
1.2420938485e+03 3.4804981080e-01
1.2425778592e+03 3.4817978146e-01
1.2430462324e+03 3.4828762854e-01
1.2435094052e+03 3.4837791855e-01
1.2439750844e+03 3.4851221544e-01
1.2444406253e+03 3.4867328272e-01
1.2449085197e+03 3.4887875451e-01
1.2453845373e+03 3.4907613697e-01
1.2458468000e+03 3.4927189067e-01
1.2462895474e+03 3.4942544744e-01
1.2467234253e+03 3.4956772659e-01
1.2471559802e+03 3.4966497023e-01
1.2475795346e+03 3.4972725131e-01
1.2479790814e+03 3.4970813523e-01
1.2483785430e+03 3.4966749520e-01
1.2488005968e+03 3.4962909315e-01
1.2492426799e+03 3.4964128118e-01
1.2496813409e+03 3.4965854116e-01
1.2501001374e+03 3.4969784796e-01
1.2505111191e+03 3.4975174080e-01
1.2509109773e+03 3.4985994508e-01
1.2513049748e+03 3.4997065799e-01
1.2517167581e+03 3.5007969845e-01
1.2521490124e+03 3.5013231321e-01
1.2525768888e+03 3.5017428406e-01
1.2529711613e+03 3.5020692410e-01
1.2533558583e+03 3.5027988094e-01
1.2537617279e+03 3.5035516502e-01
1.2541822580e+03 3.5044488262e-01
1.2545872291e+03 3.5052408757e-01
1.2549573245e+03 3.5066086563e-01
1.2552923240e+03 3.5085828504e-01
1.2556161011e+03 3.5113249407e-01
1.2559513287e+03 3.5139188936e-01
1.2563078607e+03 3.5161764023e-01
1.2566645781e+03 3.5178074115e-01
1.2570052464e+03 3.5194968694e-01
1.2573404880e+03 3.5212395383e-01
1.2576857272e+03 3.5232586180e-01
1.2580408826e+03 3.5249817594e-01
1.2584098263e+03 3.5266511380e-01
1.2587728548e+03 3.5280726117e-01
1.2591082644e+03 3.5297478773e-01
1.2593924344e+03 3.5313759724e-01
1.2596585980e+03 3.5332343115e-01
1.2599536969e+03 3.5349624318e-01
1.2602859299e+03 3.5368505479e-01
1.2606277334e+03 3.5385903149e-01
1.2609633031e+03 3.5404623776e-01
1.2612954602e+03 3.5420087964e-01
1.2616541498e+03 3.5432666553e-01
1.2620549013e+03 3.5437318790e-01
1.2625050002e+03 3.5439016527e-01
1.2629742590e+03 3.5437788061e-01
1.2634291985e+03 3.5437199883e-01
1.2638550314e+03 3.5433205802e-01
1.2642514909e+03 3.5429810757e-01
1.2646087561e+03 3.5427462238e-01
1.2650126500e+03 3.5434162168e-01
1.2654827791e+03 3.5444846935e-01
1.2659099626e+03 3.5454444642e-01
1.2662892204e+03 3.5456945552e-01
1.2666235221e+03 3.5456068607e-01
1.2669237477e+03 3.5450103584e-01
1.2672018386e+03 3.5444207644e-01
1.2674813135e+03 3.5438914665e-01
1.2677821508e+03 3.5439588154e-01
1.2681226074e+03 3.5443305233e-01
1.2685048033e+03 3.5453044269e-01
1.2689137790e+03 3.5466756575e-01
1.2693445007e+03 3.5488400114e-01
1.2697866143e+03 3.5512408568e-01
1.2702303387e+03 3.5536467429e-01
1.2706737510e+03 3.5553825050e-01
1.2711161762e+03 3.5568619965e-01
1.2715598244e+03 3.5581591737e-01
1.2719989646e+03 3.5597372611e-01
1.2724391038e+03 3.5612563840e-01
1.2728842224e+03 3.5630270078e-01
1.2733303143e+03 3.5648066101e-01
1.2737598992e+03 3.5669573681e-01
1.2741374853e+03 3.5689992445e-01
1.2744884470e+03 3.5711010062e-01
1.2748619440e+03 3.5727810677e-01
1.2752647394e+03 3.5742442434e-01
1.2756542033e+03 3.5752478042e-01
1.2760162258e+03 3.5764107500e-01
1.2763835806e+03 3.5776787524e-01
1.2767719723e+03 3.5792672877e-01
1.2771595929e+03 3.5805543302e-01
1.2775399093e+03 3.5816692986e-01
1.2779111435e+03 3.5821942229e-01
1.2782890702e+03 3.5825428854e-01
1.2786712746e+03 3.5825555537e-01
1.2790463296e+03 3.5825993692e-01
1.2794028838e+03 3.5823974785e-01
1.2797403956e+03 3.5824031386e-01
1.2800824489e+03 3.5825067871e-01
1.2804439275e+03 3.5829602210e-01
1.2808206010e+03 3.5831109302e-01
1.2812014740e+03 3.5830815696e-01
1.2815673362e+03 3.5825989793e-01
1.2819417331e+03 3.5822296210e-01
1.2823232315e+03 3.5817864529e-01
1.2826875559e+03 3.5817498582e-01
1.2830007758e+03 3.5818720790e-01
1.2832888577e+03 3.5824852956e-01
1.2836012931e+03 3.5832692390e-01
1.2839447940e+03 3.5844062649e-01
1.2843182922e+03 3.5855287328e-01
1.2847261947e+03 3.5870581510e-01
1.2851491525e+03 3.5887819991e-01
1.2855569486e+03 3.5909014659e-01
1.2859193732e+03 3.5927608836e-01
1.2862649533e+03 3.5946396510e-01
1.2866171855e+03 3.5963083321e-01
1.2869928560e+03 3.5981935753e-01
1.2873930000e+03 3.5999932806e-01
1.2878181903e+03 3.6020836363e-01
1.2882578934e+03 3.6041483882e-01
1.2887008530e+03 3.6063911898e-01
1.2891327323e+03 3.6083423964e-01
1.2895555844e+03 3.6101628319e-01
1.2899577637e+03 3.6114570961e-01
1.2904279371e+03 3.6129877562e-01
1.2909349706e+03 3.6145366907e-01
1.2914579077e+03 3.6164124157e-01
1.2919997500e+03 3.6182488172e-01
1.2925495688e+03 3.6203764382e-01
1.2931017543e+03 3.6225065610e-01
1.2936540795e+03 3.6248496019e-01
1.2942159930e+03 3.6268171041e-01
1.2948002735e+03 3.6285040991e-01
1.2953976991e+03 3.6295271603e-01
1.2960003582e+03 3.6303810470e-01
1.2966023397e+03 3.6309544824e-01
1.2972063129e+03 3.6317180815e-01
1.2978066676e+03 3.6322783077e-01
1.2983840301e+03 3.6328110427e-01
1.2989243405e+03 3.6329144243e-01
1.2994344650e+03 3.6330380028e-01
1.2999202409e+03 3.6330683067e-01
1.3003861422e+03 3.6334455781e-01
1.3008341606e+03 3.6338294761e-01
1.3012747126e+03 3.6345612827e-01
1.3017106320e+03 3.6354121939e-01
1.3021396025e+03 3.6366484961e-01
1.3025721646e+03 3.6378193795e-01
1.3030202600e+03 3.6393395895e-01
1.3034755332e+03 3.6411061365e-01
1.3039369295e+03 3.6433241527e-01
1.3044066069e+03 3.6452166678e-01
1.3048769774e+03 3.6469731817e-01
1.3053143634e+03 3.6485694910e-01
1.3057065727e+03 3.6505500311e-01
1.3060764039e+03 3.6524365674e-01
1.3064502659e+03 3.6544877645e-01
1.3068215700e+03 3.6564004846e-01
1.3071916473e+03 3.6583917263e-01
1.3075543766e+03 3.6597879708e-01
1.3079037188e+03 3.6609888426e-01
1.3082078974e+03 3.6620681039e-01
1.3084539965e+03 3.6635835525e-01
1.3086532130e+03 3.6649570234e-01
1.3088353498e+03 3.6662206061e-01
1.3090168012e+03 3.6670835975e-01
1.3092090377e+03 3.6681739899e-01
1.3094177743e+03 3.6692988675e-01
1.3096676838e+03 3.6707535529e-01
1.3099554437e+03 3.6720294744e-01
1.3102626071e+03 3.6733287331e-01
1.3105583977e+03 3.6740576643e-01
1.3108451377e+03 3.6743268788e-01
1.3111450539e+03 3.6739674377e-01
1.3114606739e+03 3.6736593892e-01
1.3117607123e+03 3.6731700944e-01
1.3120320115e+03 3.6726393163e-01
1.3122925353e+03 3.6717211223e-01
1.3125859670e+03 3.6710976276e-01
1.3129055671e+03 3.6705829269e-01
1.3132413706e+03 3.6704305134e-01
1.3135841148e+03 3.6701181269e-01
1.3139504085e+03 3.6701056520e-01
1.3143347941e+03 3.6702345791e-01
1.3147218370e+03 3.6709131831e-01
1.3151004879e+03 3.6717803952e-01
1.3154814635e+03 3.6731757398e-01
1.3158652051e+03 3.6747062722e-01
1.3162520401e+03 3.6765666429e-01
1.3166240421e+03 3.6783066383e-01
1.3171234893e+03 3.6807773663e-01
1.3176795998e+03 3.6834599348e-01
1.3182428745e+03 3.6864579155e-01
1.3188081872e+03 3.6893624956e-01
1.3193743278e+03 3.6925999100e-01
1.3199394744e+03 3.6957786519e-01
1.3204964467e+03 3.6987877563e-01
1.3210300789e+03 3.7008309154e-01
1.3215347061e+03 3.7022563611e-01
1.3220243026e+03 3.7032740017e-01
1.3225162148e+03 3.7047307454e-01
1.3230017470e+03 3.7063313853e-01
1.3234584084e+03 3.7082221761e-01
1.3238719184e+03 3.7099572527e-01
1.3242652822e+03 3.7118876346e-01
1.3246710625e+03 3.7135237762e-01
1.3251045698e+03 3.7151733901e-01
1.3255406990e+03 3.7165478012e-01
1.3259804172e+03 3.7179348374e-01
1.3264358932e+03 3.7187079255e-01
1.3269174224e+03 3.7191543890e-01
1.3274164779e+03 3.7191872547e-01
1.3279182008e+03 3.7192463919e-01
1.3284173845e+03 3.7189086841e-01
1.3289016612e+03 3.7186402152e-01
1.3293544050e+03 3.7184003080e-01
1.3298010494e+03 3.7186338080e-01
1.3302661275e+03 3.7187900167e-01
1.3307504431e+03 3.7191168473e-01
1.3312060608e+03 3.7193105953e-01
1.3316200488e+03 3.7198257162e-01
1.3320127987e+03 3.7203809833e-01
1.3323967862e+03 3.7213756632e-01
1.3327654547e+03 3.7224804417e-01
1.3331288373e+03 3.7240310549e-01
1.3335167589e+03 3.7255578278e-01
1.3339558144e+03 3.7272743374e-01
1.3344144495e+03 3.7288801118e-01
1.3348603817e+03 3.7309777752e-01
1.3352811949e+03 3.7332678581e-01
1.3356963430e+03 3.7359284702e-01
1.3361056531e+03 3.7384339896e-01
1.3365067912e+03 3.7411472516e-01
1.3368938146e+03 3.7436709780e-01
1.3372800441e+03 3.7461620354e-01
1.3376609374e+03 3.7479648731e-01
1.3380430597e+03 3.7493654121e-01
1.3384218253e+03 3.7501879183e-01
1.3388060550e+03 3.7511853055e-01
1.3391970033e+03 3.7523534100e-01
1.3395881381e+03 3.7540211056e-01
1.3399661560e+03 3.7554896966e-01
1.3403494642e+03 3.7568142019e-01
1.3407771166e+03 3.7577356250e-01
1.3412002829e+03 3.7586438763e-01
1.3416123271e+03 3.7593091304e-01
1.3420161598e+03 3.7601399510e-01
1.3424234044e+03 3.7607838459e-01
1.3428477465e+03 3.7615702707e-01
1.3432864182e+03 3.7620247419e-01
1.3437176944e+03 3.7623631347e-01
1.3441286858e+03 3.7622224159e-01
1.3445215215e+03 3.7620482541e-01
1.3449085392e+03 3.7615847764e-01
1.3453043394e+03 3.7612896268e-01
1.3457062234e+03 3.7609912036e-01
1.3461111131e+03 3.7612306480e-01
1.3465115735e+03 3.7616216752e-01
1.3469157935e+03 3.7623392258e-01
1.3473370729e+03 3.7629021908e-01
1.3477854035e+03 3.7637871036e-01
1.3482468080e+03 3.7647349076e-01
1.3487003497e+03 3.7659882138e-01
1.3491417351e+03 3.7670749972e-01
1.3495742296e+03 3.7684675428e-01
1.3499966331e+03 3.7699951412e-01
1.3504165071e+03 3.7720513976e-01
1.3508296300e+03 3.7741973357e-01
1.3512194488e+03 3.7765393571e-01
1.3515738887e+03 3.7783615614e-01
1.3519162753e+03 3.7799858747e-01
1.3522815401e+03 3.7814264582e-01
1.3527000737e+03 3.7834494444e-01
1.3531487388e+03 3.7855313191e-01
1.3535931993e+03 3.7875848982e-01
1.3540094761e+03 3.7889483487e-01
1.3544191882e+03 3.7902066946e-01
1.3548351122e+03 3.7914116584e-01
1.3552530837e+03 3.7930333790e-01
1.3556624308e+03 3.7944599288e-01
1.3560589037e+03 3.7957552664e-01
1.3564163644e+03 3.7964576820e-01
1.3567174574e+03 3.7970010076e-01
1.3569865669e+03 3.7971096526e-01
1.3572814864e+03 3.7972217498e-01
1.3576052472e+03 3.7970988996e-01
1.3579323151e+03 3.7973915203e-01
1.3582475162e+03 3.7978292834e-01
1.3585797236e+03 3.7985189312e-01
1.3589540256e+03 3.7987644513e-01
1.3593619094e+03 3.7988314441e-01
1.3597710578e+03 3.7985609299e-01
1.3601738677e+03 3.7985610231e-01
1.3605681950e+03 3.7984392353e-01
1.3609615548e+03 3.7985472431e-01
1.3613464169e+03 3.7986106676e-01
1.3617400845e+03 3.7991186535e-01
1.3621353121e+03 3.7996027167e-01
1.3625304496e+03 3.8004979370e-01
1.3629122371e+03 3.8015696047e-01
1.3632688423e+03 3.8031137436e-01
1.3635881623e+03 3.8044260177e-01
1.3638874944e+03 3.8056102667e-01
1.3641921379e+03 3.8064516283e-01
1.3645152655e+03 3.8078018463e-01
1.3648419973e+03 3.8096096178e-01
1.3651852528e+03 3.8121302978e-01
1.3655453689e+03 3.8145100400e-01
1.3659200285e+03 3.8168177859e-01
1.3662775768e+03 3.8186864320e-01
1.3666135922e+03 3.8207933097e-01
1.3669307383e+03 3.8229248303e-01
1.3672394635e+03 3.8252290064e-01
1.3675336979e+03 3.8268683735e-01
1.3678971968e+03 3.8283164221e-01
1.3683391008e+03 3.8296744655e-01
1.3687506396e+03 3.8314986794e-01
1.3691456655e+03 3.8334075968e-01
1.3695254433e+03 3.8352600997e-01
1.3698763463e+03 3.8362873715e-01
1.3702015006e+03 3.8369748679e-01
1.3705034305e+03 3.8370756849e-01
1.3707854156e+03 3.8368440848e-01
1.3710597807e+03 3.8359578325e-01
1.3713515748e+03 3.8353240208e-01
1.3716866220e+03 3.8351414613e-01
1.3720796562e+03 3.8358364793e-01
1.3725144268e+03 3.8368023932e-01
1.3729810018e+03 3.8382267557e-01
1.3734637176e+03 3.8394614908e-01
1.3739379189e+03 3.8404496551e-01
1.3743832655e+03 3.8405818346e-01
1.3748057790e+03 3.8405432094e-01
1.3752119733e+03 3.8403591194e-01
1.3756047485e+03 3.8405039753e-01
1.3759824865e+03 3.8403977965e-01
1.3763729812e+03 3.8404325321e-01
1.3767970692e+03 3.8405618673e-01
1.3772521708e+03 3.8414353000e-01
1.3777073339e+03 3.8425720681e-01
1.3781446120e+03 3.8440623041e-01
1.3785795925e+03 3.8453727979e-01
1.3790362652e+03 3.8468844180e-01
1.3795003888e+03 3.8483395842e-01
1.3799467228e+03 3.8504021453e-01
1.3803521531e+03 3.8528393693e-01
1.3807372515e+03 3.8558189908e-01
1.3811207076e+03 3.8583912423e-01
1.3815282438e+03 3.8606231032e-01
1.3819677080e+03 3.8622465560e-01
1.3824275305e+03 3.8638674120e-01
1.3828667816e+03 3.8651419028e-01
1.3832752371e+03 3.8664609990e-01
1.3836739024e+03 3.8674784302e-01
1.3840934695e+03 3.8686319995e-01
1.3845241674e+03 3.8695501018e-01
1.3849466615e+03 3.8706632854e-01
1.3853363686e+03 3.8716100505e-01
1.3857017045e+03 3.8726774907e-01
1.3860553962e+03 3.8731919609e-01
1.3864147871e+03 3.8733101622e-01
1.3867694639e+03 3.8727115547e-01
1.3871102444e+03 3.8721740350e-01
1.3874359967e+03 3.8716322131e-01
1.3877819929e+03 3.8716945750e-01
1.3881515086e+03 3.8720776858e-01
1.3885194116e+03 3.8730885847e-01
1.3888669777e+03 3.8741070653e-01
1.3892288578e+03 3.8753851437e-01
1.3896133469e+03 3.8764134718e-01
1.3900130102e+03 3.8774099178e-01
1.3904135452e+03 3.8777664167e-01
1.3908329128e+03 3.8779253183e-01
1.3912659940e+03 3.8777391366e-01
1.3916945408e+03 3.8778837504e-01
1.3920992675e+03 3.8780815568e-01
1.3924951034e+03 3.8786868521e-01
1.3928964823e+03 3.8793159329e-01
1.3933033584e+03 3.8804628407e-01
1.3936776084e+03 3.8816955237e-01
1.3940174649e+03 3.8832614108e-01
1.3943275852e+03 3.8846414244e-01
1.3946348649e+03 3.8864405860e-01
1.3949358339e+03 3.8883513140e-01
1.3952321987e+03 3.8906667990e-01
1.3955136050e+03 3.8927503642e-01
1.3957976128e+03 3.8948792034e-01
1.3960902291e+03 3.8965097915e-01
1.3964042648e+03 3.8979124427e-01
1.3967274503e+03 3.8987851185e-01
1.3970506373e+03 3.8998106867e-01
1.3973616535e+03 3.9007519004e-01
1.3977027050e+03 3.9019884186e-01
1.3981936883e+03 3.9032719573e-01
1.3986783799e+03 3.9045277619e-01
1.3991549299e+03 3.9055036131e-01
1.3996217493e+03 3.9067230865e-01
1.4000626601e+03 3.9076577834e-01
1.4004838313e+03 3.9085664577e-01
1.4008808773e+03 3.9090049088e-01
1.4012476669e+03 3.9093617307e-01
1.4015993525e+03 3.9093530151e-01
1.4019752000e+03 3.9096567980e-01
1.4023959787e+03 3.9102117371e-01
1.4028507420e+03 3.9114056386e-01
1.4033137357e+03 3.9126306788e-01
1.4037868673e+03 3.9143028460e-01
1.4042594768e+03 3.9160703307e-01
1.4047200845e+03 3.9181468793e-01
1.4051458860e+03 3.9196315275e-01
1.4055424146e+03 3.9206587769e-01
1.4059278414e+03 3.9210459038e-01
1.4063176761e+03 3.9215660279e-01
1.4067155685e+03 3.9219366620e-01
1.4071199711e+03 3.9224811294e-01
1.4075269399e+03 3.9229528825e-01
1.4079461627e+03 3.9241059376e-01
1.4083700174e+03 3.9256182610e-01
1.4088075534e+03 3.9277347105e-01
1.4092471575e+03 3.9297599992e-01
1.4096951437e+03 3.9319834379e-01
1.4101383185e+03 3.9340203949e-01
1.4105696967e+03 3.9363032746e-01
1.4109882447e+03 3.9383439737e-01
1.4114045952e+03 3.9404879528e-01
1.4118232799e+03 3.9423752385e-01
1.4122438981e+03 3.9443837051e-01
1.4126581063e+03 3.9459516794e-01
1.4130747726e+03 3.9474524713e-01
1.4134672068e+03 3.9485320169e-01
1.4138360746e+03 3.9497967119e-01
1.4141793392e+03 3.9508139300e-01
1.4145270832e+03 3.9518773550e-01
1.4148852299e+03 3.9524794778e-01
1.4152574364e+03 3.9531320802e-01
1.4156248830e+03 3.9535582468e-01
1.4159737796e+03 3.9542291754e-01
1.4163007991e+03 3.9547466186e-01
1.4166337518e+03 3.9555084820e-01
1.4169743315e+03 3.9559761581e-01
1.4173245220e+03 3.9564399943e-01
1.4176678677e+03 3.9564431032e-01
1.4180227217e+03 3.9565102092e-01
1.4183799928e+03 3.9563677763e-01
1.4187139143e+03 3.9566223077e-01
1.4189938704e+03 3.9571022257e-01
1.4192421893e+03 3.9583540191e-01
1.4195035602e+03 3.9597079867e-01
1.4198190308e+03 3.9612431426e-01
1.4201466001e+03 3.9622962846e-01
1.4204580500e+03 3.9633276048e-01
1.4207531902e+03 3.9639617130e-01
1.4210854377e+03 3.9646617249e-01
1.4214566043e+03 3.9649989003e-01
1.4218454035e+03 3.9654982802e-01
1.4222290876e+03 3.9660066845e-01
1.4226184319e+03 3.9671847189e-01
1.4230084417e+03 3.9685826722e-01
1.4233929333e+03 3.9704354733e-01
1.4237449237e+03 3.9720378429e-01
1.4240732176e+03 3.9735883396e-01
1.4243721068e+03 3.9745120788e-01
1.4248574362e+03 3.9760762052e-01
1.4253211681e+03 3.9777202633e-01
1.4257593153e+03 3.9800332288e-01
1.4261756836e+03 3.9822610700e-01
1.4265852061e+03 3.9843044960e-01
1.4270032548e+03 3.9856324557e-01
1.4274449962e+03 3.9869696674e-01
1.4278995597e+03 3.9880968026e-01
1.4283618942e+03 3.9893560416e-01
1.4288291463e+03 3.9901550738e-01
1.4293120431e+03 3.9909752002e-01
1.4298058464e+03 3.9916427608e-01
1.4303117504e+03 3.9927920063e-01
1.4308137976e+03 3.9939834186e-01
1.4313020825e+03 3.9955034071e-01
1.4317610694e+03 3.9967876130e-01
1.4322056597e+03 3.9981870233e-01
1.4326420311e+03 3.9991260848e-01
1.4330821759e+03 3.9999093866e-01
1.4335202180e+03 4.0001211243e-01
1.4339562750e+03 4.0003925061e-01
1.4343893036e+03 4.0006372014e-01
1.4348281858e+03 4.0016618495e-01
1.4352659109e+03 4.0031461435e-01
1.4357036248e+03 4.0053087126e-01
1.4361200703e+03 4.0073898620e-01
1.4365305195e+03 4.0096250413e-01
1.4369406721e+03 4.0113076398e-01
1.4373496793e+03 4.0126725826e-01
1.4377362421e+03 4.0134096178e-01
1.4381188364e+03 4.0142989078e-01
1.4385334337e+03 4.0150500448e-01
1.4389827174e+03 4.0159550273e-01
1.4394273499e+03 4.0165846560e-01
1.4398754684e+03 4.0177541433e-01
1.4403338036e+03 4.0192503600e-01
1.4407957327e+03 4.0212840375e-01
1.4412042197e+03 4.0228899172e-01
1.4415836690e+03 4.0243530688e-01
1.4419782880e+03 4.0254858615e-01
1.4424048369e+03 4.0271131466e-01
1.4428325152e+03 4.0289059789e-01
1.4432583324e+03 4.0310419708e-01
1.4436799147e+03 4.0327064787e-01
1.4440848842e+03 4.0341713534e-01
1.4444534008e+03 4.0351613636e-01
1.4448144878e+03 4.0363746356e-01
1.4451788491e+03 4.0373582055e-01
1.4455680791e+03 4.0383167237e-01
1.4459729000e+03 4.0386785356e-01
1.4463976942e+03 4.0391980096e-01
1.4468131426e+03 4.0397558006e-01
1.4472155186e+03 4.0408448328e-01
1.4476009683e+03 4.0417104249e-01
1.4479967546e+03 4.0426004612e-01
1.4483924845e+03 4.0430675647e-01
1.4487877642e+03 4.0436263849e-01
1.4491684242e+03 4.0437626454e-01
1.4495553979e+03 4.0438709591e-01
1.4499602891e+03 4.0436895418e-01
1.4503944012e+03 4.0439973745e-01
1.4508230852e+03 4.0445584186e-01
1.4512215003e+03 4.0459301308e-01
1.4515699739e+03 4.0476934329e-01
1.4519093581e+03 4.0502172262e-01
1.4522488340e+03 4.0525152156e-01
1.4526076246e+03 4.0545216408e-01
1.4529619729e+03 4.0556900621e-01
1.4533078274e+03 4.0568055024e-01
1.4538002734e+03 4.0582169612e-01
1.4543440607e+03 4.0600818548e-01
1.4548869120e+03 4.0617244958e-01
1.4554317245e+03 4.0635091335e-01
1.4559729914e+03 4.0649593350e-01
1.4565104635e+03 4.0666454474e-01
1.4570348199e+03 4.0682232242e-01
1.4575565341e+03 4.0700831545e-01
1.4580612367e+03 4.0715299169e-01
1.4585499463e+03 4.0729291073e-01
1.4590172842e+03 4.0740671963e-01
1.4594690935e+03 4.0757346493e-01
1.4598904291e+03 4.0775193456e-01
1.4602844714e+03 4.0795367326e-01
1.4606598685e+03 4.0810435915e-01
1.4610290652e+03 4.0825141294e-01
1.4613759327e+03 4.0835103737e-01
1.4617083254e+03 4.0844274828e-01
1.4620230319e+03 4.0847169566e-01
1.4623451190e+03 4.0850213777e-01
1.4626754396e+03 4.0851495521e-01
1.4630239323e+03 4.0856053050e-01
1.4633833870e+03 4.0857632558e-01
1.4637512227e+03 4.0859250041e-01
1.4641150871e+03 4.0856842420e-01
1.4644792338e+03 4.0856745312e-01
1.4648343269e+03 4.0855964762e-01
1.4651968359e+03 4.0859865968e-01
1.4655670558e+03 4.0862523646e-01
1.4659590999e+03 4.0867935705e-01
1.4663429312e+03 4.0872670053e-01
1.4667064476e+03 4.0883747399e-01
1.4670468483e+03 4.0897444573e-01
1.4673929012e+03 4.0917140331e-01
1.4677538420e+03 4.0936920241e-01
1.4681415870e+03 4.0960924511e-01
1.4685376131e+03 4.0983035313e-01
1.4689279986e+03 4.1005564610e-01
1.4692811782e+03 4.1021786677e-01
1.4696196456e+03 4.1037896223e-01
1.4699587432e+03 4.1052427103e-01
1.4703164248e+03 4.1071635691e-01
1.4706706393e+03 4.1088139143e-01
1.4710264746e+03 4.1102791078e-01
1.4713851825e+03 4.1111089305e-01
1.4717645010e+03 4.1121423198e-01
1.4721471420e+03 4.1130806043e-01
1.4725249378e+03 4.1142129150e-01
1.4728776772e+03 4.1149308519e-01
1.4732291424e+03 4.1159716574e-01
1.4735796517e+03 4.1171504801e-01
1.4739491308e+03 4.1189466607e-01
1.4743236217e+03 4.1206063473e-01
1.4747072441e+03 4.1224053641e-01
1.4750810587e+03 4.1238063108e-01
1.4754588486e+03 4.1253106463e-01
1.4758433786e+03 4.1263966469e-01
1.4762602114e+03 4.1275040985e-01
1.4767014814e+03 4.1281694866e-01
1.4771729254e+03 4.1290077991e-01
1.4776400741e+03 4.1295331732e-01
1.4780996334e+03 4.1300474406e-01
1.4785343369e+03 4.1298930269e-01
1.4789599140e+03 4.1297859630e-01
1.4793585176e+03 4.1296659578e-01
1.4797344624e+03 4.1301823118e-01
1.4800785503e+03 4.1306317669e-01
1.4804728442e+03 4.1314594244e-01
1.4808678087e+03 4.1320228313e-01
1.4812586515e+03 4.1328939928e-01
1.4816643817e+03 4.1338033569e-01
1.4821072251e+03 4.1353788521e-01
1.4825672490e+03 4.1372056047e-01
1.4830369781e+03 4.1397286387e-01
1.4834995345e+03 4.1422595066e-01
1.4839600301e+03 4.1449620836e-01
1.4844173644e+03 4.1471974152e-01
1.4848932355e+03 4.1494889828e-01
1.4853906746e+03 4.1514797872e-01
1.4859029176e+03 4.1536908056e-01
1.4864004566e+03 4.1555372040e-01
1.4868833971e+03 4.1573522374e-01
1.4873523776e+03 4.1586662126e-01
1.4878301928e+03 4.1601572242e-01
1.4883056257e+03 4.1614522670e-01
1.4887817576e+03 4.1629972683e-01
1.4892403942e+03 4.1640672986e-01
1.4896955303e+03 4.1649889906e-01
1.4901486573e+03 4.1654561861e-01
1.4906120604e+03 4.1663817608e-01
1.4910704174e+03 4.1674799350e-01
1.4915153942e+03 4.1690493936e-01
1.4919234339e+03 4.1703366775e-01
1.4923126881e+03 4.1717817862e-01
1.4926749993e+03 4.1728792682e-01
1.4930246593e+03 4.1740972195e-01
1.4933359548e+03 4.1747590673e-01
1.4936280171e+03 4.1753350585e-01
1.4939189121e+03 4.1753926246e-01
1.4942261892e+03 4.1753625094e-01
1.4945390533e+03 4.1747790146e-01
1.4948654487e+03 4.1743517235e-01
1.4952079592e+03 4.1739200369e-01
1.4955764563e+03 4.1741222582e-01
1.4959358102e+03 4.1742875099e-01
1.4962971644e+03 4.1747323292e-01
1.4966571405e+03 4.1748939450e-01
1.4970422012e+03 4.1755041966e-01
1.4974276872e+03 4.1762559561e-01
1.4978014303e+03 4.1776489972e-01
1.4981513727e+03 4.1790995650e-01
1.4985140088e+03 4.1811600051e-01
1.4989081091e+03 4.1833499219e-01
1.4993241146e+03 4.1859057808e-01
1.4997030641e+03 4.1879442869e-01
1.5000464507e+03 4.1898144937e-01
1.5003773283e+03 4.1912100650e-01
1.5007466141e+03 4.1929866670e-01
1.5011332096e+03 4.1947430947e-01
1.5015235270e+03 4.1968072211e-01
1.5018829036e+03 4.1984267978e-01
1.5022194052e+03 4.2001460826e-01
1.5025340647e+03 4.2015977426e-01
1.5028595981e+03 4.2032242785e-01
1.5031885417e+03 4.2042467206e-01
1.5035278996e+03 4.2051256676e-01
1.5039825939e+03 4.2059837707e-01
1.5044829076e+03 4.2073379156e-01
1.5049427692e+03 4.2084330286e-01
1.5053683469e+03 4.2096235335e-01
1.5057631728e+03 4.2104080200e-01
1.5061581623e+03 4.2114953196e-01
1.5065490088e+03 4.2124324445e-01
1.5069471398e+03 4.2136381784e-01
1.5073538420e+03 4.2146456005e-01
1.5077877288e+03 4.2160103279e-01
1.5082409075e+03 4.2169934932e-01
1.5087035323e+03 4.2176726509e-01
1.5091452668e+03 4.2174669319e-01
1.5095689826e+03 4.2173089260e-01
1.5099726657e+03 4.2171014215e-01
1.5103773551e+03 4.2174175950e-01
1.5107743825e+03 4.2175423698e-01
1.5111702595e+03 4.2179284870e-01
1.5115615099e+03 4.2182124573e-01
1.5119670093e+03 4.2190807130e-01
1.5123852658e+03 4.2201466820e-01
1.5128204910e+03 4.2219802504e-01
1.5132603017e+03 4.2240427985e-01
1.5137295400e+03 4.2266985921e-01
1.5142297977e+03 4.2292536342e-01
1.5147551548e+03 4.2321693698e-01
1.5152570354e+03 4.2348936940e-01
1.5157405509e+03 4.2378716251e-01
1.5162122979e+03 4.2403702774e-01
1.5166899315e+03 4.2427245967e-01
1.5171572762e+03 4.2444863160e-01
1.5176234144e+03 4.2464576903e-01
1.5180807862e+03 4.2482939956e-01
1.5185303040e+03 4.2504266018e-01
1.5189502405e+03 4.2522596305e-01
1.5193517619e+03 4.2543400393e-01
1.5197337431e+03 4.2560170235e-01
1.5201360229e+03 4.2575881154e-01
1.5205469739e+03 4.2584435039e-01
1.5209793430e+03 4.2593722025e-01
1.5214187955e+03 4.2600673541e-01
1.5218748115e+03 4.2610214374e-01
1.5223266847e+03 4.2615022079e-01
1.5227804964e+03 4.2619665600e-01
1.5232253927e+03 4.2621461606e-01
1.5236583249e+03 4.2628567035e-01
1.5240456458e+03 4.2635690710e-01
1.5244040254e+03 4.2645874494e-01
1.5247357029e+03 4.2651210415e-01
1.5250802927e+03 4.2656145874e-01
1.5254327101e+03 4.2655067390e-01
1.5258047255e+03 4.2653950347e-01
1.5261748923e+03 4.2648834444e-01
1.5265413982e+03 4.2646493617e-01
1.5268809943e+03 4.2642769462e-01
1.5272010749e+03 4.2644016902e-01
1.5274905016e+03 4.2646577064e-01
1.5277746712e+03 4.2656934167e-01
1.5280484388e+03 4.2667789293e-01
1.5283495716e+03 4.2682173662e-01
1.5286717341e+03 4.2693676405e-01
1.5290223419e+03 4.2709423518e-01
1.5293631853e+03 4.2724942214e-01
1.5296934441e+03 4.2744786730e-01
1.5300018480e+03 4.2761774532e-01
1.5303097289e+03 4.2779923861e-01
1.5306167709e+03 4.2795002849e-01
1.5309387659e+03 4.2814228828e-01
1.5312546262e+03 4.2831764344e-01
1.5315906844e+03 4.2850530308e-01
1.5319339740e+03 4.2862644353e-01
1.5322924787e+03 4.2874868446e-01
1.5326288474e+03 4.2883872862e-01
1.5329654378e+03 4.2896609342e-01
1.5334304640e+03 4.2911263391e-01
1.5339703450e+03 4.2929731931e-01
1.5344973653e+03 4.2942809452e-01
1.5350121050e+03 4.2955285886e-01
1.5354806915e+03 4.2961815142e-01
1.5359099499e+03 4.2967873771e-01
1.5363031222e+03 4.2968809360e-01
1.5366888668e+03 4.2971710641e-01
1.5370585859e+03 4.2971950690e-01
1.5374392728e+03 4.2975665420e-01
1.5378270923e+03 4.2978806184e-01
1.5382382801e+03 4.2988139093e-01
1.5386580726e+03 4.2996734746e-01
1.5390843874e+03 4.3006457352e-01
1.5395061138e+03 4.3010842417e-01
1.5399346295e+03 4.3017092632e-01
1.5403558866e+03 4.3020142079e-01
1.5407795221e+03 4.3023938006e-01
1.5411821036e+03 4.3023361394e-01
1.5415889026e+03 4.3029392962e-01
1.5420060596e+03 4.3041980298e-01
1.5424541921e+03 4.3065782668e-01
1.5429011021e+03 4.3088943698e-01
1.5433405268e+03 4.3111328288e-01
1.5437745504e+03 4.3126597917e-01
1.5442268417e+03 4.3142445911e-01
1.5446880943e+03 4.3156117779e-01
1.5451547244e+03 4.3174165485e-01
1.5455959658e+03 4.3190050868e-01
1.5460500439e+03 4.3208913045e-01
1.5465190297e+03 4.3224668707e-01
1.5470259572e+03 4.3244971768e-01
1.5475317106e+03 4.3266336912e-01
1.5480306311e+03 4.3293322098e-01
1.5485140205e+03 4.3316306366e-01
1.5489839726e+03 4.3337497647e-01
1.5494134262e+03 4.3351698056e-01
1.5498170156e+03 4.3366532121e-01
1.5502001431e+03 4.3377578131e-01
1.5506090988e+03 4.3390804544e-01
1.5510274195e+03 4.3399970493e-01
1.5514642898e+03 4.3411008357e-01
1.5518835827e+03 4.3418582138e-01
1.5522912213e+03 4.3428331388e-01
1.5526884762e+03 4.3434039397e-01
1.5531066117e+03 4.3440819596e-01
1.5535234641e+03 4.3443666232e-01
1.5539205366e+03 4.3449127995e-01
1.5542673659e+03 4.3451551745e-01
1.5546135328e+03 4.3456871142e-01
1.5549547841e+03 4.3459458458e-01
1.5552935180e+03 4.3465023258e-01
1.5555904173e+03 4.3466760809e-01
1.5558864011e+03 4.3471275278e-01
1.5561974836e+03 4.3474534056e-01
1.5565374071e+03 4.3482006005e-01
1.5568680002e+03 4.3486014020e-01
1.5571874119e+03 4.3492216726e-01
1.5574742161e+03 4.3497638331e-01
1.5577451076e+03 4.3509559428e-01
1.5579821113e+03 4.3520729244e-01
1.5582158492e+03 4.3535362070e-01
1.5584444383e+03 4.3545970384e-01
1.5587095885e+03 4.3557264127e-01
1.5589905232e+03 4.3563054835e-01
1.5592890161e+03 4.3570425257e-01
1.5595786131e+03 4.3574829441e-01
1.5598849232e+03 4.3582943324e-01
1.5602000077e+03 4.3589721714e-01
1.5605383891e+03 4.3602246693e-01
1.5608621702e+03 4.3615357628e-01
1.5611880835e+03 4.3633838646e-01
1.5615096928e+03 4.3649228904e-01
1.5618534043e+03 4.3666711869e-01
1.5621829419e+03 4.3680346459e-01
1.5625077843e+03 4.3695039637e-01
1.5628116448e+03 4.3703595807e-01
1.5632318780e+03 4.3716192505e-01
1.5636654963e+03 4.3726139682e-01
1.5640944387e+03 4.3739171465e-01
1.5644947786e+03 4.3748698551e-01
1.5648851041e+03 4.3759805527e-01
1.5652586769e+03 4.3767565155e-01
1.5656329180e+03 4.3778972203e-01
1.5659826567e+03 4.3786904231e-01
1.5663149103e+03 4.3794419468e-01
1.5666277076e+03 4.3795115038e-01
1.5669512520e+03 4.3797515537e-01
1.5672770188e+03 4.3798713772e-01
1.5676163143e+03 4.3804479593e-01
1.5679476352e+03 4.3805757126e-01
1.5682884874e+03 4.3807039654e-01
1.5686226139e+03 4.3805204315e-01
1.5689732247e+03 4.3810397847e-01
1.5693302010e+03 4.3817646706e-01
1.5696994173e+03 4.3830004330e-01
1.5700640470e+03 4.3838778140e-01
1.5704493357e+03 4.3849925101e-01
1.5708470826e+03 4.3859957094e-01
1.5712661132e+03 4.3876046055e-01
1.5716760090e+03 4.3890331445e-01
1.5720938333e+03 4.3906260931e-01
1.5725040280e+03 4.3916100024e-01
1.5729301303e+03 4.3926073758e-01
1.5733657829e+03 4.3931709643e-01
1.5738210047e+03 4.3940952942e-01
1.5742695383e+03 4.3949635433e-01
1.5747136727e+03 4.3964583375e-01
1.5751221558e+03 4.3978948664e-01
1.5755180113e+03 4.3997075885e-01
1.5759015700e+03 4.4012312415e-01
1.5763090133e+03 4.4031677757e-01
1.5767130406e+03 4.4049529290e-01
1.5771174206e+03 4.4070865456e-01
1.5775002648e+03 4.4087807256e-01
1.5778789866e+03 4.4104744326e-01
1.5782469715e+03 4.4114808047e-01
1.5786390190e+03 4.4125275953e-01
1.5790443363e+03 4.4132950943e-01
1.5794851220e+03 4.4146738814e-01
1.5799357012e+03 4.4159191805e-01
1.5804154184e+03 4.4172497809e-01
1.5808850364e+03 4.4178469242e-01
1.5813492303e+03 4.4185405032e-01
1.5817891539e+03 4.4190173965e-01
1.5822291146e+03 4.4199248295e-01
1.5826527039e+03 4.4204899029e-01
1.5830809151e+03 4.4212234656e-01
1.5835105783e+03 4.4215404185e-01
1.5839584189e+03 4.4221960116e-01
1.5843835063e+03 4.4227305620e-01
1.5848038346e+03 4.4238689833e-01
1.5851959340e+03 4.4249679770e-01
1.5855768899e+03 4.4265190033e-01
1.5859183612e+03 4.4276863074e-01
1.5862520406e+03 4.4290429374e-01
1.5865793500e+03 4.4301144881e-01
1.5869318389e+03 4.4316735238e-01
1.5872935682e+03 4.4330336740e-01
1.5876618661e+03 4.4345885787e-01
1.5879831364e+03 4.4355584068e-01
1.5882744638e+03 4.4367040052e-01
1.5885370058e+03 4.4376297705e-01
1.5888211659e+03 4.4390594289e-01
1.5891081492e+03 4.4402138375e-01
1.5894194432e+03 4.4415341519e-01
1.5897428540e+03 4.4423819520e-01
1.5901003466e+03 4.4435915786e-01
1.5904578546e+03 4.4447684753e-01
1.5908201887e+03 4.4466255254e-01
1.5911605387e+03 4.4484039566e-01
1.5915092058e+03 4.4505573319e-01
1.5918414868e+03 4.4522301595e-01
1.5921785015e+03 4.4538871339e-01
1.5925759775e+03 4.4550522941e-01
1.5930393649e+03 4.4563096509e-01
1.5934640972e+03 4.4568573755e-01
1.5938809088e+03 4.4575964051e-01
1.5942877040e+03 4.4581630576e-01
1.5947052814e+03 4.4591071164e-01
1.5951106377e+03 4.4594969618e-01
1.5955265187e+03 4.4599068657e-01
1.5959329840e+03 4.4599549691e-01
1.5963530814e+03 4.4605688726e-01
1.5967697465e+03 4.4611315874e-01
1.5971971335e+03 4.4620746588e-01
1.5976149143e+03 4.4626571979e-01
1.5980338875e+03 4.4635737584e-01
1.5984353434e+03 4.4643217510e-01
1.5988362150e+03 4.4655620360e-01
1.5992135854e+03 4.4665869317e-01
1.5995882028e+03 4.4678886005e-01
1.5999339944e+03 4.4686370241e-01
1.6002781193e+03 4.4694827609e-01
1.6006030902e+03 4.4700499191e-01
1.6009365473e+03 4.4712649387e-01
1.6012759585e+03 4.4724690432e-01
1.6016540187e+03 4.4740958401e-01
1.6020505218e+03 4.4753851858e-01
1.6024700696e+03 4.4770084267e-01
1.6028810423e+03 4.4784120858e-01
1.6033015557e+03 4.4803196836e-01
1.6037082972e+03 4.4819855030e-01
1.6041352669e+03 4.4838291680e-01
1.6045632673e+03 4.4849843120e-01
1.6050103593e+03 4.4861859038e-01
1.6054552876e+03 4.4870771886e-01
1.6059289664e+03 4.4885738013e-01
1.6063978657e+03 4.4901306508e-01
1.6068505300e+03 4.4923125646e-01
1.6072593077e+03 4.4942390203e-01
1.6076727968e+03 4.4962733419e-01
1.6080796270e+03 4.4975650638e-01
1.6084910685e+03 4.4988243918e-01
1.6088730982e+03 4.4995652423e-01
1.6092658614e+03 4.5006201982e-01
1.6096577750e+03 4.5012970083e-01
1.6100745924e+03 4.5022023333e-01
1.6104813165e+03 4.5026986970e-01
1.6109040060e+03 4.5034664188e-01
1.6113397619e+03 4.5037957732e-01
1.6118059777e+03 4.5043838260e-01
1.6122497737e+03 4.5048474111e-01
1.6126747278e+03 4.5060819325e-01
1.6130697990e+03 4.5073324575e-01
1.6134802812e+03 4.5089807136e-01
1.6138783147e+03 4.5101328874e-01
1.6142839920e+03 4.5114875640e-01
1.6146610571e+03 4.5124503246e-01
1.6150336338e+03 4.5137043713e-01
1.6153832615e+03 4.5145001180e-01
1.6157434279e+03 4.5155097012e-01
1.6160931579e+03 4.5161686021e-01
1.6164422384e+03 4.5172141049e-01
1.6167611901e+03 4.5179814624e-01
1.6170972393e+03 4.5191875814e-01
1.6174432623e+03 4.5201722398e-01
1.6178197290e+03 4.5215912612e-01
1.6181694955e+03 4.5227079900e-01
1.6185137526e+03 4.5242803387e-01
1.6188360959e+03 4.5256886187e-01
1.6191723550e+03 4.5275507512e-01
1.6195062034e+03 4.5290274839e-01
1.6198728442e+03 4.5306495524e-01
1.6202508035e+03 4.5316610843e-01
1.6206664144e+03 4.5328292912e-01
1.6210792249e+03 4.5337622932e-01
1.6214987986e+03 4.5355223264e-01
1.6219504293e+03 4.5376231135e-01
1.6224668190e+03 4.5402767025e-01
1.6229277324e+03 4.5418444902e-01
1.6233674562e+03 4.5428622363e-01
1.6237801979e+03 4.5431829054e-01
1.6242014994e+03 4.5440627899e-01
1.6246101582e+03 4.5448817779e-01
1.6250292588e+03 4.5460140285e-01
1.6254388659e+03 4.5464896151e-01
1.6258686599e+03 4.5468807606e-01
1.6262961403e+03 4.5466728829e-01
1.6267388965e+03 4.5468663736e-01
1.6271744699e+03 4.5470000353e-01
1.6276301590e+03 4.5477801225e-01
1.6280757362e+03 4.5484901352e-01
1.6285307633e+03 4.5498654728e-01
1.6289708743e+03 4.5511908634e-01
1.6294271060e+03 4.5530120278e-01
1.6298657891e+03 4.5543500006e-01
1.6302973127e+03 4.5556957625e-01
1.6306884489e+03 4.5563032135e-01
1.6310633653e+03 4.5569332481e-01
1.6314040796e+03 4.5571176006e-01
1.6317471697e+03 4.5577655758e-01
1.6320873288e+03 4.5582192361e-01
1.6324500624e+03 4.5589946149e-01
1.6328011313e+03 4.5593596324e-01
1.6331701426e+03 4.5602750956e-01
1.6335384703e+03 4.5613037031e-01
1.6339273660e+03 4.5631208455e-01
1.6342958042e+03 4.5647874672e-01
1.6346723916e+03 4.5668660915e-01
1.6350422524e+03 4.5686321813e-01
1.6354217200e+03 4.5707235075e-01
1.6357681423e+03 4.5722588574e-01
1.6361062733e+03 4.5737304257e-01
1.6364289191e+03 4.5745006659e-01
1.6367673855e+03 4.5756072449e-01
1.6370899676e+03 4.5765425675e-01
1.6374272592e+03 4.5778158545e-01
1.6377549367e+03 4.5783657088e-01
1.6381067781e+03 4.5788223460e-01
1.6384565858e+03 4.5786388628e-01
1.6388274113e+03 4.5787841472e-01
1.6391778550e+03 4.5787329384e-01
1.6395124873e+03 4.5791472927e-01
1.6398059981e+03 4.5791810888e-01
1.6401137736e+03 4.5795547686e-01
1.6404310346e+03 4.5795953984e-01
1.6407828026e+03 4.5799739654e-01
1.6411245769e+03 4.5799510887e-01
1.6415040409e+03 4.5804789402e-01
1.6419075924e+03 4.5810608974e-01
1.6423483816e+03 4.5824418417e-01
1.6427675245e+03 4.5837906420e-01
1.6431694597e+03 4.5856746414e-01
1.6435215854e+03 4.5871095190e-01
1.6438636022e+03 4.5884822860e-01
1.6441922984e+03 4.5889493090e-01
1.6445539505e+03 4.5894602083e-01
1.6449079679e+03 4.5896380091e-01
1.6452760255e+03 4.5904046912e-01
1.6456198548e+03 4.5909504298e-01
1.6459590105e+03 4.5918143147e-01
1.6462549600e+03 4.5921893964e-01
1.6465316493e+03 4.5929262745e-01
1.6467775888e+03 4.5935220690e-01
1.6470539393e+03 4.5948845125e-01
1.6473402485e+03 4.5962875149e-01
1.6476430502e+03 4.5983896526e-01
1.6479007413e+03 4.6002639838e-01
1.6481556189e+03 4.6024586189e-01
1.6484053023e+03 4.6041354219e-01
1.6486928486e+03 4.6059831201e-01
1.6489932055e+03 4.6071732486e-01
1.6493385444e+03 4.6083790422e-01
1.6496947883e+03 4.6089777912e-01
1.6500773752e+03 4.6099040176e-01
1.6504457308e+03 4.6104077188e-01
1.6508275293e+03 4.6111164780e-01
1.6511793246e+03 4.6112940257e-01
1.6515200915e+03 4.6117688161e-01
1.6518308051e+03 4.6118269986e-01
1.6521665810e+03 4.6122321370e-01
1.6525096276e+03 4.6123266041e-01
1.6528807192e+03 4.6129481997e-01
1.6532463585e+03 4.6131915782e-01
1.6536539269e+03 4.6135444696e-01
1.6540675240e+03 4.6133085203e-01
1.6544859026e+03 4.6137247557e-01
1.6548527024e+03 4.6144551936e-01
1.6552047533e+03 4.6161111285e-01
1.6555303278e+03 4.6175510803e-01
1.6558623588e+03 4.6192981035e-01
1.6561719076e+03 4.6206015539e-01
1.6564940881e+03 4.6221574361e-01
1.6567875909e+03 4.6230075697e-01
1.6571696727e+03 4.6241305447e-01
1.6575263087e+03 4.6246007807e-01
1.6578638178e+03 4.6252725065e-01
1.6581624933e+03 4.6255435457e-01
1.6584688690e+03 4.6262506276e-01
1.6587657764e+03 4.6266361975e-01
1.6590838025e+03 4.6273636717e-01
1.6594004471e+03 4.6277137407e-01
1.6597654685e+03 4.6287286063e-01
1.6601524827e+03 4.6299646301e-01
1.6605757959e+03 4.6321173433e-01
1.6609872131e+03 4.6340585694e-01
1.6614231363e+03 4.6364202980e-01
1.6618611139e+03 4.6385527747e-01
1.6623143543e+03 4.6412020120e-01
1.6627332396e+03 4.6433785685e-01
1.6631422976e+03 4.6455847691e-01
1.6635226138e+03 4.6469196782e-01
1.6639146673e+03 4.6480852167e-01
1.6642795044e+03 4.6483627172e-01
1.6646480842e+03 4.6487439650e-01
1.6649700213e+03 4.6486227639e-01
1.6652715757e+03 4.6487853346e-01
1.6655343973e+03 4.6483730808e-01
1.6658127138e+03 4.6482494153e-01
1.6660940083e+03 4.6479415094e-01
1.6664160802e+03 4.6483733522e-01
1.6667507891e+03 4.6486489116e-01
1.6671318093e+03 4.6493586327e-01
1.6675151990e+03 4.6497363156e-01
1.6679271909e+03 4.6507300286e-01
1.6683272532e+03 4.6516319354e-01
1.6687531236e+03 4.6531938062e-01
1.6691753157e+03 4.6546050829e-01
1.6696193909e+03 4.6565706015e-01
1.6700393537e+03 4.6581290743e-01
1.6704646397e+03 4.6599494566e-01
1.6708729833e+03 4.6612054604e-01
1.6713047691e+03 4.6626063154e-01
1.6717089904e+03 4.6633068231e-01
1.6721102179e+03 4.6642419647e-01
1.6724851889e+03 4.6648582571e-01
1.6728799720e+03 4.6659739823e-01
1.6732524726e+03 4.6666253587e-01
1.6736283990e+03 4.6674955070e-01
1.6739755128e+03 4.6679445277e-01
1.6743182841e+03 4.6690293647e-01
1.6746127916e+03 4.6700266329e-01
1.6749137510e+03 4.6716397118e-01
1.6752093595e+03 4.6729935835e-01
1.6755256759e+03 4.6749350882e-01
1.6758151109e+03 4.6767434791e-01
1.6761260305e+03 4.6791247470e-01
1.6764476900e+03 4.6811064903e-01
1.6768075107e+03 4.6833300057e-01
1.6771473759e+03 4.6849041493e-01
1.6775048855e+03 4.6865898413e-01
1.6778564064e+03 4.6875257400e-01
1.6782447099e+03 4.6884755189e-01
1.6786290219e+03 4.6885974700e-01
1.6790392993e+03 4.6888220971e-01
1.6794355327e+03 4.6885989297e-01
1.6798493180e+03 4.6888686285e-01
1.6802440055e+03 4.6888028975e-01
1.6806603651e+03 4.6892622772e-01
1.6810698382e+03 4.6896299038e-01
1.6815283758e+03 4.6908871103e-01
1.6819979988e+03 4.6920311233e-01
1.6825073233e+03 4.6935894994e-01
1.6830025617e+03 4.6946211680e-01
1.6835117330e+03 4.6961303455e-01
1.6839842899e+03 4.6975029649e-01
1.6844499260e+03 4.6995312309e-01
1.6848802979e+03 4.7012390891e-01
1.6853118676e+03 4.7032559845e-01
1.6856949080e+03 4.7046539267e-01
1.6860690037e+03 4.7061701852e-01
1.6864061579e+03 4.7069110330e-01
1.6867519246e+03 4.7078587447e-01
1.6870562297e+03 4.7084714428e-01
1.6873661471e+03 4.7097975481e-01
1.6877458928e+03 4.7111661009e-01
1.6881813922e+03 4.7129039023e-01
1.6886262590e+03 4.7140337237e-01
1.6891123483e+03 4.7155664935e-01
1.6895924070e+03 4.7169297451e-01
1.6900972588e+03 4.7189749599e-01
1.6905873368e+03 4.7207112979e-01
1.6911011665e+03 4.7229052050e-01
1.6915993417e+03 4.7248065017e-01
1.6921303923e+03 4.7273573794e-01
1.6926578507e+03 4.7297066019e-01
1.6932027847e+03 4.7324990448e-01
1.6937135957e+03 4.7346774959e-01
1.6942116334e+03 4.7368658121e-01
1.6946557868e+03 4.7382704498e-01
1.6951003235e+03 4.7398019580e-01
1.6955255063e+03 4.7405898853e-01
1.6959791746e+03 4.7414223184e-01
1.6964119445e+03 4.7414994398e-01
1.6968587732e+03 4.7418108769e-01
1.6972853456e+03 4.7416459098e-01
1.6977270951e+03 4.7419336646e-01
1.6981455739e+03 4.7420166973e-01
1.6985792031e+03 4.7428799561e-01
1.6990001684e+03 4.7438080564e-01
1.6994488253e+03 4.7455725136e-01
1.6998811554e+03 4.7471026470e-01
1.7003462608e+03 4.7490925485e-01
1.7007997225e+03 4.7506873721e-01
1.7012711811e+03 4.7527843262e-01
1.7017026900e+03 4.7543993459e-01
1.7021290848e+03 4.7561585584e-01
1.7025255770e+03 4.7572261027e-01
1.7029397717e+03 4.7586920902e-01
1.7033343500e+03 4.7598808363e-01
1.7037357458e+03 4.7614031958e-01
1.7041071926e+03 4.7622189416e-01
1.7045169750e+03 4.7634236150e-01
1.7049221759e+03 4.7645735470e-01
1.7053456210e+03 4.7665318691e-01
1.7057266617e+03 4.7679793607e-01
1.7061147903e+03 4.7694988215e-01
1.7064760961e+03 4.7703795010e-01
1.7068526337e+03 4.7717188715e-01
1.7072009961e+03 4.7726820660e-01
1.7075501530e+03 4.7740020254e-01
1.7078603060e+03 4.7748151741e-01
1.7081963610e+03 4.7761443556e-01
1.7085345179e+03 4.7772581300e-01
1.7089178918e+03 4.7789959462e-01
1.7092853316e+03 4.7803009815e-01
1.7096755878e+03 4.7818976621e-01
1.7100483565e+03 4.7829292002e-01
1.7104499794e+03 4.7843840095e-01
1.7108375945e+03 4.7853947427e-01
1.7112513555e+03 4.7866542270e-01
1.7116418645e+03 4.7871823519e-01
1.7120415578e+03 4.7879852826e-01
1.7124096239e+03 4.7883787548e-01
1.7127962461e+03 4.7892491267e-01
1.7131608870e+03 4.7896518417e-01
1.7135452258e+03 4.7905687687e-01
1.7139141363e+03 4.7913232812e-01
1.7143211634e+03 4.7928447298e-01
1.7147875032e+03 4.7943030492e-01
1.7153430766e+03 4.7963874207e-01
1.7158946272e+03 4.7980019632e-01
1.7164796350e+03 4.8000100248e-01
1.7170552402e+03 4.8015460043e-01
1.7176570073e+03 4.8035038967e-01
1.7182375631e+03 4.8049866418e-01
1.7188197966e+03 4.8068821175e-01
1.7193456249e+03 4.8083406107e-01
1.7198475319e+03 4.8101780015e-01
1.7202899800e+03 4.8114448309e-01
1.7207248830e+03 4.8131471606e-01
1.7211186595e+03 4.8146539357e-01
1.7215203228e+03 4.8168507414e-01
1.7219004706e+03 4.8185830498e-01
1.7223083413e+03 4.8205266759e-01
1.7227132350e+03 4.8218245962e-01
1.7231669921e+03 4.8235107579e-01
1.7236235856e+03 4.8247362483e-01
1.7241013745e+03 4.8263198242e-01
1.7245381312e+03 4.8273763000e-01
1.7249816407e+03 4.8289468068e-01
1.7254030298e+03 4.8302968850e-01
1.7258548092e+03 4.8322705855e-01
1.7262900774e+03 4.8337196672e-01
1.7267373349e+03 4.8352818439e-01
1.7271452218e+03 4.8360775998e-01
1.7275717156e+03 4.8372788711e-01
1.7279802135e+03 4.8381760914e-01
1.7284101477e+03 4.8396177829e-01
1.7288057738e+03 4.8404797519e-01
1.7292168827e+03 4.8415543541e-01
1.7296017938e+03 4.8421019865e-01
1.7300099708e+03 4.8432431363e-01
1.7304139397e+03 4.8441807300e-01
1.7308602601e+03 4.8456178117e-01
1.7312800735e+03 4.8464997956e-01
1.7317106339e+03 4.8477601847e-01
1.7321143801e+03 4.8486683612e-01
1.7325484118e+03 4.8501908400e-01
1.7329609503e+03 4.8512048152e-01
1.7334084506e+03 4.8523857117e-01
1.7338433489e+03 4.8528535763e-01
1.7343072182e+03 4.8537088024e-01
1.7347394673e+03 4.8541406868e-01
1.7351681741e+03 4.8550301497e-01
1.7355365104e+03 4.8554832941e-01
1.7359054063e+03 4.8564983887e-01
1.7362385723e+03 4.8573693453e-01
1.7365890476e+03 4.8591228193e-01
1.7369113754e+03 4.8607510345e-01
1.7372692020e+03 4.8629384084e-01
1.7376036364e+03 4.8645564341e-01
1.7379548255e+03 4.8663832411e-01
1.7382786654e+03 4.8675522790e-01
1.7386322570e+03 4.8690309890e-01
1.7389632430e+03 4.8699161083e-01
1.7393045445e+03 4.8710236272e-01
1.7395994021e+03 4.8714758898e-01
1.7399010241e+03 4.8723200121e-01
1.7401730161e+03 4.8727799731e-01
1.7404811041e+03 4.8737875047e-01
1.7407885753e+03 4.8743230485e-01
1.7411416225e+03 4.8751052074e-01
1.7414889991e+03 4.8751756373e-01
1.7418736295e+03 4.8755697152e-01
1.7422524020e+03 4.8756394307e-01
1.7426652639e+03 4.8764435034e-01
1.7430608362e+03 4.8770826630e-01
1.7434754290e+03 4.8783926810e-01
1.7438535976e+03 4.8793966708e-01
1.7442329660e+03 4.8809284486e-01
1.7446684447e+03 4.8822900049e-01
1.7451575551e+03 4.8841630521e-01
1.7456095327e+03 4.8854700796e-01
1.7460789641e+03 4.8870844443e-01
1.7465249817e+03 4.8881583360e-01
1.7470144272e+03 4.8898509214e-01
1.7474962926e+03 4.8912800627e-01
1.7480214017e+03 4.8930913300e-01
1.7485247643e+03 4.8940892932e-01
1.7490475653e+03 4.8953052863e-01
1.7495326138e+03 4.8961239070e-01
1.7500331777e+03 4.8976649058e-01
1.7504862703e+03 4.8988803064e-01
1.7509359079e+03 4.9005532598e-01
1.7513255202e+03 4.9018143491e-01
1.7517224232e+03 4.9038559719e-01
1.7520842026e+03 4.9057978475e-01
1.7524735359e+03 4.9083769141e-01
1.7528293166e+03 4.9104052912e-01
1.7532048980e+03 4.9126740437e-01
1.7535547937e+03 4.9142259254e-01
1.7539462429e+03 4.9159811002e-01
1.7543286326e+03 4.9169644809e-01
1.7547588754e+03 4.9181371402e-01
1.7551692587e+03 4.9186386898e-01
1.7556041822e+03 4.9195272587e-01
1.7560068537e+03 4.9199874021e-01
1.7564474006e+03 4.9210755030e-01
1.7568742946e+03 4.9218260596e-01
1.7573376259e+03 4.9230262464e-01
1.7577681187e+03 4.9236413744e-01
1.7582151328e+03 4.9245868131e-01
1.7586199714e+03 4.9249432680e-01
1.7590408020e+03 4.9257235495e-01
1.7594248823e+03 4.9261845437e-01
1.7598320019e+03 4.9274931978e-01
1.7602102608e+03 4.9288252491e-01
1.7606190678e+03 4.9310095570e-01
1.7609941714e+03 4.9328464083e-01
1.7613800447e+03 4.9349869244e-01
1.7617252118e+03 4.9364665690e-01
1.7620976142e+03 4.9382852905e-01
1.7624496303e+03 4.9397240237e-01
1.7628279656e+03 4.9417137636e-01
1.7631736301e+03 4.9432912355e-01
1.7635412581e+03 4.9450879559e-01
1.7638983128e+03 4.9461026209e-01
1.7643110493e+03 4.9472902313e-01
1.7647215823e+03 4.9479388883e-01
1.7651683573e+03 4.9489358803e-01
1.7655837173e+03 4.9493389119e-01
1.7660128538e+03 4.9500991339e-01
1.7663981771e+03 4.9506122526e-01
1.7667945790e+03 4.9518459634e-01
1.7671670773e+03 4.9530058257e-01
1.7675738005e+03 4.9549864292e-01
1.7679591420e+03 4.9569538804e-01
1.7683671577e+03 4.9594874534e-01
1.7687463637e+03 4.9613971031e-01
1.7691543682e+03 4.9633131263e-01
1.7695333263e+03 4.9643392567e-01
1.7699265624e+03 4.9653623182e-01
1.7702793956e+03 4.9657578457e-01
1.7706603885e+03 4.9666298444e-01
1.7711266711e+03 4.9675867932e-01
1.7716265598e+03 4.9690414329e-01
1.7720896570e+03 4.9699930101e-01
1.7725846967e+03 4.9712847118e-01
1.7730553463e+03 4.9721965324e-01
1.7735623742e+03 4.9736956032e-01
1.7740369887e+03 4.9749261605e-01
1.7745436195e+03 4.9766253239e-01
1.7750290792e+03 4.9778748084e-01
1.7755617066e+03 4.9796673462e-01
1.7760771609e+03 4.9814077367e-01
1.7766368660e+03 4.9840921262e-01
1.7771639756e+03 4.9866239259e-01
1.7777111330e+03 4.9895424613e-01
1.7781974811e+03 4.9917501003e-01
1.7786846502e+03 4.9941821335e-01
1.7791252174e+03 4.9961764140e-01
1.7796055867e+03 4.9987155141e-01
1.7800743245e+03 5.0008432676e-01
1.7805789888e+03 5.0032382086e-01
1.7810536628e+03 5.0050207591e-01
1.7815741202e+03 5.0070795183e-01
1.7821013621e+03 5.0085133580e-01
1.7826943487e+03 5.0100897220e-01
1.7832665932e+03 5.0109788437e-01
1.7838443998e+03 5.0122356962e-01
1.7843581794e+03 5.0131918325e-01
1.7848748287e+03 5.0147578690e-01
1.7853612572e+03 5.0161255920e-01
1.7858653148e+03 5.0182108212e-01
1.7863278489e+03 5.0202000493e-01
1.7867997314e+03 5.0227442058e-01
1.7872562799e+03 5.0248080002e-01
1.7877615200e+03 5.0270866269e-01
1.7882670984e+03 5.0287525199e-01
1.7888041949e+03 5.0305478484e-01
1.7893240078e+03 5.0316843256e-01
1.7898661323e+03 5.0331040543e-01
1.7903839914e+03 5.0343153546e-01
1.7909129841e+03 5.0361223366e-01
1.7914141227e+03 5.0376167101e-01
1.7919307667e+03 5.0393659493e-01
1.7924167214e+03 5.0407142829e-01
1.7930033159e+03 5.0427377675e-01
1.7936383927e+03 5.0447258100e-01
1.7942924369e+03 5.0470458800e-01
1.7949139683e+03 5.0490492349e-01
1.7955532769e+03 5.0514841951e-01
1.7961574380e+03 5.0537866852e-01
1.7967795111e+03 5.0567030253e-01
1.7973733074e+03 5.0595287282e-01
1.7979860290e+03 5.0627232429e-01
1.7985564211e+03 5.0655422957e-01
1.7991264277e+03 5.0686490195e-01
1.7996675282e+03 5.0715123981e-01
1.8002532097e+03 5.0747297407e-01
1.8008265600e+03 5.0775328187e-01
1.8014232689e+03 5.0804035027e-01
1.8020001111e+03 5.0826541311e-01
1.8026241789e+03 5.0849573522e-01
1.8032486909e+03 5.0868002952e-01
1.8039031258e+03 5.0887958342e-01
1.8045222352e+03 5.0903082308e-01
1.8051485676e+03 5.0918924472e-01
1.8057385258e+03 5.0931521815e-01
1.8063527592e+03 5.0948927495e-01
1.8069344913e+03 5.0966589475e-01
1.8075309341e+03 5.0989070558e-01
1.8080873138e+03 5.1009015675e-01
1.8086711450e+03 5.1031410564e-01
1.8092321489e+03 5.1050693687e-01
1.8098194146e+03 5.1072299864e-01
1.8103736184e+03 5.1090200389e-01
1.8109530514e+03 5.1109514764e-01
1.8114974262e+03 5.1125678180e-01
1.8120568493e+03 5.1144795273e-01
1.8125703321e+03 5.1162279041e-01
1.8132160625e+03 5.1186629879e-01
1.8139207308e+03 5.1211234314e-01
1.8146518745e+03 5.1237641216e-01
1.8153522710e+03 5.1261415187e-01
1.8160568508e+03 5.1288087285e-01
1.8167093272e+03 5.1312471262e-01
1.8173711154e+03 5.1339161133e-01
1.8180013461e+03 5.1363455474e-01
