# Incompressible form of Friction coefficient and Re_theta_i
# Columns: Re_theta_i   Cf_i
8.1234484880e+02 4.4389571803e-03
8.1235687523e+02 4.4385511921e-03
8.1243214050e+02 4.4394097279e-03
8.1244516742e+02 4.4382133033e-03
8.1258164733e+02 4.4378138931e-03
8.1260688757e+02 4.4397251393e-03
8.1275057363e+02 4.4371402146e-03
8.1285952668e+02 4.4397507977e-03
8.1296879724e+02 4.4363642927e-03
8.1317908048e+02 4.4396030292e-03
8.1323657757e+02 4.4358149795e-03
8.1352132036e+02 4.4356708381e-03
8.1358126370e+02 4.4397636976e-03
8.1382942369e+02 4.4357976185e-03
8.1408101326e+02 4.4403244646e-03
8.1419062916e+02 4.4359229897e-03
8.1460455757e+02 4.4359013452e-03
8.1467729121e+02 4.4407511487e-03
8.1504632809e+02 4.4356968341e-03
8.1547093609e+02 4.4414243174e-03
8.1550081627e+02 4.4355132962e-03
8.1597994575e+02 4.4354140637e-03
8.1650629166e+02 4.4352598672e-03
8.1663419849e+02 4.4418068859e-03
8.1718637895e+02 4.4346224253e-03
8.1787414853e+02 4.4423523702e-03
8.1788922101e+02 4.4337769910e-03
8.1860277647e+02 4.4327257033e-03
8.1920823252e+02 4.4429518105e-03
8.1931009678e+02 4.4319953833e-03
8.2000427334e+02 4.4314149497e-03
8.2065586039e+02 4.4435323587e-03
8.2069638130e+02 4.4308021470e-03
8.2137878894e+02 4.4300587648e-03
8.2202653784e+02 4.4285496077e-03
8.2221432256e+02 4.4444215470e-03
8.2262966062e+02 4.4268192450e-03
8.2318084327e+02 4.4248481881e-03
8.2370076489e+02 4.4231562514e-03
8.2387184791e+02 4.4449931261e-03
8.2422177738e+02 4.4217323604e-03
8.2475705266e+02 4.4202800585e-03
8.2528340459e+02 4.4191094561e-03
8.2561657929e+02 4.4456629300e-03
8.2579725751e+02 4.4179782258e-03
8.2631964990e+02 4.4173355432e-03
8.2686633024e+02 4.4169733146e-03
8.2742091103e+02 4.4170283890e-03
8.2743938181e+02 4.4458324824e-03
8.2795580855e+02 4.4174697825e-03
8.2846262031e+02 4.4181922094e-03
8.2894043027e+02 4.4190182621e-03
8.2931149239e+02 4.4455805985e-03
8.2939511563e+02 4.4196492698e-03
8.2983122419e+02 4.4201366445e-03
8.3032641855e+02 4.4204311431e-03
8.3087847792e+02 4.4206402714e-03
8.3140923875e+02 4.4208615448e-03
8.3192381258e+02 4.4206487776e-03
8.3244155723e+02 4.4199194533e-03
8.3297714894e+02 4.4186802948e-03
8.3353937465e+02 4.4173373370e-03
8.3411718787e+02 4.4158723208e-03
8.3468512762e+02 4.4141504427e-03
8.3521494774e+02 4.4124490970e-03
8.3571571139e+02 4.4111257093e-03
8.3619625439e+02 4.4099941803e-03
8.3665036862e+02 4.4088656404e-03
8.3708136785e+02 4.4076732665e-03
8.3750001039e+02 4.4065896643e-03
8.3791648320e+02 4.4060822036e-03
8.3833335275e+02 4.4062494570e-03
8.3874819431e+02 4.4069692537e-03
8.3916437662e+02 4.4075987360e-03
8.3957974734e+02 4.4080180557e-03
8.3997207585e+02 4.4080480320e-03
8.4031701495e+02 4.4078027642e-03
8.4061278083e+02 4.4075460610e-03
8.4086711673e+02 4.4070927338e-03
8.4110204582e+02 4.4065726293e-03
8.4135165472e+02 4.4057921378e-03
8.4163542655e+02 4.4051512707e-03
8.4195105171e+02 4.4043765159e-03
8.4227279643e+02 4.4034588457e-03
8.4257128234e+02 4.4023933501e-03
8.4282931356e+02 4.4013954561e-03
8.4305816149e+02 4.4007252021e-03
8.4327381124e+02 4.4003123004e-03
8.4347644032e+02 4.4005949760e-03
8.4367077453e+02 4.4013791993e-03
8.4387138344e+02 4.4024904961e-03
8.4407974409e+02 4.4035394999e-03
8.4429919558e+02 4.4043316133e-03
8.4453482161e+02 4.4050698439e-03
8.4478748637e+02 4.4054596661e-03
8.4504829971e+02 4.4055878612e-03
8.4531224709e+02 4.4048856620e-03
8.4559034096e+02 4.4037643711e-03
8.4587587881e+02 4.4026270860e-03
8.4613321400e+02 4.4018655828e-03
8.4634707364e+02 4.4014852295e-03
8.4652584663e+02 4.4010810082e-03
8.4669348540e+02 4.4005200906e-03
8.4686224611e+02 4.3994562694e-03
8.4703429670e+02 4.3981116789e-03
8.4721109636e+02 4.3964309055e-03
8.4738980941e+02 4.3945103934e-03
8.4758016110e+02 4.3928191294e-03
8.4779280396e+02 4.3915722966e-03
8.4801152925e+02 4.3911501461e-03
8.4823886370e+02 4.3913812165e-03
8.4848891252e+02 4.3920330008e-03
8.4876259108e+02 4.3928831011e-03
8.4902378955e+02 4.3934655802e-03
8.4925406920e+02 4.3937920796e-03
8.4945997110e+02 4.3937315965e-03
8.4963069892e+02 4.3933417094e-03
8.4976397589e+02 4.3929273143e-03
8.4988504495e+02 4.3925212878e-03
8.5003030374e+02 4.3925436909e-03
8.5022597326e+02 4.3927916606e-03
8.5045694203e+02 4.3931076459e-03
8.5069255988e+02 4.3932247908e-03
8.5091740810e+02 4.3929176613e-03
8.5113208401e+02 4.3918683795e-03
8.5133239705e+02 4.3901599186e-03
8.5150878505e+02 4.3879391717e-03
8.5166709728e+02 4.3855688563e-03
8.5181996054e+02 4.3837696494e-03
8.5197084600e+02 4.3827920126e-03
8.5213448419e+02 4.3822784231e-03
8.5231765113e+02 4.3816576715e-03
8.5253195635e+02 4.3809615246e-03
8.5278157169e+02 4.3804542062e-03
8.5306274591e+02 4.3801299811e-03
8.5335545421e+02 4.3800160442e-03
8.5364753117e+02 4.3799137608e-03
8.5393398718e+02 4.3795692538e-03
8.5418139509e+02 4.3789031030e-03
8.5436551808e+02 4.3776575253e-03
8.5449962473e+02 4.3759297102e-03
8.5487772013e+02 4.3740002694e-03
8.5538499402e+02 4.3722325288e-03
8.5587098095e+02 4.3707874064e-03
8.5633983527e+02 4.3693242541e-03
8.5676965461e+02 4.3679649008e-03
8.5715984505e+02 4.3667998815e-03
8.5753792507e+02 4.3659609339e-03
8.5789784381e+02 4.3653271787e-03
8.5823294294e+02 4.3647689908e-03
8.5855321284e+02 4.3639035169e-03
8.5887223369e+02 4.3625305622e-03
8.5919445286e+02 4.3608649078e-03
8.5948613145e+02 4.3591570237e-03
8.5972866440e+02 4.3579673644e-03
8.5994006720e+02 4.3574614773e-03
8.6014008500e+02 4.3578914233e-03
8.6059095556e+02 4.3587627803e-03
8.6111804972e+02 4.3594771966e-03
8.6159303043e+02 4.3598789420e-03
8.6200595666e+02 4.3596422747e-03
8.6238145666e+02 4.3594214161e-03
8.6273372721e+02 4.3593369334e-03
8.6307058492e+02 4.3595682449e-03
8.6340485875e+02 4.3597080338e-03
8.6375122423e+02 4.3593952527e-03
8.6412556604e+02 4.3587667154e-03
8.6453351390e+02 4.3578182994e-03
8.6495851312e+02 4.3566833494e-03
8.6538482684e+02 4.3553365486e-03
8.6581675441e+02 4.3539347392e-03
8.6627390989e+02 4.3530722974e-03
8.6674113518e+02 4.3523502046e-03
8.6717584915e+02 4.3516234756e-03
8.6755710447e+02 4.3507658369e-03
8.6790204350e+02 4.3497849055e-03
8.6823005235e+02 4.3488733372e-03
8.6854090432e+02 4.3480103156e-03
8.6882355178e+02 4.3476768918e-03
8.6908728772e+02 4.3479276220e-03
8.6935293461e+02 4.3485041103e-03
8.6963076340e+02 4.3492471335e-03
8.6991601334e+02 4.3495123998e-03
8.7020839686e+02 4.3492949481e-03
8.7053176241e+02 4.3483909149e-03
8.7089878957e+02 4.3471450024e-03
8.7129735074e+02 4.3459853447e-03
8.7170485191e+02 4.3449401460e-03
8.7210558637e+02 4.3442648738e-03
8.7249981954e+02 4.3439445705e-03
8.7290075192e+02 4.3442398968e-03
8.7331393596e+02 4.3448319594e-03
8.7372124474e+02 4.3451829964e-03
8.7410900240e+02 4.3451425047e-03
8.7450397585e+02 4.3447455838e-03
8.7491256357e+02 4.3444696623e-03
8.7531110935e+02 4.3442956347e-03
8.7568892187e+02 4.3440638630e-03
8.7606106825e+02 4.3434761897e-03
8.7645070507e+02 4.3427759938e-03
8.7686401158e+02 4.3420426742e-03
8.7731321386e+02 4.3410704021e-03
8.7779276458e+02 4.3398990615e-03
8.7826635558e+02 4.3383050663e-03
8.7870136802e+02 4.3365846680e-03
8.7908397039e+02 4.3348434090e-03
8.7944037135e+02 4.3333869407e-03
8.7980354475e+02 4.3325382049e-03
8.8017966722e+02 4.3320552547e-03
8.8054871088e+02 4.3320368529e-03
8.8091213790e+02 4.3320107883e-03
8.8152274595e+02 4.3318423395e-03
8.8212498263e+02 4.3314810768e-03
8.8269427511e+02 4.3308944837e-03
8.8323366808e+02 4.3302006980e-03
8.8375695424e+02 4.3294964734e-03
8.8428307530e+02 4.3289792889e-03
8.8480531586e+02 4.3287968235e-03
8.8531738847e+02 4.3290512826e-03
8.8585256466e+02 4.3295811665e-03
8.8643122407e+02 4.3302294931e-03
8.8703667146e+02 4.3310161893e-03
8.8765795331e+02 4.3314668059e-03
8.8830194097e+02 4.3314497330e-03
8.8895975200e+02 4.3312882550e-03
8.8960449056e+02 4.3312167489e-03
8.9024114168e+02 4.3311386068e-03
8.9086801948e+02 4.3305943711e-03
8.9146814469e+02 4.3295616874e-03
8.9203851398e+02 4.3283553001e-03
8.9259327750e+02 4.3271976028e-03
8.9313972269e+02 4.3260599130e-03
8.9367978192e+02 4.3249532653e-03
8.9420873992e+02 4.3240690963e-03
8.9472521744e+02 4.3234692780e-03
8.9523436257e+02 4.3231085924e-03
8.9573430552e+02 4.3228501274e-03
8.9624316379e+02 4.3226861675e-03
8.9677790378e+02 4.3223774265e-03
8.9733899044e+02 4.3218770142e-03
8.9791815416e+02 4.3209379333e-03
8.9849856609e+02 4.3197489110e-03
8.9907834441e+02 4.3184324108e-03
8.9962219822e+02 4.3170379654e-03
9.0011435063e+02 4.3157811391e-03
9.0056686540e+02 4.3145142951e-03
9.0129087565e+02 4.3134538002e-03
9.0210494696e+02 4.3129576300e-03
9.0291374060e+02 4.3131098511e-03
9.0370191546e+02 4.3138594187e-03
9.0446465226e+02 4.3145487487e-03
9.0520429403e+02 4.3151209712e-03
9.0593240348e+02 4.3155040977e-03
9.0664372167e+02 4.3156568122e-03
9.0732628878e+02 4.3158105309e-03
9.0798631593e+02 4.3156945377e-03
9.0863768555e+02 4.3155613936e-03
9.0927694489e+02 4.3152388763e-03
9.0987175034e+02 4.3147423575e-03
9.1042240303e+02 4.3143970613e-03
9.1096497501e+02 4.3139647772e-03
9.1131157378e+02 4.2947872430e-03
9.1135080428e+02 4.2955440354e-03
9.1142288086e+02 4.2938261222e-03
9.1151349459e+02 4.3137589057e-03
9.1154611824e+02 4.2959918292e-03
9.1164888188e+02 4.2932519837e-03
9.1190479281e+02 4.2960750573e-03
9.1196037810e+02 4.2932467877e-03
9.1207421658e+02 4.3132092835e-03
9.1235143333e+02 4.2939343969e-03
9.1241099000e+02 4.2955988143e-03
9.1264975303e+02 4.3121432319e-03
9.1280950172e+02 4.2946374826e-03
9.1302955672e+02 4.2948311704e-03
9.1324112234e+02 4.3105538874e-03
9.1332172080e+02 4.2954053323e-03
9.1371719897e+02 4.2939109217e-03
9.1383199541e+02 4.3086253447e-03
9.1387574713e+02 4.2964616491e-03
9.1439303953e+02 4.3067095248e-03
9.1444692785e+02 4.2932167005e-03
9.1447817264e+02 4.2977748544e-03
9.1491981719e+02 4.3049206218e-03
9.1513534186e+02 4.2993717202e-03
9.1521307075e+02 4.2925793266e-03
9.1543618977e+02 4.3034514729e-03
9.1581002195e+02 4.3008107879e-03
9.1595177457e+02 4.3023247696e-03
9.1601569481e+02 4.2920588972e-03
9.1645603367e+02 4.3013312500e-03
9.1646848255e+02 4.3022532617e-03
9.1684705050e+02 4.2917193963e-03
9.1703288691e+02 4.3007366613e-03
9.1707720430e+02 4.3032051209e-03
9.1762049674e+02 4.3035362449e-03
9.1762098230e+02 4.3005396177e-03
9.1768913598e+02 4.2917234387e-03
9.1810849346e+02 4.3033465135e-03
9.1817943732e+02 4.3004939106e-03
9.1852970388e+02 4.2920245024e-03
9.1855701967e+02 4.3027807896e-03
9.1869603537e+02 4.3003075964e-03
9.1897548334e+02 4.3021466853e-03
9.1916664349e+02 4.2998690042e-03
9.1935382843e+02 4.3012617766e-03
9.1937876915e+02 4.2922058596e-03
9.1957019394e+02 4.2995667225e-03
9.1967374164e+02 4.3007391015e-03
9.1989061540e+02 4.2992887577e-03
9.1993425463e+02 4.3004923189e-03
9.2011996457e+02 4.2992822492e-03
9.2013810504e+02 4.3004637263e-03
9.2023971139e+02 4.2923092709e-03
9.2027606753e+02 4.2995991085e-03
9.2029403992e+02 4.3004726370e-03
9.2037184278e+02 4.2999413171e-03
9.2038819888e+02 4.3003135298e-03
9.2041031806e+02 4.3003010186e-03
9.2109871596e+02 4.2924867500e-03
9.2194412815e+02 4.2925572074e-03
9.2276908186e+02 4.2923143909e-03
9.2358118122e+02 4.2915130410e-03
9.2438467499e+02 4.2905568611e-03
9.2517340909e+02 4.2896511820e-03
9.2593538579e+02 4.2891172747e-03
9.2665936307e+02 4.2890648139e-03
9.2733433895e+02 4.2889800796e-03
9.2794286407e+02 4.2889810451e-03
9.2848214038e+02 4.2887387183e-03
9.2897623748e+02 4.2881868364e-03
9.2976800486e+02 4.2876899744e-03
9.3045585627e+02 4.2869592287e-03
9.3108044330e+02 4.2863088597e-03
9.3167547216e+02 4.2853696560e-03
9.3226866120e+02 4.2845215624e-03
9.3286157714e+02 4.2837122691e-03
9.3345224042e+02 4.2827211140e-03
9.3404561358e+02 4.2819306482e-03
9.3464490164e+02 4.2811624910e-03
9.3524805060e+02 4.2807884364e-03
9.3583482644e+02 4.2807145430e-03
9.3638473704e+02 4.2808386597e-03
9.3689385907e+02 4.2811016973e-03
9.3736061577e+02 4.2811885507e-03
9.3777591994e+02 4.2809950817e-03
9.3813926461e+02 4.2803395275e-03
9.3846913193e+02 4.2796752717e-03
9.3878366180e+02 4.2792952859e-03
9.3909626785e+02 4.2790901200e-03
9.3941963803e+02 4.2789473324e-03
9.3976297468e+02 4.2788187554e-03
9.4011906739e+02 4.2787591794e-03
9.4047084565e+02 4.2788468973e-03
9.4080026880e+02 4.2790021503e-03
9.4112028007e+02 4.2794111512e-03
9.4146522693e+02 4.2798018638e-03
9.4184042360e+02 4.2802129464e-03
9.4222508573e+02 4.2805425653e-03
9.4260487291e+02 4.2806941141e-03
9.4297000562e+02 4.2805718131e-03
9.4330609605e+02 4.2799778536e-03
9.4361636148e+02 4.2789489044e-03
9.4391989732e+02 4.2776165597e-03
9.4422378226e+02 4.2763789815e-03
9.4449763113e+02 4.2754417951e-03
9.4473460913e+02 4.2745651508e-03
9.4495072163e+02 4.2735974606e-03
9.4516568074e+02 4.2723174472e-03
9.4539383913e+02 4.2712298480e-03
9.4562914933e+02 4.2706900139e-03
9.4586483967e+02 4.2707832916e-03
9.4609511420e+02 4.2713545721e-03
9.4632913101e+02 4.2715984883e-03
9.4658931832e+02 4.2716017271e-03
9.4686918215e+02 4.2713992507e-03
9.4715408262e+02 4.2711515060e-03
9.4742576409e+02 4.2709536212e-03
9.4769183436e+02 4.2706633212e-03
9.4802894020e+02 4.2705899619e-03
9.4835067238e+02 4.2705078875e-03
9.4864551635e+02 4.2706509968e-03
9.4891259635e+02 4.2703542189e-03
9.4918865481e+02 4.2697382519e-03
9.4947615544e+02 4.2687431010e-03
9.4973051412e+02 4.2675377985e-03
9.4994746800e+02 4.2666133074e-03
9.5015431576e+02 4.2661043928e-03
9.5041686754e+02 4.2662923306e-03
9.5066769617e+02 4.2663487037e-03
9.5095855156e+02 4.2660707951e-03
9.5129777141e+02 4.2655445838e-03
9.5171558924e+02 4.2650268936e-03
9.5216497940e+02 4.2645785919e-03
9.5263450694e+02 4.2638686681e-03
9.5313927482e+02 4.2630827479e-03
9.5367570648e+02 4.2624748623e-03
9.5420655561e+02 4.2622636073e-03
9.5471373450e+02 4.2621233510e-03
9.5519204387e+02 4.2619893259e-03
9.5562529594e+02 4.2616216155e-03
9.5601423557e+02 4.2610662848e-03
9.5637071328e+02 4.2601368262e-03
9.5671223793e+02 4.2589743978e-03
9.5703542926e+02 4.2575436834e-03
9.5732832582e+02 4.2559673142e-03
9.5762593824e+02 4.2545316056e-03
9.5797096653e+02 4.2534438928e-03
9.5835580728e+02 4.2529208402e-03
9.5873006679e+02 4.2529263504e-03
9.5907795356e+02 4.2532993184e-03
9.5944642190e+02 4.2536874795e-03
9.5984004921e+02 4.2540522507e-03
9.6023370394e+02 4.2542728430e-03
9.6061929150e+02 4.2543123245e-03
9.6098878765e+02 4.2542632687e-03
9.6134137623e+02 4.2540969595e-03
9.6168834991e+02 4.2538498483e-03
9.6205839343e+02 4.2535427470e-03
9.6245297969e+02 4.2533657188e-03
9.6287792757e+02 4.2532025678e-03
9.6333639721e+02 4.2530065901e-03
9.6379984688e+02 4.2527005293e-03
9.6423001605e+02 4.2521258217e-03
9.6460713187e+02 4.2515490285e-03
9.6494757505e+02 4.2510697872e-03
9.6528062530e+02 4.2507358880e-03
9.6561601860e+02 4.2504017347e-03
9.6596537469e+02 4.2498568552e-03
9.6631985869e+02 4.2492425138e-03
9.6667324822e+02 4.2484466174e-03
9.6701269601e+02 4.2477478791e-03
9.6731445414e+02 4.2470856652e-03
9.6757309176e+02 4.2465273894e-03
9.6780001341e+02 4.2458519664e-03
9.6828499011e+02 4.2449771343e-03
9.6887292568e+02 4.2440718406e-03
9.6944984962e+02 4.2432613931e-03
9.7001400096e+02 4.2426924266e-03
9.7057101634e+02 4.2420684228e-03
9.7114130551e+02 4.2412257850e-03
9.7173126249e+02 4.2403425613e-03
9.7231387558e+02 4.2394522960e-03
9.7284738937e+02 4.2388591201e-03
9.7333019289e+02 4.2386040619e-03
9.7381188516e+02 4.2387396850e-03
9.7429434127e+02 4.2392817352e-03
9.7472306358e+02 4.2398342592e-03
9.7507395840e+02 4.2402577893e-03
9.7537698407e+02 4.2402118701e-03
9.7568209198e+02 4.2398158226e-03
9.7598806172e+02 4.2393865979e-03
9.7629250864e+02 4.2391250484e-03
9.7658984145e+02 4.2390504048e-03
9.7687523096e+02 4.2386647627e-03
9.7718086196e+02 4.2379688020e-03
9.7754251835e+02 4.2371223412e-03
9.7797919234e+02 4.2364689267e-03
9.7847660919e+02 4.2360601360e-03
9.7899757271e+02 4.2359884509e-03
9.7951431675e+02 4.2360064282e-03
9.7998910620e+02 4.2361854277e-03
9.8040147719e+02 4.2363182699e-03
9.8074347496e+02 4.2361000169e-03
9.8104750085e+02 4.2356800562e-03
9.8135503121e+02 4.2349629812e-03
9.8168527436e+02 4.2342074781e-03
9.8202930519e+02 4.2333931253e-03
9.8236733135e+02 4.2328279428e-03
9.8267184224e+02 4.2323945229e-03
9.8294456964e+02 4.2319440095e-03
9.8320675364e+02 4.2315554630e-03
9.8348677667e+02 4.2308286336e-03
9.8377327070e+02 4.2298375520e-03
9.8403898230e+02 4.2282504184e-03
9.8430328301e+02 4.2269294364e-03
9.8459466710e+02 4.2261294196e-03
9.8491082933e+02 4.2258917535e-03
9.8523362921e+02 4.2259797088e-03
9.8555602312e+02 4.2259542004e-03
9.8609406481e+02 4.2261645752e-03
9.8663343700e+02 4.2261201991e-03
9.8713330059e+02 4.2260406377e-03
9.8758228788e+02 4.2257863459e-03
9.8797779302e+02 4.2255437205e-03
9.8833325139e+02 4.2256191532e-03
9.8866362082e+02 4.2257321563e-03
9.8898872225e+02 4.2262176451e-03
9.8931556620e+02 4.2266723503e-03
9.8965448784e+02 4.2270928314e-03
9.9000931713e+02 4.2270447067e-03
9.9037249698e+02 4.2263832952e-03
9.9074366013e+02 4.2253512060e-03
9.9112223519e+02 4.2242651474e-03
9.9150556141e+02 4.2232866323e-03
9.9188789146e+02 4.2222262553e-03
9.9228138433e+02 4.2210864958e-03
9.9270105185e+02 4.2200605262e-03
9.9314179637e+02 4.2192552728e-03
9.9359152582e+02 4.2186192556e-03
9.9403563145e+02 4.2179195574e-03
9.9446796139e+02 4.2172891313e-03
9.9489536026e+02 4.2166963544e-03
9.9533939664e+02 4.2163256492e-03
9.9581093787e+02 4.2163085701e-03
9.9627865176e+02 4.2166219237e-03
9.9672835855e+02 4.2170570177e-03
9.9717371395e+02 4.2172658532e-03
9.9762842530e+02 4.2171341856e-03
9.9807473007e+02 4.2166397363e-03
9.9847809989e+02 4.2158444863e-03
9.9883261861e+02 4.2145904506e-03
9.9916286435e+02 4.2133353548e-03
9.9949253224e+02 4.2124605441e-03
9.9979148837e+02 4.2119935876e-03
1.0000205998e+03 4.2119012165e-03
1.0002150503e+03 4.2119771483e-03
1.0004313440e+03 4.2121042329e-03
1.0006821968e+03 4.2119718553e-03
1.0009447307e+03 4.2118819249e-03
1.0012279531e+03 4.2119571299e-03
1.0015604500e+03 4.2120496584e-03
1.0019406678e+03 4.2119713624e-03
1.0023453501e+03 4.2116644703e-03
1.0027521428e+03 4.2112854010e-03
1.0031476737e+03 4.2108061059e-03
1.0037176086e+03 4.2102832665e-03
1.0042646733e+03 4.2096473562e-03
1.0047867734e+03 4.2087825011e-03
1.0052844680e+03 4.2078913049e-03
1.0057477210e+03 4.2068546968e-03
1.0061555596e+03 4.2059384623e-03
1.0064973218e+03 4.2052380572e-03
1.0067877475e+03 4.2047503836e-03
1.0070564149e+03 4.2042458783e-03
1.0073276791e+03 4.2034948165e-03
1.0076033202e+03 4.2025881010e-03
1.0078904718e+03 4.2017593245e-03
1.0082049663e+03 4.2010461910e-03
1.0085599962e+03 4.2005711227e-03
1.0089515979e+03 4.2002581025e-03
1.0093624755e+03 4.2002290937e-03
1.0097752284e+03 4.1999769798e-03
1.0101901006e+03 4.1993254152e-03
1.0106020000e+03 4.1984920702e-03
1.0110007596e+03 4.1975556869e-03
1.0113878666e+03 4.1968245012e-03
1.0117692688e+03 4.1961077599e-03
1.0121382599e+03 4.1955235447e-03
1.0124756310e+03 4.1949979895e-03
1.0127802063e+03 4.1946382371e-03
1.0130693598e+03 4.1946479749e-03
1.0133396841e+03 4.1946829660e-03
1.0135727613e+03 4.1950804474e-03
1.0137717073e+03 4.1956309447e-03
1.0139769805e+03 4.1964301934e-03
1.0142169144e+03 4.1971065611e-03
1.0144620349e+03 4.1977141259e-03
1.0146741425e+03 4.1979223440e-03
1.0148703193e+03 4.1973252712e-03
1.0150932814e+03 4.1961449459e-03
1.0153467743e+03 4.1945271473e-03
1.0156049190e+03 4.1930280838e-03
1.0158385321e+03 4.1916754955e-03
1.0160395433e+03 4.1907130417e-03
1.0162200119e+03 4.1899766272e-03
1.0164208643e+03 4.1890203311e-03
1.0166516562e+03 4.1879008643e-03
1.0168810030e+03 4.1865532060e-03
1.0170653928e+03 4.1852604604e-03
1.0172003745e+03 4.1839716845e-03
1.0173121491e+03 4.1833360555e-03
1.0174209964e+03 4.1834146176e-03
1.0175426831e+03 4.1838381056e-03
1.0176782733e+03 4.1842386793e-03
1.0178168584e+03 4.1842703907e-03
1.0179573925e+03 4.1844410836e-03
1.0181009442e+03 4.1847022021e-03
1.0182574179e+03 4.1852249274e-03
1.0184262467e+03 4.1859060414e-03
1.0186088033e+03 4.1864001231e-03
1.0188018776e+03 4.1868664001e-03
1.0189978046e+03 4.1868859392e-03
1.0191868449e+03 4.1868237435e-03
1.0193719016e+03 4.1865300528e-03
1.0195591753e+03 4.1862598630e-03
1.0197427699e+03 4.1861630213e-03
1.0199033598e+03 4.1859715315e-03
1.0200589715e+03 4.1856829601e-03
1.0202361418e+03 4.1850765474e-03
1.0204441912e+03 4.1843884583e-03
1.0206796361e+03 4.1836678552e-03
1.0209425325e+03 4.1830249041e-03
1.0212070662e+03 4.1821709176e-03
1.0214512792e+03 4.1810979607e-03
1.0216799780e+03 4.1799481115e-03
1.0219884283e+03 4.1789556762e-03
1.0225286225e+03 4.1782363033e-03
1.0230518738e+03 4.1777012136e-03
1.0235862206e+03 4.1776179572e-03
1.0241584433e+03 4.1773160977e-03
1.0247721010e+03 4.1770821217e-03
1.0254175085e+03 4.1767159295e-03
1.0260959652e+03 4.1762836456e-03
1.0268169675e+03 4.1756634785e-03
1.0275588285e+03 4.1747013041e-03
1.0282944396e+03 4.1739173537e-03
1.0290249836e+03 4.1731471190e-03
1.0297523080e+03 4.1724560577e-03
1.0304681580e+03 4.1716690764e-03
1.0311607594e+03 4.1710401096e-03
1.0318388264e+03 4.1707273885e-03
1.0324942312e+03 4.1704623708e-03
1.0331172889e+03 4.1700774656e-03
1.0337221416e+03 4.1695847494e-03
1.0343028397e+03 4.1694603385e-03
1.0348533506e+03 4.1695732648e-03
1.0353659628e+03 4.1698026936e-03
1.0358536094e+03 4.1698471103e-03
1.0363256496e+03 4.1698340997e-03
1.0368079493e+03 4.1695895592e-03
1.0373172312e+03 4.1691782230e-03
1.0378240440e+03 4.1688866003e-03
1.0382896954e+03 4.1687634116e-03
1.0387169746e+03 4.1689513528e-03
1.0391363024e+03 4.1691477170e-03
1.0395372011e+03 4.1693683884e-03
1.0398846891e+03 4.1694945455e-03
1.0401712771e+03 4.1693039084e-03
1.0404178966e+03 4.1690670243e-03
1.0406512154e+03 4.1687013743e-03
1.0408762996e+03 4.1682647511e-03
1.0410860186e+03 4.1677583526e-03
1.0412716778e+03 4.1670961381e-03
1.0414477371e+03 4.1664662826e-03
1.0416265785e+03 4.1656012393e-03
1.0418527030e+03 4.1647440227e-03
1.0422114197e+03 4.1638995849e-03
1.0425645851e+03 4.1627674635e-03
1.0429185281e+03 4.1616731922e-03
1.0432791797e+03 4.1604600194e-03
1.0436419369e+03 4.1596409038e-03
1.0440009799e+03 4.1590504593e-03
1.0443655006e+03 4.1587482259e-03
1.0447499949e+03 4.1587670398e-03
1.0451591212e+03 4.1590793399e-03
1.0455803550e+03 4.1595956406e-03
1.0459972263e+03 4.1600215862e-03
1.0463955546e+03 4.1604241581e-03
1.0467712502e+03 4.1609542391e-03
1.0471362694e+03 4.1614252671e-03
1.0474927615e+03 4.1616733009e-03
1.0478392031e+03 4.1617673034e-03
1.0481788083e+03 4.1618632627e-03
1.0484999707e+03 4.1617868797e-03
1.0487976809e+03 4.1613694464e-03
1.0490748523e+03 4.1605678304e-03
1.0493416223e+03 4.1592792847e-03
1.0496085346e+03 4.1576963998e-03
1.0498885719e+03 4.1561624127e-03
1.0502028758e+03 4.1547045467e-03
1.0505420798e+03 4.1535118158e-03
1.0508838880e+03 4.1524556501e-03
1.0512329053e+03 4.1519024587e-03
1.0516045365e+03 4.1517603321e-03
1.0519988324e+03 4.1517807862e-03
1.0523950732e+03 4.1517386931e-03
1.0527871278e+03 4.1512018279e-03
1.0531828958e+03 4.1505159596e-03
1.0535699683e+03 4.1496276604e-03
1.0539654375e+03 4.1488302414e-03
1.0543821882e+03 4.1482012549e-03
1.0548134603e+03 4.1478829410e-03
1.0552423097e+03 4.1480290921e-03
1.0556659731e+03 4.1483856068e-03
1.0560861880e+03 4.1487723614e-03
1.0564869128e+03 4.1487880200e-03
1.0568569848e+03 4.1486776732e-03
1.0572086191e+03 4.1483874906e-03
1.0575359790e+03 4.1481470700e-03
1.0578355986e+03 4.1481698411e-03
1.0581098951e+03 4.1484748708e-03
1.0583898518e+03 4.1488525111e-03
1.0586969993e+03 4.1490914274e-03
1.0590242423e+03 4.1493427528e-03
1.0593621186e+03 4.1498527928e-03
1.0597087505e+03 4.1506356555e-03
1.0600745202e+03 4.1513740529e-03
1.0604606541e+03 4.1515919129e-03
1.0608423593e+03 4.1512809496e-03
1.0612116913e+03 4.1505775724e-03
1.0615702057e+03 4.1496274934e-03
1.0619356682e+03 4.1488204036e-03
1.0623033496e+03 4.1482346867e-03
1.0626705014e+03 4.1477542628e-03
1.0630272757e+03 4.1473504667e-03
1.0633743783e+03 4.1468356223e-03
1.0637066801e+03 4.1462356426e-03
1.0640224955e+03 4.1453656021e-03
1.0644956049e+03 4.1445101179e-03
1.0649834379e+03 4.1438720063e-03
1.0654748672e+03 4.1437464565e-03
1.0659794774e+03 4.1438924631e-03
1.0665053447e+03 4.1439449343e-03
1.0670409185e+03 4.1438503873e-03
1.0675527827e+03 4.1436437569e-03
1.0680409316e+03 4.1435728870e-03
1.0685326110e+03 4.1436893960e-03
1.0690321642e+03 4.1437837203e-03
1.0695078814e+03 4.1438177845e-03
1.0699371212e+03 4.1436718443e-03
1.0703334840e+03 4.1435905802e-03
1.0707174006e+03 4.1434177245e-03
1.0710866634e+03 4.1431744816e-03
1.0714288448e+03 4.1428772529e-03
1.0717497654e+03 4.1426237649e-03
1.0720916203e+03 4.1425825686e-03
1.0724705519e+03 4.1425254371e-03
1.0728754576e+03 4.1422490370e-03
1.0733052366e+03 4.1416291559e-03
1.0737631966e+03 4.1406110064e-03
1.0742204590e+03 4.1394587552e-03
1.0746390606e+03 4.1382174638e-03
1.0750252782e+03 4.1371187488e-03
1.0754041650e+03 4.1363864899e-03
1.0757661096e+03 4.1360551338e-03
1.0761078608e+03 4.1361634636e-03
1.0764312525e+03 4.1362945104e-03
1.0767518095e+03 4.1359343504e-03
1.0770760755e+03 4.1350449955e-03
1.0774092583e+03 4.1338389334e-03
1.0777409175e+03 4.1327066476e-03
1.0780643382e+03 4.1317187159e-03
1.0783846281e+03 4.1311562334e-03
1.0787088929e+03 4.1309153626e-03
1.0790256735e+03 4.1309246911e-03
1.0793216715e+03 4.1307479936e-03
1.0795921895e+03 4.1302761709e-03
1.0798696670e+03 4.1299099701e-03
1.0801878719e+03 4.1296037582e-03
1.0805369920e+03 4.1294520773e-03
1.0808572268e+03 4.1291886853e-03
1.0811332725e+03 4.1288440047e-03
1.0814071033e+03 4.1285106780e-03
1.0817116416e+03 4.1281628969e-03
1.0820189986e+03 4.1278748923e-03
1.0823046227e+03 4.1274788344e-03
1.0825668394e+03 4.1270860298e-03
1.0828227980e+03 4.1265980020e-03
1.0832215666e+03 4.1263042604e-03
1.0836433094e+03 4.1262904876e-03
1.0840597590e+03 4.1266112659e-03
1.0844652230e+03 4.1272691495e-03
1.0848668135e+03 4.1278314525e-03
1.0852694691e+03 4.1281651349e-03
1.0856696861e+03 4.1282570864e-03
1.0860706278e+03 4.1283375648e-03
1.0864779267e+03 4.1282925931e-03
1.0868743441e+03 4.1277550428e-03
1.0872557475e+03 4.1265771141e-03
1.0876318599e+03 4.1249635293e-03
1.0880095519e+03 4.1234896769e-03
1.0883832587e+03 4.1223504995e-03
1.0887405855e+03 4.1217603021e-03
1.0891002216e+03 4.1216006952e-03
1.0894785000e+03 4.1216754197e-03
1.0898719372e+03 4.1215957110e-03
1.0902611815e+03 4.1213175667e-03
1.0906325635e+03 4.1209623090e-03
1.0909949882e+03 4.1204946530e-03
1.0913448943e+03 4.1201377779e-03
1.0916878572e+03 4.1198471590e-03
1.0920473989e+03 4.1195042336e-03
1.0924273694e+03 4.1190397484e-03
1.0928053014e+03 4.1184926492e-03
1.0931532484e+03 4.1180002510e-03
1.0934911722e+03 4.1176219903e-03
1.0938467340e+03 4.1178308345e-03
1.0942161130e+03 4.1184038192e-03
1.0945722379e+03 4.1190964749e-03
1.0948957144e+03 4.1194381980e-03
1.0951833274e+03 4.1195049817e-03
1.0954570433e+03 4.1194155439e-03
1.0957407927e+03 4.1192203157e-03
1.0960463454e+03 4.1191151007e-03
1.0963552253e+03 4.1188252809e-03
1.0966503012e+03 4.1182549406e-03
1.0969389740e+03 4.1173166460e-03
1.0972355230e+03 4.1162329885e-03
1.0975410621e+03 4.1153234625e-03
1.0978599749e+03 4.1145382324e-03
1.0981737568e+03 4.1138314239e-03
1.0984629851e+03 4.1130972095e-03
1.0987066761e+03 4.1123791428e-03
1.0989343427e+03 4.1117924335e-03
1.0991875052e+03 4.1111866209e-03
1.0994729571e+03 4.1105829008e-03
1.0997663838e+03 4.1098258795e-03
1.1000542965e+03 4.1088764222e-03
1.1003401960e+03 4.1076519348e-03
1.1006525909e+03 4.1062784857e-03
1.1010056138e+03 4.1050263125e-03
1.1014047071e+03 4.1038983689e-03
1.1018213033e+03 4.1032312148e-03
1.1022256865e+03 4.1029745739e-03
1.1026057034e+03 4.1031814537e-03
1.1029602636e+03 4.1036576499e-03
1.1032786966e+03 4.1041270135e-03
1.1036332426e+03 4.1042916666e-03
1.1040422646e+03 4.1040959370e-03
1.1044155293e+03 4.1037103952e-03
1.1047502465e+03 4.1035759805e-03
1.1050492791e+03 4.1036947943e-03
1.1053204365e+03 4.1040619377e-03
1.1055731617e+03 4.1044508444e-03
1.1058260554e+03 4.1043290185e-03
1.1060957831e+03 4.1036548908e-03
1.1063980584e+03 4.1026303472e-03
1.1067340965e+03 4.1018378727e-03
1.1070897992e+03 4.1014447311e-03
1.1074602335e+03 4.1010307942e-03
1.1078380172e+03 4.1004938303e-03
1.1082182297e+03 4.0993150940e-03
1.1086011668e+03 4.0981543715e-03
1.1089853138e+03 4.0971126498e-03
1.1093698506e+03 4.0963134340e-03
1.1097488849e+03 4.0958270964e-03
1.1101274823e+03 4.0951121444e-03
1.1105094968e+03 4.0943259517e-03
1.1108906476e+03 4.0934141274e-03
1.1112558349e+03 4.0929120483e-03
1.1115747522e+03 4.0929166120e-03
1.1118714788e+03 4.0930598243e-03
1.1121904140e+03 4.0934809125e-03
1.1125384086e+03 4.0938057666e-03
1.1128770633e+03 4.0942194825e-03
1.1131917786e+03 4.0945617459e-03
1.1135096886e+03 4.0946094459e-03
1.1138452903e+03 4.0943695839e-03
1.1141811169e+03 4.0937471789e-03
1.1145128934e+03 4.0930278431e-03
1.1148394529e+03 4.0920838158e-03
1.1151746288e+03 4.0911274198e-03
1.1155149678e+03 4.0905307506e-03
1.1158496924e+03 4.0901729213e-03
1.1161683208e+03 4.0900817717e-03
1.1164696784e+03 4.0900414373e-03
1.1167733174e+03 4.0903127712e-03
1.1170927900e+03 4.0906135040e-03
1.1174263149e+03 4.0906706937e-03
1.1177658125e+03 4.0904219980e-03
1.1180936357e+03 4.0898248312e-03
1.1184292973e+03 4.0890851880e-03
1.1187703275e+03 4.0882570766e-03
1.1190950102e+03 4.0876253075e-03
1.1193730177e+03 4.0870559351e-03
1.1196270798e+03 4.0862767512e-03
1.1199007897e+03 4.0854252192e-03
1.1202005110e+03 4.0844500968e-03
1.1205251026e+03 4.0837603373e-03
1.1208775392e+03 4.0834028599e-03
1.1212404198e+03 4.0831714736e-03
1.1215889270e+03 4.0828697414e-03
1.1218984802e+03 4.0823444946e-03
1.1221947818e+03 4.0816548405e-03
1.1224971123e+03 4.0806884340e-03
1.1228194100e+03 4.0795875504e-03
1.1231620354e+03 4.0785809494e-03
1.1235258157e+03 4.0777362270e-03
1.1239018769e+03 4.0773309982e-03
1.1242809658e+03 4.0771496368e-03
1.1246513724e+03 4.0773527675e-03
1.1250158112e+03 4.0777793955e-03
1.1253648656e+03 4.0782190910e-03
1.1257739161e+03 4.0785866422e-03
1.1262141832e+03 4.0787562950e-03
1.1266676032e+03 4.0789578455e-03
1.1271370454e+03 4.0790969535e-03
1.1276134106e+03 4.0793270458e-03
1.1280908259e+03 4.0794109502e-03
1.1285679978e+03 4.0788330153e-03
1.1290547949e+03 4.0778455026e-03
1.1295641880e+03 4.0764923618e-03
1.1300884358e+03 4.0750727377e-03
1.1306194033e+03 4.0735561976e-03
1.1311498534e+03 4.0722431970e-03
1.1316817930e+03 4.0715357106e-03
1.1322104847e+03 4.0712626707e-03
1.1327205209e+03 4.0714108136e-03
1.1331995446e+03 4.0718241543e-03
1.1336531567e+03 4.0724918585e-03
1.1340852011e+03 4.0733566044e-03
1.1344986279e+03 4.0736980971e-03
1.1348955656e+03 4.0734866292e-03
1.1352847660e+03 4.0725306608e-03
1.1356679659e+03 4.0713862021e-03
1.1360431686e+03 4.0701828222e-03
1.1364198316e+03 4.0689628474e-03
1.1368079146e+03 4.0681291550e-03
1.1371987535e+03 4.0676941158e-03
1.1375932100e+03 4.0678362255e-03
1.1379958572e+03 4.0681212110e-03
1.1384007772e+03 4.0685518776e-03
1.1387762909e+03 4.0691550754e-03
1.1391108352e+03 4.0693007390e-03
1.1394252195e+03 4.0689700636e-03
1.1397433433e+03 4.0682644196e-03
1.1400592469e+03 4.0676060337e-03
1.1403756130e+03 4.0673288461e-03
1.1406888390e+03 4.0671942043e-03
1.1409930150e+03 4.0671948163e-03
1.1412571420e+03 4.0671859061e-03
1.1414688109e+03 4.0672432962e-03
1.1416393036e+03 4.0672589673e-03
1.1417968757e+03 4.0669127224e-03
1.1419551257e+03 4.0663189394e-03
1.1421225517e+03 4.0655491092e-03
1.1423030082e+03 4.0649890380e-03
1.1425185746e+03 4.0646511230e-03
1.1427671229e+03 4.0642666922e-03
1.1430337497e+03 4.0637641729e-03
1.1432938011e+03 4.0632825121e-03
1.1435505167e+03 4.0628643537e-03
1.1438216305e+03 4.0624652719e-03
1.1441064589e+03 4.0618527690e-03
1.1443770000e+03 4.0611138507e-03
1.1446237875e+03 4.0602514663e-03
1.1448624357e+03 4.0595931359e-03
1.1451292617e+03 4.0590139520e-03
1.1454168581e+03 4.0585609591e-03
1.1457179137e+03 4.0582873154e-03
1.1460253238e+03 4.0580738947e-03
1.1463526326e+03 4.0579513667e-03
1.1466931398e+03 4.0578289341e-03
1.1470331702e+03 4.0579160376e-03
1.1473632616e+03 4.0581219170e-03
1.1476929176e+03 4.0581838852e-03
1.1480226637e+03 4.0582510245e-03
1.1483541686e+03 4.0579310645e-03
1.1486724754e+03 4.0573366113e-03
1.1490999737e+03 4.0566883880e-03
1.1495749522e+03 4.0562816944e-03
1.1500554576e+03 4.0563076646e-03
1.1505374698e+03 4.0562513056e-03
1.1510195703e+03 4.0561651008e-03
1.1515000760e+03 4.0558854531e-03
1.1519752854e+03 4.0552221820e-03
1.1524353169e+03 4.0544744345e-03
1.1528751621e+03 4.0535148423e-03
1.1533033353e+03 4.0528568071e-03
1.1537318697e+03 4.0523942686e-03
1.1541527606e+03 4.0519256786e-03
1.1545480098e+03 4.0516025294e-03
1.1549051247e+03 4.0511085442e-03
1.1552448974e+03 4.0507513948e-03
1.1555958407e+03 4.0503561472e-03
1.1559717866e+03 4.0499484767e-03
1.1563502698e+03 4.0494896163e-03
1.1567328523e+03 4.0487756873e-03
1.1571321921e+03 4.0485065192e-03
1.1575575186e+03 4.0483172954e-03
1.1579999880e+03 4.0483842571e-03
1.1584459395e+03 4.0484757247e-03
1.1588910310e+03 4.0486492400e-03
1.1593240013e+03 4.0488068362e-03
1.1597276996e+03 4.0487174936e-03
1.1601241534e+03 4.0486641163e-03
1.1605359935e+03 4.0485105303e-03
1.1609652454e+03 4.0484317405e-03
1.1613693954e+03 4.0483649117e-03
1.1617359467e+03 4.0482810281e-03
1.1620821886e+03 4.0482617788e-03
1.1624187748e+03 4.0481003502e-03
1.1627396439e+03 4.0478064840e-03
1.1630537936e+03 4.0474343841e-03
1.1633879344e+03 4.0471862597e-03
1.1637668338e+03 4.0469064819e-03
1.1641622675e+03 4.0462882080e-03
1.1645446795e+03 4.0452733153e-03
1.1649022263e+03 4.0443595807e-03
1.1652532450e+03 4.0437626072e-03
1.1655987712e+03 4.0435635159e-03
1.1659371920e+03 4.0436524573e-03
1.1662633614e+03 4.0438738796e-03
1.1665904185e+03 4.0441268679e-03
1.1669164225e+03 4.0441572110e-03
1.1672479887e+03 4.0442206660e-03
1.1675795527e+03 4.0442792948e-03
1.1679159868e+03 4.0443445164e-03
1.1682557911e+03 4.0445563857e-03
1.1685933582e+03 4.0446951121e-03
1.1689195171e+03 4.0450025234e-03
1.1692528073e+03 4.0451708627e-03
1.1696267943e+03 4.0452289957e-03
1.1699982289e+03 4.0450067273e-03
1.1703600834e+03 4.0442980549e-03
1.1707147533e+03 4.0431844526e-03
1.1710717508e+03 4.0420380180e-03
1.1714435521e+03 4.0413551638e-03
1.1718287119e+03 4.0410997657e-03
1.1722099064e+03 4.0409104569e-03
1.1725758291e+03 4.0405250541e-03
1.1729277309e+03 4.0399847041e-03
1.1732752669e+03 4.0394372144e-03
1.1736302959e+03 4.0390702959e-03
1.1739891190e+03 4.0388647784e-03
1.1743476957e+03 4.0386905178e-03
1.1746996844e+03 4.0385921312e-03
1.1750543310e+03 4.0383713448e-03
1.1754239650e+03 4.0381761000e-03
1.1758165111e+03 4.0378293308e-03
1.1762182397e+03 4.0377298764e-03
1.1766124913e+03 4.0378565979e-03
1.1769965247e+03 4.0380218700e-03
1.1773726648e+03 4.0383253397e-03
1.1777377387e+03 4.0385258614e-03
1.1780973030e+03 4.0386328424e-03
1.1784484640e+03 4.0383861035e-03
1.1787788453e+03 4.0378424178e-03
1.1790804264e+03 4.0374720400e-03
1.1793743933e+03 4.0371652025e-03
1.1796885300e+03 4.0367800460e-03
1.1800474242e+03 4.0361756642e-03
1.1804310246e+03 4.0354438791e-03
1.1808125339e+03 4.0347983431e-03
1.1811724273e+03 4.0343536074e-03
1.1815283662e+03 4.0342248576e-03
1.1818889895e+03 4.0341865626e-03
1.1822499547e+03 4.0340864699e-03
1.1826034776e+03 4.0340523553e-03
1.1829479366e+03 4.0341548551e-03
1.1832609957e+03 4.0341557412e-03
1.1835275139e+03 4.0339163704e-03
1.1837678883e+03 4.0335816539e-03
1.1840321388e+03 4.0332706194e-03
1.1843216086e+03 4.0329892063e-03
1.1846122520e+03 4.0327694400e-03
1.1848901039e+03 4.0329064009e-03
1.1851820462e+03 4.0330500737e-03
1.1855125925e+03 4.0329693832e-03
1.1858754078e+03 4.0324780985e-03
1.1862406602e+03 4.0319610595e-03
1.1866007152e+03 4.0313169889e-03
1.1869531519e+03 4.0306617411e-03
1.1873045178e+03 4.0302569990e-03
1.1876469657e+03 4.0300987600e-03
1.1879953528e+03 4.0302152036e-03
1.1883438664e+03 4.0302019978e-03
1.1886909700e+03 4.0300958486e-03
1.1890238046e+03 4.0298663691e-03
1.1893324395e+03 4.0295092451e-03
1.1896085454e+03 4.0292622519e-03
1.1898694136e+03 4.0289497117e-03
1.1901356632e+03 4.0286635565e-03
1.1904155257e+03 4.0278073637e-03
1.1906937584e+03 4.0266352085e-03
1.1909829335e+03 4.0251943298e-03
1.1912867029e+03 4.0237016694e-03
1.1916055000e+03 4.0225544228e-03
1.1919112808e+03 4.0213911438e-03
1.1921980916e+03 4.0204567959e-03
1.1924666051e+03 4.0195883986e-03
1.1927279433e+03 4.0191087166e-03
1.1929796526e+03 4.0188327410e-03
1.1932954053e+03 4.0183745303e-03
1.1936800646e+03 4.0180449306e-03
1.1940363634e+03 4.0176353735e-03
1.1943759881e+03 4.0175568774e-03
1.1947037305e+03 4.0174722348e-03
1.1950099271e+03 4.0176153323e-03
1.1952966225e+03 4.0178184092e-03
1.1955650075e+03 4.0177698419e-03
1.1958195586e+03 4.0176120231e-03
1.1960704901e+03 4.0170392476e-03
1.1963358101e+03 4.0162767469e-03
1.1966339948e+03 4.0153223042e-03
1.1969777455e+03 4.0143481997e-03
1.1973549414e+03 4.0135745895e-03
1.1977582596e+03 4.0129364710e-03
1.1981754023e+03 4.0126150480e-03
1.1985882725e+03 4.0123592345e-03
1.1989804961e+03 4.0122981429e-03
1.1993560877e+03 4.0123292942e-03
1.1997173334e+03 4.0123141079e-03
1.2000664079e+03 4.0120793979e-03
1.2004027449e+03 4.0116396467e-03
1.2007504917e+03 4.0111437192e-03
1.2011257242e+03 4.0107133968e-03
1.2015246640e+03 4.0101750384e-03
1.2019209818e+03 4.0095130559e-03
1.2023007981e+03 4.0087457947e-03
1.2026781404e+03 4.0079406121e-03
1.2030738029e+03 4.0071147913e-03
1.2034742104e+03 4.0060982033e-03
1.2038562959e+03 4.0050572969e-03
1.2041986017e+03 4.0041367642e-03
1.2045209336e+03 4.0034966484e-03
1.2048432198e+03 4.0030817661e-03
1.2051903507e+03 4.0028316944e-03
1.2055680048e+03 4.0028835393e-03
1.2059645552e+03 4.0032075852e-03
1.2063441231e+03 4.0039299181e-03
1.2066982513e+03 4.0046738945e-03
1.2070447719e+03 4.0053497759e-03
1.2074103318e+03 4.0057251485e-03
1.2077863289e+03 4.0058898080e-03
1.2081557823e+03 4.0059128512e-03
1.2084957101e+03 4.0057504902e-03
1.2088137647e+03 4.0052312747e-03
1.2091234893e+03 4.0042574356e-03
1.2094430728e+03 4.0031567011e-03
1.2097628078e+03 4.0021132292e-03
1.2100712640e+03 4.0014322186e-03
1.2103644527e+03 4.0008844774e-03
1.2106721002e+03 4.0000540943e-03
1.2109962448e+03 3.9989599722e-03
1.2113156544e+03 3.9977517177e-03
1.2116158344e+03 3.9969541616e-03
1.2119290168e+03 3.9962435773e-03
1.2122630896e+03 3.9956484533e-03
1.2126129342e+03 3.9951386822e-03
1.2129672682e+03 3.9947736637e-03
1.2133419943e+03 3.9947533041e-03
1.2137302540e+03 3.9948462547e-03
1.2141134447e+03 3.9952196396e-03
1.2144733909e+03 3.9955147203e-03
1.2148233863e+03 3.9957656457e-03
1.2151758722e+03 3.9960627953e-03
1.2155303256e+03 3.9961288143e-03
1.2158534242e+03 3.9962625866e-03
1.2161454749e+03 3.9959077586e-03
1.2164110142e+03 3.9953038877e-03
1.2166728709e+03 3.9943943398e-03
1.2169268405e+03 3.9933667578e-03
1.2171753950e+03 3.9924223996e-03
1.2174106797e+03 3.9916468332e-03
1.2176490920e+03 3.9913550426e-03
1.2178973911e+03 3.9912950842e-03
1.2181678437e+03 3.9915014077e-03
1.2184488909e+03 3.9918376103e-03
1.2187304331e+03 3.9921632886e-03
1.2190005309e+03 3.9923549104e-03
1.2192969754e+03 3.9924074961e-03
1.2197239892e+03 3.9926113124e-03
1.2201476736e+03 3.9928112782e-03
1.2205644629e+03 3.9928364226e-03
1.2209720633e+03 3.9925804958e-03
1.2213566631e+03 3.9921567357e-03
1.2217251533e+03 3.9913349230e-03
1.2220743789e+03 3.9903613344e-03
1.2223991018e+03 3.9893870134e-03
1.2227117658e+03 3.9882867353e-03
1.2230445564e+03 3.9872636265e-03
1.2234134643e+03 3.9862808280e-03
1.2238093613e+03 3.9856720051e-03
1.2242108858e+03 3.9853175154e-03
1.2246198082e+03 3.9852884649e-03
1.2250258759e+03 3.9855109185e-03
1.2254212964e+03 3.9857462684e-03
1.2257892607e+03 3.9862135499e-03
1.2261368732e+03 3.9866361578e-03
1.2264782497e+03 3.9869726168e-03
1.2268245980e+03 3.9868914236e-03
1.2271777962e+03 3.9864002494e-03
1.2275362157e+03 3.9855438776e-03
1.2278950186e+03 3.9847422756e-03
1.2282607161e+03 3.9841989812e-03
1.2286262275e+03 3.9837598714e-03
1.2290015319e+03 3.9834150061e-03
1.2293782645e+03 3.9831848296e-03
1.2297627165e+03 3.9830119025e-03
1.2301426528e+03 3.9828842300e-03
1.2305122433e+03 3.9827516638e-03
1.2308710396e+03 3.9825321451e-03
1.2312283834e+03 3.9821871702e-03
1.2315875709e+03 3.9819448240e-03
1.2319486981e+03 3.9819617977e-03
1.2323053539e+03 3.9821580579e-03
1.2326662800e+03 3.9823721018e-03
1.2330071649e+03 3.9826746368e-03
1.2333277960e+03 3.9826301785e-03
1.2336262528e+03 3.9820161776e-03
1.2339302424e+03 3.9807895028e-03
1.2342453697e+03 3.9792957216e-03
1.2345737364e+03 3.9779265829e-03
1.2348976967e+03 3.9766679430e-03
1.2352049873e+03 3.9755958455e-03
1.2354923617e+03 3.9748860709e-03
1.2357845815e+03 3.9742745104e-03
1.2360836298e+03 3.9740335712e-03
1.2363926285e+03 3.9741248822e-03
1.2366973268e+03 3.9744513441e-03
1.2370131110e+03 3.9747710646e-03
1.2373311126e+03 3.9751076994e-03
1.2376273546e+03 3.9755915391e-03
1.2378734417e+03 3.9757525627e-03
1.2380884703e+03 3.9759386104e-03
1.2383127157e+03 3.9761421287e-03
1.2385852182e+03 3.9764096317e-03
1.2388704354e+03 3.9768932604e-03
1.2391439859e+03 3.9771538021e-03
1.2394042718e+03 3.9771087755e-03
1.2396977800e+03 3.9765609714e-03
1.2400264563e+03 3.9759658017e-03
1.2403709968e+03 3.9754142457e-03
1.2407094593e+03 3.9748626437e-03
1.2410491660e+03 3.9744752544e-03
1.2413855894e+03 3.9741242639e-03
1.2417153382e+03 3.9738566527e-03
1.2420165306e+03 3.9736657385e-03
1.2422990168e+03 3.9736223333e-03
1.2425585340e+03 3.9738337541e-03
1.2429796747e+03 3.9740295393e-03
1.2433794410e+03 3.9741286552e-03
1.2437528496e+03 3.9739577687e-03
1.2441058710e+03 3.9738263442e-03
1.2444558625e+03 3.9735801781e-03
1.2448168608e+03 3.9732733843e-03
1.2452003662e+03 3.9728807759e-03
1.2455950735e+03 3.9723186129e-03
1.2459977356e+03 3.9717154681e-03
1.2464069128e+03 3.9712359475e-03
1.2468315982e+03 3.9711341398e-03
1.2472656123e+03 3.9712963930e-03
1.2477081597e+03 3.9716783284e-03
1.2481450963e+03 3.9720299246e-03
1.2485690842e+03 3.9722331760e-03
1.2489672393e+03 3.9723193916e-03
1.2493538263e+03 3.9725082312e-03
1.2497349577e+03 3.9728651271e-03
1.2501226206e+03 3.9731008184e-03
1.2505110819e+03 3.9732843236e-03
1.2508984238e+03 3.9733765135e-03
1.2512806714e+03 3.9735635525e-03
1.2516633516e+03 3.9736205148e-03
1.2520401623e+03 3.9733670741e-03
1.2524140239e+03 3.9724804751e-03
1.2527680199e+03 3.9710801707e-03
1.2531176551e+03 3.9695517038e-03
1.2534695830e+03 3.9683012350e-03
1.2538250009e+03 3.9674551130e-03
1.2541643202e+03 3.9668483190e-03
1.2545010843e+03 3.9665011865e-03
1.2548650583e+03 3.9664521661e-03
1.2552593735e+03 3.9666094164e-03
1.2556498823e+03 3.9668832617e-03
1.2560420051e+03 3.9670431815e-03
1.2564392510e+03 3.9670644928e-03
1.2568373586e+03 3.9669642759e-03
1.2571891903e+03 3.9667794165e-03
1.2575180848e+03 3.9667314854e-03
1.2578609945e+03 3.9668894349e-03
1.2582299538e+03 3.9673841017e-03
1.2585969803e+03 3.9679908020e-03
1.2589608428e+03 3.9682940709e-03
1.2593224816e+03 3.9680181637e-03
1.2596723689e+03 3.9670647812e-03
1.2599919132e+03 3.9659496459e-03
1.2603051028e+03 3.9649898494e-03
1.2606214492e+03 3.9644340347e-03
1.2609624505e+03 3.9640900980e-03
1.2613204356e+03 3.9638293513e-03
1.2616971934e+03 3.9635018393e-03
1.2620636079e+03 3.9633066468e-03
1.2624159044e+03 3.9632739993e-03
1.2627525772e+03 3.9634281703e-03
1.2630993483e+03 3.9635986023e-03
1.2634473697e+03 3.9636885870e-03
1.2637963365e+03 3.9637172818e-03
1.2641343148e+03 3.9637237685e-03
1.2644798317e+03 3.9637855801e-03
1.2648412937e+03 3.9638952805e-03
1.2652261598e+03 3.9639459041e-03
1.2656022180e+03 3.9638748191e-03
1.2659473727e+03 3.9635926326e-03
1.2662440696e+03 3.9632731946e-03
1.2665294977e+03 3.9629955736e-03
1.2668150156e+03 3.9625226997e-03
1.2671217080e+03 3.9616457769e-03
1.2674291197e+03 3.9605657962e-03
1.2677310648e+03 3.9596918256e-03
1.2681585466e+03 3.9590706335e-03
1.2686299146e+03 3.9585903839e-03
1.2691007874e+03 3.9581163877e-03
1.2695742671e+03 3.9575828735e-03
1.2700450029e+03 3.9571002036e-03
1.2705121424e+03 3.9568740702e-03
1.2709664075e+03 3.9571502966e-03
1.2714178098e+03 3.9575780823e-03
1.2718552493e+03 3.9580772514e-03
1.2722804614e+03 3.9582390357e-03
1.2726869366e+03 3.9580967891e-03
1.2730770371e+03 3.9578285711e-03
1.2734370668e+03 3.9575145448e-03
1.2737727624e+03 3.9570254887e-03
1.2740938377e+03 3.9562820239e-03
1.2744118041e+03 3.9554961399e-03
1.2747120659e+03 3.9549893044e-03
1.2750028964e+03 3.9547353480e-03
1.2752818196e+03 3.9544966577e-03
1.2755690865e+03 3.9541735364e-03
1.2758628673e+03 3.9538609480e-03
1.2761714965e+03 3.9536027032e-03
1.2764903633e+03 3.9533474860e-03
1.2768186324e+03 3.9529514594e-03
1.2771447877e+03 3.9525693510e-03
1.2774711228e+03 3.9525368100e-03
1.2777874583e+03 3.9530711404e-03
1.2781080577e+03 3.9536623781e-03
1.2784344959e+03 3.9538919645e-03
1.2787806292e+03 3.9535032356e-03
1.2791187047e+03 3.9526536594e-03
1.2794355787e+03 3.9514647285e-03
1.2797276537e+03 3.9501870376e-03
1.2800218292e+03 3.9492504913e-03
1.2803275216e+03 3.9484614933e-03
1.2806560244e+03 3.9477741978e-03
1.2809916980e+03 3.9470429055e-03
1.2813243154e+03 3.9463198089e-03
1.2816272912e+03 3.9458782275e-03
1.2819195374e+03 3.9456290666e-03
1.2822118880e+03 3.9459952170e-03
1.2825191253e+03 3.9463171592e-03
1.2828234779e+03 3.9469308494e-03
1.2831323278e+03 3.9477160028e-03
1.2834463918e+03 3.9482755820e-03
1.2837785228e+03 3.9486480859e-03
1.2841120856e+03 3.9485935405e-03
1.2844415754e+03 3.9486586070e-03
1.2847505403e+03 3.9484578013e-03
1.2850580148e+03 3.9481210787e-03
1.2853615597e+03 3.9474501246e-03
1.2856782721e+03 3.9464194175e-03
1.2859979037e+03 3.9454620360e-03
1.2863264565e+03 3.9442192436e-03
1.2866477498e+03 3.9431560276e-03
1.2869740983e+03 3.9422867281e-03
1.2873080811e+03 3.9420332031e-03
1.2876730580e+03 3.9424524035e-03
1.2880617190e+03 3.9431490359e-03
1.2884778606e+03 3.9438272640e-03
1.2888908288e+03 3.9441024032e-03
1.2892992267e+03 3.9441360021e-03
1.2896889769e+03 3.9442323345e-03
1.2900722018e+03 3.9442891355e-03
1.2904296789e+03 3.9443995557e-03
1.2907639630e+03 3.9443289613e-03
1.2910683928e+03 3.9440872935e-03
1.2914162860e+03 3.9435175056e-03
1.2917648943e+03 3.9425765843e-03
1.2921089692e+03 3.9415890888e-03
1.2924631898e+03 3.9406469946e-03
1.2928464701e+03 3.9399537759e-03
1.2932411155e+03 3.9394084246e-03
1.2936410236e+03 3.9388830059e-03
1.2940328425e+03 3.9384475001e-03
1.2944236639e+03 3.9378482060e-03
1.2948134774e+03 3.9372209424e-03
1.2952207418e+03 3.9365935746e-03
1.2956464787e+03 3.9361748024e-03
1.2960850711e+03 3.9361165318e-03
1.2965119014e+03 3.9363292773e-03
1.2969283575e+03 3.9370210833e-03
1.2973345463e+03 3.9377982981e-03
1.2977493124e+03 3.9384971164e-03
1.2981617035e+03 3.9388272509e-03
1.2985748320e+03 3.9385373494e-03
1.2989740346e+03 3.9379914660e-03
1.2993730983e+03 3.9372801473e-03
1.2997717436e+03 3.9367995339e-03
1.3001777244e+03 3.9361783538e-03
1.3005754466e+03 3.9353981068e-03
1.3009591206e+03 3.9345222132e-03
1.3013101972e+03 3.9337608212e-03
1.3016458097e+03 3.9334243177e-03
1.3019586995e+03 3.9333421662e-03
1.3022621763e+03 3.9333137697e-03
1.3025350036e+03 3.9328701767e-03
1.3027943763e+03 3.9320442471e-03
1.3030555051e+03 3.9311734640e-03
1.3033333889e+03 3.9304509256e-03
1.3036179665e+03 3.9299125340e-03
1.3039145122e+03 3.9293307904e-03
1.3042227248e+03 3.9291051414e-03
1.3045506897e+03 3.9292680382e-03
1.3048687270e+03 3.9297878257e-03
1.3051888473e+03 3.9304735583e-03
1.3055080793e+03 3.9311736480e-03
1.3058481597e+03 3.9317957916e-03
1.3061853095e+03 3.9322061932e-03
1.3065086326e+03 3.9323438612e-03
1.3068079720e+03 3.9323025771e-03
1.3071154574e+03 3.9320577484e-03
1.3074476190e+03 3.9317853496e-03
1.3077984436e+03 3.9314036869e-03
1.3081192290e+03 3.9311189147e-03
1.3084124975e+03 3.9306696269e-03
1.3086963655e+03 3.9299448914e-03
1.3090128127e+03 3.9292182491e-03
1.3093425261e+03 3.9285884948e-03
1.3096754389e+03 3.9280672106e-03
1.3099829902e+03 3.9276326855e-03
1.3102719826e+03 3.9274818519e-03
1.3105419889e+03 3.9274505596e-03
1.3108225225e+03 3.9273827860e-03
1.3111087739e+03 3.9274037689e-03
1.3114074458e+03 3.9275222067e-03
1.3118057929e+03 3.9277702193e-03
1.3122424298e+03 3.9277210855e-03
1.3126433541e+03 3.9276154521e-03
1.3130156642e+03 3.9274768688e-03
1.3133618051e+03 3.9272613328e-03
1.3137070866e+03 3.9267103544e-03
1.3140477515e+03 3.9257287695e-03
1.3143952163e+03 3.9248153969e-03
1.3147503640e+03 3.9241356917e-03
1.3151289375e+03 3.9237890992e-03
1.3155256495e+03 3.9236485816e-03
1.3159355064e+03 3.9236821616e-03
1.3163320575e+03 3.9239183033e-03
1.3167147127e+03 3.9239134660e-03
1.3170775697e+03 3.9236829402e-03
1.3174388005e+03 3.9230636872e-03
1.3177922794e+03 3.9223669124e-03
1.3181450946e+03 3.9218211558e-03
1.3184930013e+03 3.9214831688e-03
1.3188508526e+03 3.9213812381e-03
1.3192159170e+03 3.9212165249e-03
1.3195912389e+03 3.9208503021e-03
1.3199660821e+03 3.9203066658e-03
1.3203639947e+03 3.9198280407e-03
1.3207880686e+03 3.9196598813e-03
1.3212340998e+03 3.9194523209e-03
1.3216589291e+03 3.9190021994e-03
1.3220679519e+03 3.9184048805e-03
1.3224683983e+03 3.9177606991e-03
1.3228772765e+03 3.9173997838e-03
1.3232795057e+03 3.9172444552e-03
1.3236809512e+03 3.9170077642e-03
1.3240740547e+03 3.9166850811e-03
1.3244603594e+03 3.9160642037e-03
1.3248209142e+03 3.9154394295e-03
1.3251654739e+03 3.9148754843e-03
1.3254936451e+03 3.9145858493e-03
1.3258425944e+03 3.9145974470e-03
1.3262023171e+03 3.9149216351e-03
1.3265823169e+03 3.9153230075e-03
1.3269681484e+03 3.9153595235e-03
1.3273683453e+03 3.9151947662e-03
1.3277661635e+03 3.9145828447e-03
1.3281674397e+03 3.9135435625e-03
1.3285608976e+03 3.9122975149e-03
1.3289419468e+03 3.9110683536e-03
1.3292805756e+03 3.9103645713e-03
1.3295933318e+03 3.9099052884e-03
1.3298837771e+03 3.9096417091e-03
1.3301880523e+03 3.9092479964e-03
1.3305022827e+03 3.9089174685e-03
1.3308366505e+03 3.9089214468e-03
1.3311707366e+03 3.9092184614e-03
1.3315010095e+03 3.9099427792e-03
1.3318059892e+03 3.9108314102e-03
1.3320916733e+03 3.9116389088e-03
1.3323466423e+03 3.9121767293e-03
1.3325930064e+03 3.9122891138e-03
1.3328278932e+03 3.9121206342e-03
1.3330869761e+03 3.9116836811e-03
1.3333646247e+03 3.9110696431e-03
1.3336658975e+03 3.9104572748e-03
1.3339567533e+03 3.9099614161e-03
1.3342376543e+03 3.9096669363e-03
1.3345002247e+03 3.9096402444e-03
1.3347634310e+03 3.9096461022e-03
1.3350255300e+03 3.9094503252e-03
1.3352993140e+03 3.9088040554e-03
1.3355667778e+03 3.9080013401e-03
1.3358535610e+03 3.9072888503e-03
1.3361493850e+03 3.9068372078e-03
1.3364603641e+03 3.9066559497e-03
1.3367515279e+03 3.9069837094e-03
1.3370418989e+03 3.9076713701e-03
1.3374423934e+03 3.9084308274e-03
1.3379085611e+03 3.9087841059e-03
1.3383652683e+03 3.9088357147e-03
1.3388132026e+03 3.9086527550e-03
1.3392231627e+03 3.9082646442e-03
1.3396017635e+03 3.9078360240e-03
1.3399506219e+03 3.9073094287e-03
1.3402933594e+03 3.9067104071e-03
1.3406217002e+03 3.9061661511e-03
1.3409597738e+03 3.9058707784e-03
1.3413028972e+03 3.9056743061e-03
1.3416641195e+03 3.9055889741e-03
1.3420311103e+03 3.9055391711e-03
1.3424055505e+03 3.9055284316e-03
1.3427789153e+03 3.9057129537e-03
1.3431599587e+03 3.9061676733e-03
1.3435349815e+03 3.9067908511e-03
1.3439131064e+03 3.9072412332e-03
1.3442733899e+03 3.9073961384e-03
1.3446343050e+03 3.9071240381e-03
1.3449968012e+03 3.9066755994e-03
1.3453794133e+03 3.9061295532e-03
1.3457589288e+03 3.9057563703e-03
1.3461348763e+03 3.9053917691e-03
1.3465093412e+03 3.9049294294e-03
1.3469012008e+03 3.9044000777e-03
1.3473000510e+03 3.9038074774e-03
1.3477025227e+03 3.9032551332e-03
1.3480821023e+03 3.9027465111e-03
1.3484734074e+03 3.9024123295e-03
1.3488783510e+03 3.9021057303e-03
1.3493152970e+03 3.9016691440e-03
1.3497476073e+03 3.9012125043e-03
1.3501709761e+03 3.9006268666e-03
1.3505808483e+03 3.9002385678e-03
1.3509822311e+03 3.8999083300e-03
1.3513514921e+03 3.8998028447e-03
1.3517005573e+03 3.8997707861e-03
1.3520326146e+03 3.8997812656e-03
1.3523880764e+03 3.8998567589e-03
1.3527525574e+03 3.9000017595e-03
1.3531341729e+03 3.9004515137e-03
1.3535011106e+03 3.9008232164e-03
1.3538586123e+03 3.9010857939e-03
1.3542085029e+03 3.9010967422e-03
1.3545785436e+03 3.9009314649e-03
1.3549484088e+03 3.9004090374e-03
1.3553012582e+03 3.8993412763e-03
1.3556099717e+03 3.8981103637e-03
1.3559180761e+03 3.8968416897e-03
1.3562210784e+03 3.8959496727e-03
1.3565217634e+03 3.8954359785e-03
1.3567862229e+03 3.8953880151e-03
1.3570499800e+03 3.8954820833e-03
1.3573255244e+03 3.8954657307e-03
1.3576250701e+03 3.8951856645e-03
1.3579162434e+03 3.8947492294e-03
1.3581970920e+03 3.8943456306e-03
1.3584468467e+03 3.8939392130e-03
1.3586793889e+03 3.8934607639e-03
1.3588802766e+03 3.8930028449e-03
1.3590780089e+03 3.8926763855e-03
1.3592721272e+03 3.8924421472e-03
1.3595006958e+03 3.8923191185e-03
1.3597456667e+03 3.8925078663e-03
1.3600077707e+03 3.8928835260e-03
1.3602622084e+03 3.8930138483e-03
1.3605311235e+03 3.8927098583e-03
1.3608067049e+03 3.8920531470e-03
1.3611001851e+03 3.8913309583e-03
1.3613775835e+03 3.8905378826e-03
1.3616547748e+03 3.8895816946e-03
1.3619279974e+03 3.8886718334e-03
1.3622213799e+03 3.8879201818e-03
1.3625033941e+03 3.8875116132e-03
1.3627834607e+03 3.8872210209e-03
1.3630477060e+03 3.8870809592e-03
1.3634140105e+03 3.8868192375e-03
1.3637918969e+03 3.8863914742e-03
1.3641654475e+03 3.8859362957e-03
1.3645145153e+03 3.8855849446e-03
1.3648560056e+03 3.8853498964e-03
1.3651828062e+03 3.8850778696e-03
1.3655097267e+03 3.8846897992e-03
1.3658161429e+03 3.8842161101e-03
1.3661110299e+03 3.8836706060e-03
1.3663920146e+03 3.8832145224e-03
1.3666827601e+03 3.8827819844e-03
1.3669729165e+03 3.8823889993e-03
1.3672731536e+03 3.8818195520e-03
1.3675673649e+03 3.8811893207e-03
1.3678723431e+03 3.8804267276e-03
1.3681715036e+03 3.8796199847e-03
1.3684816572e+03 3.8789470131e-03
1.3687924115e+03 3.8785465836e-03
1.3691116520e+03 3.8785791666e-03
1.3694272476e+03 3.8788815007e-03
1.3697616494e+03 3.8793412931e-03
1.3701053081e+03 3.8797602876e-03
1.3704652627e+03 3.8800823723e-03
1.3708163513e+03 3.8803450113e-03
1.3711763326e+03 3.8805814616e-03
1.3715328331e+03 3.8808564165e-03
1.3719062975e+03 3.8809901677e-03
1.3722895774e+03 3.8810295541e-03
1.3726899604e+03 3.8809541015e-03
1.3730823849e+03 3.8806505988e-03
1.3734679838e+03 3.8802899006e-03
1.3738199680e+03 3.8801119330e-03
1.3741602222e+03 3.8798959627e-03
1.3744893646e+03 3.8797406864e-03
1.3748384529e+03 3.8796372478e-03
1.3751832923e+03 3.8795290062e-03
1.3755283548e+03 3.8792818184e-03
1.3758556618e+03 3.8789200504e-03
1.3761821061e+03 3.8787323571e-03
1.3765025025e+03 3.8787512032e-03
1.3768465252e+03 3.8789828216e-03
1.3772019535e+03 3.8791455544e-03
1.3775864309e+03 3.8788983228e-03
1.3779782351e+03 3.8783492663e-03
1.3783976768e+03 3.8778184826e-03
1.3788118296e+03 3.8776016989e-03
1.3792231629e+03 3.8775983639e-03
1.3796122105e+03 3.8780158153e-03
1.3799996901e+03 3.8786129691e-03
1.3803722038e+03 3.8791259905e-03
1.3807492413e+03 3.8791889046e-03
1.3811281976e+03 3.8790099731e-03
1.3815231806e+03 3.8787123477e-03
1.3818968966e+03 3.8782311112e-03
1.3822638493e+03 3.8774833140e-03
1.3826033343e+03 3.8765153525e-03
1.3829322659e+03 3.8755866636e-03
1.3832271624e+03 3.8747743635e-03
1.3835162571e+03 3.8743202620e-03
1.3837992016e+03 3.8741429100e-03
1.3841026906e+03 3.8742665183e-03
1.3844129481e+03 3.8746471514e-03
1.3847299393e+03 3.8752653788e-03
1.3850089081e+03 3.8759701000e-03
1.3852643136e+03 3.8763010606e-03
1.3854943206e+03 3.8762264066e-03
1.3857413683e+03 3.8756750162e-03
1.3859898493e+03 3.8749249197e-03
1.3862604615e+03 3.8741793854e-03
1.3865422882e+03 3.8737134942e-03
1.3868533082e+03 3.8734597176e-03
1.3871622991e+03 3.8733436121e-03
1.3874731042e+03 3.8731955090e-03
1.3877623859e+03 3.8729140693e-03
1.3880577686e+03 3.8724930173e-03
1.3883392437e+03 3.8719721852e-03
1.3886270681e+03 3.8713532821e-03
1.3889699392e+03 3.8706039062e-03
1.3893737954e+03 3.8696196136e-03
1.3897474684e+03 3.8685663093e-03
1.3901155320e+03 3.8675056380e-03
1.3904739189e+03 3.8663406025e-03
1.3908419759e+03 3.8652081735e-03
1.3912016417e+03 3.8643942853e-03
1.3915730999e+03 3.8639612205e-03
1.3919359932e+03 3.8638891475e-03
1.3923080058e+03 3.8640638433e-03
1.3926737722e+03 3.8645009189e-03
1.3930481487e+03 3.8648082403e-03
1.3934148010e+03 3.8648215629e-03
1.3937831946e+03 3.8646447955e-03
1.3941351997e+03 3.8644534610e-03
1.3944848044e+03 3.8644266194e-03
1.3948122142e+03 3.8645321189e-03
1.3951370465e+03 3.8645916548e-03
1.3954379165e+03 3.8642132414e-03
1.3957389321e+03 3.8633577442e-03
1.3960229786e+03 3.8623440403e-03
1.3963128387e+03 3.8614331780e-03
1.3966059282e+03 3.8608118069e-03
1.3969324422e+03 3.8604590325e-03
1.3972750952e+03 3.8602327921e-03
1.3976377772e+03 3.8598363026e-03
1.3979918606e+03 3.8591817303e-03
1.3983531009e+03 3.8583673470e-03
1.3987019480e+03 3.8577215563e-03
1.3990698359e+03 3.8573997041e-03
1.3994410808e+03 3.8574459486e-03
1.3998312524e+03 3.8576727959e-03
1.4002195709e+03 3.8579724526e-03
1.4006308634e+03 3.8580635989e-03
1.4010346564e+03 3.8578534503e-03
1.4014218338e+03 3.8576050150e-03
1.4017700453e+03 3.8572903901e-03
1.4021243556e+03 3.8569558765e-03
1.4024760584e+03 3.8566189533e-03
1.4028347786e+03 3.8562192690e-03
1.4031691574e+03 3.8558091144e-03
1.4035141802e+03 3.8551642474e-03
1.4038599448e+03 3.8542658430e-03
1.4042291342e+03 3.8530390768e-03
1.4045901941e+03 3.8518828733e-03
1.4049657524e+03 3.8509479608e-03
1.4053537867e+03 3.8504311553e-03
1.4057687128e+03 3.8503920733e-03
1.4061613138e+03 3.8509501403e-03
1.4065325718e+03 3.8518356631e-03
1.4068736876e+03 3.8527520998e-03
1.4072277785e+03 3.8533304949e-03
1.4075721232e+03 3.8533263424e-03
1.4079243963e+03 3.8529081362e-03
1.4082517912e+03 3.8521024126e-03
1.4085757285e+03 3.8511039737e-03
1.4088807388e+03 3.8502988273e-03
1.4091962691e+03 3.8498074316e-03
1.4095030914e+03 3.8495181831e-03
1.4098091163e+03 3.8489710920e-03
1.4100881330e+03 3.8482311593e-03
1.4103812008e+03 3.8475272162e-03
1.4106813562e+03 3.8469689696e-03
1.4110067920e+03 3.8463676792e-03
1.4113078734e+03 3.8458224217e-03
1.4116035818e+03 3.8453945177e-03
1.4118796056e+03 3.8448962371e-03
1.4121673926e+03 3.8440885491e-03
1.4124534001e+03 3.8431166658e-03
1.4127699158e+03 3.8422330970e-03
1.4130990170e+03 3.8418525191e-03
1.4134630328e+03 3.8419375738e-03
1.4138231191e+03 3.8420831156e-03
1.4141848240e+03 3.8419880085e-03
1.4145693410e+03 3.8417128573e-03
1.4150097678e+03 3.8413623550e-03
1.4154076315e+03 3.8411662223e-03
1.4157938525e+03 3.8410838077e-03
1.4161590559e+03 3.8410933116e-03
1.4165300455e+03 3.8411070804e-03
1.4168877673e+03 3.8410931675e-03
1.4172551263e+03 3.8411534151e-03
1.4176167229e+03 3.8411705090e-03
1.4179994053e+03 3.8410971412e-03
1.4183816171e+03 3.8407290311e-03
1.4187763847e+03 3.8400292226e-03
1.4191622299e+03 3.8391335722e-03
1.4195627597e+03 3.8382453530e-03
1.4199516113e+03 3.8377588311e-03
1.4203461660e+03 3.8375413060e-03
1.4207252110e+03 3.8376642310e-03
1.4211176616e+03 3.8378569845e-03
1.4214958658e+03 3.8379148874e-03
1.4218710693e+03 3.8377539593e-03
1.4222139997e+03 3.8374584798e-03
1.4225447765e+03 3.8371594461e-03
1.4228456156e+03 3.8368822433e-03
1.4231469534e+03 3.8367723287e-03
1.4234443885e+03 3.8368158494e-03
1.4237619337e+03 3.8368603969e-03
1.4240699613e+03 3.8369805794e-03
1.4243924029e+03 3.8371548938e-03
1.4247104819e+03 3.8373501609e-03
1.4250434180e+03 3.8372075024e-03
1.4253568411e+03 3.8367703056e-03
1.4256772295e+03 3.8362919879e-03
1.4259914598e+03 3.8360464593e-03
1.4263144126e+03 3.8359625852e-03
1.4266105358e+03 3.8356389026e-03
1.4269033547e+03 3.8348972471e-03
1.4271856494e+03 3.8339993616e-03
1.4274818657e+03 3.8331979574e-03
1.4277623450e+03 3.8325686750e-03
1.4280557426e+03 3.8319787330e-03
1.4283430573e+03 3.8316449730e-03
1.4286545421e+03 3.8316097643e-03
1.4289658786e+03 3.8319283476e-03
1.4292957796e+03 3.8324482627e-03
1.4296070743e+03 3.8328021019e-03
1.4299043335e+03 3.8330682631e-03
1.4301661192e+03 3.8332584462e-03
1.4304411603e+03 3.8332856618e-03
1.4307247482e+03 3.8330909769e-03
1.4310394253e+03 3.8326826715e-03
1.4313456479e+03 3.8321983349e-03
1.4316829046e+03 3.8315332125e-03
1.4320368632e+03 3.8307942065e-03
1.4324187727e+03 3.8298595749e-03
1.4327783038e+03 3.8288577939e-03
1.4331210745e+03 3.8279247794e-03
1.4334206241e+03 3.8270359031e-03
1.4337146473e+03 3.8263294039e-03
1.4340017203e+03 3.8259968176e-03
1.4343213643e+03 3.8260157241e-03
1.4346347378e+03 3.8262020395e-03
1.4349584455e+03 3.8265851576e-03
1.4352595967e+03 3.8273895512e-03
1.4355574166e+03 3.8283519610e-03
1.4358191089e+03 3.8290701495e-03
1.4360645021e+03 3.8292471322e-03
1.4362810995e+03 3.8289326225e-03
1.4365208600e+03 3.8280879580e-03
1.4367651251e+03 3.8268700451e-03
1.4370206452e+03 3.8255657913e-03
1.4372351092e+03 3.8243910449e-03
1.4374469619e+03 3.8235652773e-03
1.4376550757e+03 3.8230458492e-03
1.4378978226e+03 3.8226777428e-03
1.4381543101e+03 3.8224084722e-03
1.4384535634e+03 3.8222902731e-03
1.4387649995e+03 3.8224989342e-03
1.4391009096e+03 3.8230522662e-03
1.4394246635e+03 3.8237410959e-03
1.4397609526e+03 3.8242720683e-03
1.4400723737e+03 3.8246074291e-03
1.4403757023e+03 3.8244728244e-03
1.4406541145e+03 3.8238085979e-03
1.4409549559e+03 3.8228432345e-03
1.4412612033e+03 3.8218558591e-03
1.4415903500e+03 3.8209442635e-03
1.4419139445e+03 3.8201806078e-03
1.4422759771e+03 3.8199096525e-03
1.4426445601e+03 3.8202284566e-03
1.4430149018e+03 3.8206532766e-03
1.4433344839e+03 3.8208084351e-03
1.4436363653e+03 3.8204678354e-03
1.4439139417e+03 3.8201997183e-03
1.4441975383e+03 3.8202032536e-03
1.4444616093e+03 3.8204755172e-03
1.4447375130e+03 3.8207366104e-03
1.4449905401e+03 3.8206917274e-03
1.4453234453e+03 3.8205033859e-03
1.4456367483e+03 3.8202461407e-03
1.4459351922e+03 3.8200725610e-03
1.4461997031e+03 3.8199844964e-03
1.4464700714e+03 3.8197468429e-03
1.4467318595e+03 3.8195706171e-03
1.4470127149e+03 3.8191383163e-03
1.4472926512e+03 3.8186121897e-03
1.4476123942e+03 3.8179684608e-03
1.4479461464e+03 3.8174491203e-03
1.4483073569e+03 3.8172480874e-03
1.4486560989e+03 3.8170842637e-03
1.4490257395e+03 3.8168500742e-03
1.4493960953e+03 3.8164486786e-03
1.4497793074e+03 3.8159712807e-03
1.4501337258e+03 3.8155971044e-03
1.4504826823e+03 3.8154301185e-03
1.4508107766e+03 3.8154464935e-03
1.4511539738e+03 3.8155148609e-03
1.4514774509e+03 3.8154286688e-03
1.4518067858e+03 3.8152617248e-03
1.4520963854e+03 3.8150962868e-03
1.4523692413e+03 3.8150533498e-03
1.4526095725e+03 3.8152299147e-03
1.4528636189e+03 3.8153526430e-03
1.4531181034e+03 3.8152691444e-03
1.4534050106e+03 3.8148535327e-03
1.4537011313e+03 3.8143948050e-03
1.4540379943e+03 3.8138025249e-03
1.4543770709e+03 3.8131743803e-03
1.4547397115e+03 3.8124786342e-03
1.4550886404e+03 3.8117291929e-03
1.4554564872e+03 3.8111484191e-03
1.4558178289e+03 3.8107598927e-03
1.4561965617e+03 3.8106915201e-03
1.4565542138e+03 3.8105607322e-03
1.4569178651e+03 3.8102370655e-03
1.4572688074e+03 3.8096872219e-03
1.4576432355e+03 3.8089785867e-03
1.4579967272e+03 3.8085920498e-03
1.4583493490e+03 3.8082975698e-03
1.4586785590e+03 3.8083338538e-03
1.4590243319e+03 3.8085753799e-03
1.4593513239e+03 3.8090432630e-03
1.4596832682e+03 3.8094218336e-03
1.4599903642e+03 3.8096460998e-03
1.4602917443e+03 3.8099955606e-03
1.4605480420e+03 3.8103356741e-03
1.4608080386e+03 3.8106192807e-03
1.4610616155e+03 3.8105846003e-03
1.4613306253e+03 3.8102864803e-03
1.4615733538e+03 3.8097719611e-03
1.4618334022e+03 3.8088493096e-03
1.4621031859e+03 3.8078334461e-03
1.4624076977e+03 3.8068804905e-03
1.4626967052e+03 3.8062455319e-03
1.4630036661e+03 3.8059729001e-03
1.4633081994e+03 3.8059842645e-03
1.4636484792e+03 3.8062670418e-03
1.4639896589e+03 3.8065666711e-03
1.4643573636e+03 3.8068091486e-03
1.4647141514e+03 3.8069272541e-03
1.4650852784e+03 3.8069691260e-03
1.4654379282e+03 3.8069717519e-03
1.4658075876e+03 3.8067216548e-03
1.4661681108e+03 3.8063064622e-03
1.4665676531e+03 3.8058206749e-03
1.4669744890e+03 3.8053005774e-03
1.4674165234e+03 3.8048258086e-03
1.4678476998e+03 3.8045360493e-03
1.4682903781e+03 3.8044012314e-03
1.4686985633e+03 3.8043217514e-03
1.4690983867e+03 3.8041857001e-03
1.4694670255e+03 3.8041246308e-03
1.4698377809e+03 3.8040702050e-03
1.4701681937e+03 3.8042065927e-03
1.4704933310e+03 3.8044228936e-03
1.4707889816e+03 3.8047086800e-03
1.4710937971e+03 3.8049155068e-03
1.4713618279e+03 3.8050546749e-03
1.4716322466e+03 3.8053007839e-03
1.4719604667e+03 3.8055558321e-03
1.4723375897e+03 3.8057319185e-03
1.4727246007e+03 3.8057543195e-03
1.4731480590e+03 3.8056662520e-03
1.4735645318e+03 3.8055039212e-03
1.4740008073e+03 3.8053116174e-03
1.4744233977e+03 3.8049813586e-03
1.4748666355e+03 3.8045680617e-03
1.4752951651e+03 3.8042283667e-03
1.4757500070e+03 3.8039386995e-03
1.4761993920e+03 3.8035000533e-03
1.4766632542e+03 3.8026220335e-03
1.4770987650e+03 3.8016428303e-03
1.4775258083e+03 3.8008355702e-03
1.4779083922e+03 3.8004419686e-03
1.4782938129e+03 3.8002393225e-03
1.4786654831e+03 3.8000369311e-03
1.4790660340e+03 3.7999259413e-03
1.4794518538e+03 3.7999132618e-03
1.4798520505e+03 3.7999260674e-03
1.4802353169e+03 3.7998415903e-03
1.4806315197e+03 3.7997106239e-03
1.4810055764e+03 3.7995446050e-03
1.4813895596e+03 3.7991924663e-03
1.4817582725e+03 3.7987017336e-03
1.4821476019e+03 3.7979660656e-03
1.4825204912e+03 3.7971874003e-03
1.4829209938e+03 3.7966864866e-03
1.4833101865e+03 3.7966734112e-03
1.4837139360e+03 3.7969466752e-03
1.4840830863e+03 3.7973326548e-03
1.4844503072e+03 3.7976076403e-03
1.4847942882e+03 3.7976622675e-03
1.4851543034e+03 3.7976886975e-03
1.4854959706e+03 3.7977917239e-03
1.4858436007e+03 3.7977565078e-03
1.4861669417e+03 3.7973156402e-03
1.4865239890e+03 3.7964173319e-03
1.4868737436e+03 3.7952310908e-03
1.4872362670e+03 3.7938399728e-03
1.4875629072e+03 3.7924565319e-03
1.4879000071e+03 3.7912547369e-03
1.4882166126e+03 3.7903356633e-03
1.4885465282e+03 3.7898461234e-03
1.4888514490e+03 3.7898444245e-03
1.4891575203e+03 3.7901887867e-03
1.4894297648e+03 3.7906966545e-03
1.4897227557e+03 3.7912604643e-03
1.4900145173e+03 3.7918406122e-03
1.4903434913e+03 3.7922824160e-03
1.4906583607e+03 3.7926608518e-03
1.4909947029e+03 3.7929536771e-03
1.4913175776e+03 3.7934031028e-03
1.4916665704e+03 3.7939582894e-03
1.4920041976e+03 3.7944128325e-03
1.4923665102e+03 3.7944873350e-03
1.4927114275e+03 3.7941522898e-03
1.4930661722e+03 3.7935004837e-03
1.4933933429e+03 3.7926870595e-03
1.4937363375e+03 3.7918501048e-03
1.4940602571e+03 3.7908913434e-03
1.4944006588e+03 3.7899841131e-03
1.4947247689e+03 3.7892138091e-03
1.4950785103e+03 3.7887404005e-03
1.4954809374e+03 3.7884826297e-03
1.4959597137e+03 3.7883491619e-03
1.4964352064e+03 3.7883967497e-03
1.4969402538e+03 3.7886029969e-03
1.4974377207e+03 3.7890506671e-03
1.4979584139e+03 3.7895015901e-03
1.4984608810e+03 3.7897043307e-03
1.4989649486e+03 3.7895596058e-03
1.4994200111e+03 3.7891835061e-03
1.4998546289e+03 3.7887051864e-03
1.5002382907e+03 3.7884299654e-03
1.5006148543e+03 3.7882582458e-03
1.5009536286e+03 3.7880047369e-03
1.5012971466e+03 3.7875769324e-03
1.5016221035e+03 3.7869370665e-03
1.5019733123e+03 3.7861362815e-03
1.5023239444e+03 3.7851301097e-03
1.5027180540e+03 3.7840617199e-03
1.5031153496e+03 3.7831277719e-03
1.5035322299e+03 3.7824889125e-03
1.5039143056e+03 3.7823168472e-03
1.5043011271e+03 3.7822903883e-03
1.5046662839e+03 3.7822230502e-03
1.5050563494e+03 3.7818616288e-03
1.5054332824e+03 3.7815117534e-03
1.5058238507e+03 3.7813394251e-03
1.5061824217e+03 3.7812990631e-03
1.5065569835e+03 3.7814177808e-03
1.5069139515e+03 3.7816713662e-03
1.5072882627e+03 3.7820778527e-03
1.5076337091e+03 3.7823094541e-03
1.5079945944e+03 3.7823569374e-03
1.5083336439e+03 3.7821762320e-03
1.5086913618e+03 3.7819113439e-03
1.5090433547e+03 3.7818640268e-03
1.5094315698e+03 3.7816581828e-03
1.5097975653e+03 3.7810140980e-03
1.5101731174e+03 3.7798381467e-03
1.5105239516e+03 3.7784431442e-03
1.5108996948e+03 3.7771935025e-03
1.5112574728e+03 3.7762613246e-03
1.5116482731e+03 3.7757440199e-03
1.5120305097e+03 3.7755292734e-03
1.5124380899e+03 3.7755080472e-03
1.5128174802e+03 3.7755229080e-03
1.5131930804e+03 3.7755565242e-03
1.5135160482e+03 3.7756649401e-03
1.5138382370e+03 3.7756767996e-03
1.5141270450e+03 3.7753879586e-03
1.5144275221e+03 3.7747524283e-03
1.5147007941e+03 3.7741447244e-03
1.5150038741e+03 3.7737068165e-03
1.5152875278e+03 3.7734427575e-03
1.5155878017e+03 3.7734208318e-03
1.5158665459e+03 3.7736071067e-03
1.5161727949e+03 3.7741269070e-03
1.5164613191e+03 3.7746468851e-03
1.5167608564e+03 3.7750433975e-03
1.5170219198e+03 3.7751834713e-03
1.5172890696e+03 3.7751057896e-03
1.5175293287e+03 3.7749947074e-03
1.5177997438e+03 3.7747370066e-03
1.5180701919e+03 3.7744187183e-03
1.5183825866e+03 3.7738342852e-03
1.5186928483e+03 3.7731983297e-03
1.5190363066e+03 3.7723998236e-03
1.5193734366e+03 3.7714872186e-03
1.5197370059e+03 3.7705074590e-03
1.5200824677e+03 3.7694586083e-03
1.5204416713e+03 3.7686220045e-03
1.5207676394e+03 3.7677481672e-03
1.5210942179e+03 3.7670014307e-03
1.5214689049e+03 3.7665811040e-03
1.5218901942e+03 3.7666627338e-03
1.5222801406e+03 3.7671988104e-03
1.5226866031e+03 3.7677526155e-03
1.5230742485e+03 3.7683330930e-03
1.5234986986e+03 3.7688425484e-03
1.5239152127e+03 3.7691892158e-03
1.5243698412e+03 3.7694047212e-03
1.5248095144e+03 3.7694904986e-03
1.5252693012e+03 3.7694219106e-03
1.5256963167e+03 3.7691437723e-03
1.5261341597e+03 3.7686746776e-03
1.5265292730e+03 3.7679496692e-03
1.5269208894e+03 3.7670917420e-03
1.5272594947e+03 3.7661997981e-03
1.5276005611e+03 3.7652750882e-03
1.5279073122e+03 3.7642221958e-03
1.5282359360e+03 3.7631080474e-03
1.5285367168e+03 3.7620666920e-03
1.5288567159e+03 3.7611495875e-03
1.5291568180e+03 3.7605511153e-03
1.5294952906e+03 3.7600803661e-03
1.5298289982e+03 3.7596241232e-03
1.5302069615e+03 3.7592755423e-03
1.5305700750e+03 3.7589512007e-03
1.5309553672e+03 3.7585967284e-03
1.5313125481e+03 3.7583771505e-03
1.5317005963e+03 3.7584049305e-03
1.5320754779e+03 3.7588232973e-03
1.5324818023e+03 3.7594367079e-03
1.5328611423e+03 3.7600205339e-03
1.5332557404e+03 3.7603677785e-03
1.5336147112e+03 3.7604231730e-03
1.5339875347e+03 3.7600836803e-03
1.5343272388e+03 3.7593141397e-03
1.5346826412e+03 3.7584056781e-03
1.5350080534e+03 3.7574664374e-03
1.5353557927e+03 3.7567225557e-03
1.5356735894e+03 3.7562210032e-03
1.5360024957e+03 3.7560288376e-03
1.5362992861e+03 3.7559340628e-03
1.5366212228e+03 3.7555029514e-03
1.5369253014e+03 3.7546971752e-03
1.5372508445e+03 3.7537469861e-03
1.5375479200e+03 3.7530227906e-03
1.5378657833e+03 3.7527821844e-03
1.5381775944e+03 3.7529897765e-03
1.5385401195e+03 3.7536042638e-03
1.5389018945e+03 3.7541710554e-03
1.5392961167e+03 3.7546192616e-03
1.5396645585e+03 3.7546429434e-03
1.5400453043e+03 3.7543717949e-03
1.5403864334e+03 3.7540399214e-03
1.5407338761e+03 3.7535085323e-03
1.5410572149e+03 3.7531391114e-03
1.5414064060e+03 3.7529098806e-03
1.5417338326e+03 3.7530389518e-03
1.5420794336e+03 3.7534676342e-03
1.5424013345e+03 3.7539418836e-03
1.5427516528e+03 3.7543414476e-03
1.5430815374e+03 3.7546238490e-03
1.5434280708e+03 3.7549834844e-03
1.5437419144e+03 3.7550844045e-03
1.5440795420e+03 3.7550225342e-03
1.5444884943e+03 3.7549154684e-03
1.5449258849e+03 3.7547013511e-03
1.5453327425e+03 3.7542165752e-03
1.5457686001e+03 3.7532785577e-03
1.5461833511e+03 3.7520419517e-03
1.5466279117e+03 3.7505785545e-03
1.5470431688e+03 3.7493627701e-03
1.5474855390e+03 3.7486152013e-03
1.5479098013e+03 3.7481831252e-03
1.5483733343e+03 3.7481391387e-03
1.5488184263e+03 3.7484546352e-03
1.5492965833e+03 3.7491264594e-03
1.5497438250e+03 3.7497886600e-03
1.5502088724e+03 3.7502282568e-03
1.5506243113e+03 3.7504323760e-03
1.5510421848e+03 3.7503814014e-03
1.5514203547e+03 3.7501527031e-03
1.5518324274e+03 3.7497657887e-03
1.5522355701e+03 3.7493152612e-03
1.5526712121e+03 3.7490193323e-03
1.5530829758e+03 3.7487826976e-03
1.5535358241e+03 3.7483550344e-03
1.5539970260e+03 3.7477108449e-03
1.5545177094e+03 3.7471182165e-03
1.5550228989e+03 3.7466335130e-03
1.5555326045e+03 3.7461942076e-03
1.5559853049e+03 3.7454847442e-03
1.5564379554e+03 3.7446170415e-03
1.5568632029e+03 3.7438123237e-03
1.5573008221e+03 3.7430055275e-03
1.5576992881e+03 3.7423097121e-03
1.5581032159e+03 3.7415768961e-03
1.5584945399e+03 3.7411108979e-03
1.5589297129e+03 3.7409767907e-03
1.5593677759e+03 3.7410395823e-03
1.5598354388e+03 3.7411275103e-03
1.5602914408e+03 3.7409149023e-03
1.5607678900e+03 3.7404192973e-03
1.5612227352e+03 3.7396354588e-03
1.5616851196e+03 3.7389828806e-03
1.5621230681e+03 3.7385763390e-03
1.5625757898e+03 3.7384421191e-03
1.5630030703e+03 3.7387838923e-03
1.5635162269e+03 3.7394028909e-03
1.5640689934e+03 3.7400255985e-03
1.5646371698e+03 3.7405054900e-03
1.5651763956e+03 3.7405276721e-03
1.5657298617e+03 3.7399203503e-03
1.5662508093e+03 3.7386646632e-03
1.5667847394e+03 3.7371384975e-03
1.5672919868e+03 3.7356300360e-03
1.5678148229e+03 3.7342200874e-03
1.5683007992e+03 3.7329061643e-03
1.5687867584e+03 3.7318610641e-03
1.5692476049e+03 3.7310889462e-03
1.5697476492e+03 3.7307036567e-03
1.5702380305e+03 3.7308528681e-03
1.5707509132e+03 3.7314481690e-03
1.5712491345e+03 3.7319522208e-03
1.5717907692e+03 3.7321995017e-03
1.5723342181e+03 3.7322693452e-03
1.5729051997e+03 3.7323617697e-03
1.5734473010e+03 3.7324582730e-03
1.5739983108e+03 3.7324140426e-03
1.5745186582e+03 3.7322433541e-03
1.5750592611e+03 3.7319163023e-03
1.5755685419e+03 3.7313256558e-03
1.5760885040e+03 3.7306402390e-03
1.5765723826e+03 3.7297381313e-03
1.5770798668e+03 3.7286640804e-03
1.5775665820e+03 3.7275029097e-03
1.5780762020e+03 3.7265756304e-03
1.5785578432e+03 3.7259710241e-03
1.5790630345e+03 3.7256624748e-03
1.5795382521e+03 3.7254442598e-03
1.5800268908e+03 3.7251730445e-03
1.5804750563e+03 3.7247805427e-03
1.5810364798e+03 3.7244201796e-03
1.5816478284e+03 3.7239709084e-03
1.5822832851e+03 3.7236160985e-03
1.5828922275e+03 3.7232190885e-03
1.5835046434e+03 3.7229026449e-03
1.5840711133e+03 3.7222626776e-03
1.5846452952e+03 3.7214633455e-03
1.5851913732e+03 3.7205608141e-03
