# Momentum thickness as function of Re_theta
# Columns: Re_theta   theta
9.3118327003e+02 1.3444962238e-01
9.3118524061e+02 1.3445429222e-01
9.3127421836e+02 1.3446102490e-01
9.3129435250e+02 1.3447206158e-01
9.3142020138e+02 1.3449704214e-01
9.3150759891e+02 1.3448694328e-01
9.3160677089e+02 1.3452714396e-01
9.3181218920e+02 1.3452481357e-01
9.3185397941e+02 1.3456416176e-01
9.3216255281e+02 1.3457388752e-01
9.3219446262e+02 1.3460870228e-01
9.3249431633e+02 1.3465471926e-01
9.3267064022e+02 1.3463621240e-01
9.3285292461e+02 1.3470471242e-01
9.3325866160e+02 1.3471476447e-01
9.3326997132e+02 1.3476323514e-01
9.3374734117e+02 1.3483056532e-01
9.3395861937e+02 1.3480839567e-01
9.3425870606e+02 1.3490141641e-01
9.3478532506e+02 1.3493435160e-01
9.3488575210e+02 1.3497449061e-01
9.3533803044e+02 1.3505159669e-01
9.3594269702e+02 1.3513722507e-01
9.3623816502e+02 1.3511998312e-01
9.3672286518e+02 1.3524767910e-01
9.3752649902e+02 1.3531904174e-01
9.3767536559e+02 1.3536269296e-01
9.3834084393e+02 1.3547941122e-01
9.3914949431e+02 1.3553403585e-01
9.3921591454e+02 1.3559535274e-01
9.3994644859e+02 1.3570829013e-01
9.4074398654e+02 1.3576895255e-01
9.4088224308e+02 1.3582088302e-01
9.4153322765e+02 1.3593108477e-01
9.4228605026e+02 1.3603542637e-01
9.4267499005e+02 1.3602176075e-01
9.4298991108e+02 1.3613173256e-01
9.4363316573e+02 1.3622023786e-01
9.4423693218e+02 1.3630392875e-01
9.4458518640e+02 1.3629036265e-01
9.4483968688e+02 1.3638874951e-01
9.4545820087e+02 1.3647563011e-01
9.4606697135e+02 1.3656151905e-01
9.4659883325e+02 1.3657203535e-01
9.4665960787e+02 1.3664538025e-01
9.4725808790e+02 1.3673190638e-01
9.4788060418e+02 1.3682288928e-01
9.4851117629e+02 1.3691578085e-01
9.4870305667e+02 1.3686667042e-01
9.4912142410e+02 1.3700462274e-01
9.4970117842e+02 1.3708876448e-01
9.5024725077e+02 1.3716773982e-01
9.5076536519e+02 1.3716887117e-01
9.5086442912e+02 1.3724352557e-01
9.5126232451e+02 1.3731572931e-01
9.5182931173e+02 1.3739748572e-01
9.5246094794e+02 1.3748816680e-01
9.5306382862e+02 1.3757674728e-01
9.5364390834e+02 1.3766314824e-01
9.5422820514e+02 1.3775046330e-01
9.5483679615e+02 1.3783944778e-01
9.5548220631e+02 1.3793195434e-01
9.5615179103e+02 1.3802527324e-01
9.5681349871e+02 1.3811666790e-01
9.5742912778e+02 1.3820181799e-01
9.5800660168e+02 1.3828347001e-01
9.5855949325e+02 1.3836170847e-01
9.5908399724e+02 1.3843562479e-01
9.5958468967e+02 1.3850494318e-01
9.6007166811e+02 1.3857258212e-01
9.6055479491e+02 1.3863978518e-01
9.6103576698e+02 1.3870804653e-01
9.6151074445e+02 1.3877628338e-01
9.6198517462e+02 1.3884564449e-01
9.6245744815e+02 1.3891474369e-01
9.6290271054e+02 1.3898073972e-01
9.6329418348e+02 1.3903853179e-01
9.6363251347e+02 1.3908803441e-01
9.6392736955e+02 1.3912959636e-01
9.6420022036e+02 1.3916839031e-01
9.6448550757e+02 1.3921013595e-01
9.6480540023e+02 1.3925893475e-01
9.6516137647e+02 1.3931278488e-01
9.6552750570e+02 1.3936756389e-01
9.6586840091e+02 1.3941792457e-01
9.6615969445e+02 1.3946270149e-01
9.6641213017e+02 1.3950328700e-01
9.6664615442e+02 1.3954266893e-01
9.6686580588e+02 1.3957934564e-01
9.6707879496e+02 1.3961451162e-01
9.6730260616e+02 1.3964960822e-01
9.6753897393e+02 1.3968578582e-01
9.6778949474e+02 1.3972317980e-01
9.6805872416e+02 1.3976377202e-01
9.6834741154e+02 1.3980690671e-01
9.6864486325e+02 1.3985207617e-01
9.6894423529e+02 1.3989787531e-01
9.6925812337e+02 1.3994688355e-01
9.6958073021e+02 1.3999671270e-01
9.6987386240e+02 1.4004174137e-01
9.7012144589e+02 1.4007821820e-01
9.7033255962e+02 1.4010841186e-01
9.7053160112e+02 1.4013595862e-01
9.7072990048e+02 1.4016427489e-01
9.7092904580e+02 1.4019319251e-01
9.7113124958e+02 1.4022367462e-01
9.7133451600e+02 1.4025428082e-01
9.7155045388e+02 1.4028738929e-01
9.7179107875e+02 1.4032395982e-01
9.7203896179e+02 1.4036206059e-01
9.7229680402e+02 1.4040129866e-01
9.7257902530e+02 1.4044535228e-01
9.7288376548e+02 1.4049415440e-01
9.7317003432e+02 1.4054253232e-01
9.7342051098e+02 1.4058588436e-01
9.7364591968e+02 1.4062537011e-01
9.7383563099e+02 1.4065800446e-01
9.7398615205e+02 1.4068426653e-01
9.7412343911e+02 1.4070801947e-01
9.7428622867e+02 1.4073666385e-01
9.7450341944e+02 1.4077388098e-01
9.7475906545e+02 1.4081776773e-01
9.7501893094e+02 1.4086228079e-01
9.7526559741e+02 1.4090551399e-01
9.7550079698e+02 1.4094656315e-01
9.7572038552e+02 1.4098533851e-01
9.7591344055e+02 1.4101940467e-01
9.7608734033e+02 1.4105040456e-01
9.7625923958e+02 1.4107897157e-01
9.7643420259e+02 1.4110638138e-01
9.7662432872e+02 1.4113497343e-01
9.7683362016e+02 1.4116755396e-01
9.7707565585e+02 1.4120506471e-01
9.7735792012e+02 1.4124852032e-01
9.7767632766e+02 1.4129635138e-01
9.7800803005e+02 1.4134596272e-01
9.7834154750e+02 1.4139397285e-01
9.7867198163e+02 1.4144019862e-01
9.7895902157e+02 1.4147874974e-01
9.7917393730e+02 1.4150667742e-01
9.7933298216e+02 1.4152515618e-01
9.7977552562e+02 1.4158273240e-01
9.8036669150e+02 1.4166057194e-01
9.8093246918e+02 1.4173531013e-01
9.8148024147e+02 1.4180626237e-01
9.8198617852e+02 1.4187048641e-01
9.8244652019e+02 1.4192764718e-01
9.8288959545e+02 1.4198388783e-01
9.8330735398e+02 1.4203760731e-01
9.8369440817e+02 1.4208818779e-01
9.8406341143e+02 1.4213615801e-01
9.8442890263e+02 1.4218488351e-01
9.8479469563e+02 1.4223459555e-01
9.8512383481e+02 1.4228028743e-01
9.8539799832e+02 1.4231748123e-01
9.8563796054e+02 1.4234991476e-01
9.8586451763e+02 1.4238049820e-01
9.8638003916e+02 1.4245256265e-01
9.8698497869e+02 1.4253672176e-01
9.8753043591e+02 1.4261317449e-01
9.8800103057e+02 1.4268018826e-01
9.8842350474e+02 1.4274300316e-01
9.8881657510e+02 1.4280230805e-01
9.8919534667e+02 1.4285919525e-01
9.8957531643e+02 1.4291453808e-01
9.8997248948e+02 1.4297191224e-01
9.9040272690e+02 1.4303346935e-01
9.9087172923e+02 1.4310115842e-01
9.9136104736e+02 1.4317145832e-01
9.9185111809e+02 1.4324281607e-01
9.9234690813e+02 1.4331520481e-01
9.9287187198e+02 1.4339228208e-01
9.9341067361e+02 1.4347029853e-01
9.9391428166e+02 1.4354308022e-01
9.9435643977e+02 1.4360670045e-01
9.9475629422e+02 1.4366486037e-01
9.9513651619e+02 1.4371970885e-01
9.9549668052e+02 1.4377201829e-01
9.9582391625e+02 1.4381918917e-01
9.9612959208e+02 1.4386339613e-01
9.9643862617e+02 1.4390706282e-01
9.9676191072e+02 1.4395302321e-01
9.9709159015e+02 1.4400007144e-01
9.9742729302e+02 1.4404918837e-01
9.9779625871e+02 1.4410340872e-01
9.9821369001e+02 1.4416564712e-01
9.9866617991e+02 1.4423298865e-01
9.9912864009e+02 1.4430240472e-01
9.9958344375e+02 1.4437043877e-01
1.0000295360e+03 1.4443822017e-01
1.0004822377e+03 1.4450696252e-01
1.0009490904e+03 1.4457818749e-01
1.0014083876e+03 1.4464812054e-01
1.0018441753e+03 1.4471551719e-01
1.0022878590e+03 1.4478362719e-01
1.0027487363e+03 1.4485400188e-01
1.0032002086e+03 1.4492182595e-01
1.0036292857e+03 1.4498626020e-01
1.0040528847e+03 1.4504908338e-01
1.0044954876e+03 1.4511523921e-01
1.0049635181e+03 1.4518510451e-01
1.0054728698e+03 1.4526116843e-01
1.0060199075e+03 1.4534104793e-01
1.0065644869e+03 1.4541943428e-01
1.0070669029e+03 1.4549045141e-01
1.0075092893e+03 1.4555324799e-01
1.0079212313e+03 1.4561138078e-01
1.0083414363e+03 1.4567100281e-01
1.0087778092e+03 1.4573201412e-01
1.0092075333e+03 1.4579199135e-01
1.0096307095e+03 1.4585041616e-01
1.0103387798e+03 1.4594923783e-01
1.0110355777e+03 1.4604637856e-01
1.0116942294e+03 1.4613853822e-01
1.0123188812e+03 1.4622525636e-01
1.0129236496e+03 1.4630991973e-01
1.0135297886e+03 1.4639508299e-01
1.0141294910e+03 1.4648045932e-01
1.0147188395e+03 1.4656363681e-01
1.0153390261e+03 1.4665026346e-01
1.0160133943e+03 1.4674273133e-01
1.0167204476e+03 1.4683984186e-01
1.0174423713e+03 1.4693973527e-01
1.0181853125e+03 1.4704491000e-01
1.0189388272e+03 1.4715297045e-01
1.0196740101e+03 1.4726002169e-01
1.0203996730e+03 1.4736543597e-01
1.0211149011e+03 1.4746955557e-01
1.0217992687e+03 1.4756890603e-01
1.0224470643e+03 1.4766428757e-01
1.0230736680e+03 1.4775725774e-01
1.0236896470e+03 1.4784958493e-01
1.0242986533e+03 1.4794032357e-01
1.0248963202e+03 1.4802940322e-01
1.0254817568e+03 1.4811566888e-01
1.0260613712e+03 1.4820066388e-01
1.0266337330e+03 1.4828309270e-01
1.0272179047e+03 1.4836702354e-01
1.0278314153e+03 1.4845472265e-01
1.0284744266e+03 1.4854732858e-01
1.0291376375e+03 1.4864241738e-01
1.0298035563e+03 1.4873798063e-01
1.0304701044e+03 1.4883271713e-01
1.0310979076e+03 1.4892166515e-01
1.0316689710e+03 1.4900131315e-01
1.0321953140e+03 1.4907480256e-01
1.0330363887e+03 1.4919153393e-01
1.0339824506e+03 1.4932304098e-01
1.0349235134e+03 1.4945297076e-01
1.0358405657e+03 1.4958003349e-01
1.0367265103e+03 1.4970272496e-01
1.0375856977e+03 1.4982207308e-01
1.0384320805e+03 1.4993876308e-01
1.0392588499e+03 1.5005306746e-01
1.0400497361e+03 1.5016264274e-01
1.0408114993e+03 1.5026955452e-01
1.0415615753e+03 1.5037491766e-01
1.0422975411e+03 1.5047881511e-01
1.0429838098e+03 1.5057480296e-01
1.0436222922e+03 1.5066360058e-01
1.0442536772e+03 1.5075035606e-01
1.0444344860e+03 1.5088857942e-01
1.0444721411e+03 1.5089786100e-01
1.0445748127e+03 1.5090321217e-01
1.0446904771e+03 1.5083893933e-01
1.0448508894e+03 1.5093167032e-01
1.0448906762e+03 1.5093525605e-01
1.0450958707e+03 1.5099252803e-01
1.0452238716e+03 1.5098198551e-01
1.0455371076e+03 1.5093018917e-01
1.0456709354e+03 1.5104218469e-01
1.0456834829e+03 1.5107678562e-01
1.0461945878e+03 1.5102570845e-01
1.0462166338e+03 1.5111446046e-01
1.0463761661e+03 1.5117953884e-01
1.0468105535e+03 1.5112457016e-01
1.0468653602e+03 1.5119542529e-01
1.0471608236e+03 1.5129300008e-01
1.0474512002e+03 1.5122441543e-01
1.0475333698e+03 1.5128401319e-01
1.0479933209e+03 1.5131884414e-01
1.0481473273e+03 1.5141384618e-01
1.0481680190e+03 1.5138010529e-01
1.0487652238e+03 1.5140781913e-01
1.0488669765e+03 1.5148496452e-01
1.0489100129e+03 1.5154028149e-01
1.0493508590e+03 1.5149452418e-01
1.0496965130e+03 1.5159154605e-01
1.0497816843e+03 1.5158150345e-01
1.0499358051e+03 1.5167329402e-01
1.0504632372e+03 1.5166593939e-01
1.0505084325e+03 1.5169636434e-01
1.0507289682e+03 1.5181061535e-01
1.0511660009e+03 1.5176225717e-01
1.0511671024e+03 1.5179387279e-01
1.0516909270e+03 1.5188215325e-01
1.0517915921e+03 1.5186000427e-01
1.0518360404e+03 1.5194972521e-01
1.0523522986e+03 1.5196107267e-01
1.0524707197e+03 1.5195364076e-01
1.0526572917e+03 1.5208694547e-01
1.0528697173e+03 1.5203359725e-01
1.0530573887e+03 1.5203995678e-01
1.0533542780e+03 1.5210039435e-01
1.0535929828e+03 1.5211886517e-01
1.0536404342e+03 1.5216113875e-01
1.0537924446e+03 1.5222464742e-01
1.0540529767e+03 1.5218604134e-01
1.0541609292e+03 1.5221236966e-01
1.0544178913e+03 1.5224005393e-01
1.0544588216e+03 1.5225480982e-01
1.0546405997e+03 1.5227873839e-01
1.0546778627e+03 1.5228749195e-01
1.0546916582e+03 1.5236312414e-01
1.0548548280e+03 1.5230570025e-01
1.0548716504e+03 1.5231232236e-01
1.0549641868e+03 1.5232198211e-01
1.0549819720e+03 1.5232632506e-01
1.0550084256e+03 1.5232921863e-01
1.0556374902e+03 1.5250203583e-01
1.0566164127e+03 1.5263881536e-01
1.0575722669e+03 1.5277283514e-01
1.0585146890e+03 1.5290397544e-01
1.0594483987e+03 1.5303397205e-01
1.0603648377e+03 1.5316107498e-01
1.0612502252e+03 1.5328431292e-01
1.0620917345e+03 1.5340085500e-01
1.0628765539e+03 1.5350980722e-01
1.0635859604e+03 1.5360719281e-01
1.0642163758e+03 1.5369346411e-01
1.0647930767e+03 1.5377212524e-01
1.0657100702e+03 1.5389990043e-01
1.0665026996e+03 1.5401126717e-01
1.0672207869e+03 1.5411331436e-01
1.0679035420e+03 1.5421036239e-01
1.0685835915e+03 1.5430783523e-01
1.0692637181e+03 1.5440479486e-01
1.0699429964e+03 1.5450159796e-01
1.0706259180e+03 1.5459847128e-01
1.0713115062e+03 1.5469778594e-01
1.0719968630e+03 1.5479847128e-01
1.0726632519e+03 1.5489718611e-01
1.0732913069e+03 1.5498866872e-01
1.0738757549e+03 1.5507343445e-01
1.0744105886e+03 1.5515089033e-01
1.0748847791e+03 1.5522071207e-01
1.0752971191e+03 1.5528185458e-01
1.0756682760e+03 1.5533851702e-01
1.0760193458e+03 1.5539272789e-01
1.0763677845e+03 1.5544722748e-01
1.0767294535e+03 1.5550293570e-01
1.0771135239e+03 1.5556250863e-01
1.0775117337e+03 1.5562379535e-01
1.0779077609e+03 1.5568427999e-01
1.0782835189e+03 1.5573952634e-01
1.0786528681e+03 1.5579279040e-01
1.0790530714e+03 1.5584919877e-01
1.0794886577e+03 1.5591084346e-01
1.0799348663e+03 1.5597353146e-01
1.0803743651e+03 1.5603605224e-01
1.0807958250e+03 1.5609576687e-01
1.0811849199e+03 1.5615097522e-01
1.0815447293e+03 1.5620115634e-01
1.0818955122e+03 1.5625090874e-01
1.0822442502e+03 1.5630059232e-01
1.0825598833e+03 1.5634559239e-01
1.0828385432e+03 1.5638309854e-01
1.0830962932e+03 1.5641704382e-01
1.0833507180e+03 1.5645082695e-01
1.0836158851e+03 1.5648819479e-01
1.0838874019e+03 1.5652677632e-01
1.0841591827e+03 1.5656613428e-01
1.0844232632e+03 1.5660455247e-01
1.0846898179e+03 1.5664458615e-01
1.0849853165e+03 1.5668864413e-01
1.0853038129e+03 1.5673643134e-01
1.0856277687e+03 1.5678468797e-01
1.0859346706e+03 1.5683174829e-01
1.0862323616e+03 1.5687793997e-01
1.0866103486e+03 1.5693645890e-01
1.0869698331e+03 1.5699211921e-01
1.0872996517e+03 1.5704370810e-01
1.0875994709e+03 1.5708985177e-01
1.0879108362e+03 1.5713765058e-01
1.0882342122e+03 1.5718695614e-01
1.0885178637e+03 1.5723162328e-01
1.0887588374e+03 1.5726963816e-01
1.0889883365e+03 1.5730641781e-01
1.0892798588e+03 1.5735222461e-01
1.0895546819e+03 1.5739729157e-01
1.0898766500e+03 1.5744809487e-01
1.0902600309e+03 1.5750605375e-01
1.0907399564e+03 1.5757499485e-01
1.0912590368e+03 1.5764906888e-01
1.0918007785e+03 1.5772604470e-01
1.0923828434e+03 1.5780929830e-01
1.0930028939e+03 1.5789690767e-01
1.0936183897e+03 1.5798377126e-01
1.0942068444e+03 1.5806620346e-01
1.0947612449e+03 1.5814453705e-01
1.0952627048e+03 1.5821507264e-01
1.0957135927e+03 1.5827878000e-01
1.0961285047e+03 1.5833635662e-01
1.0965294606e+03 1.5839132816e-01
1.0969123108e+03 1.5844212924e-01
1.0972597981e+03 1.5848842751e-01
1.0976092920e+03 1.5853556472e-01
1.0980097422e+03 1.5859145817e-01
1.0984548571e+03 1.5865347309e-01
1.0988882397e+03 1.5871419978e-01
1.0992898445e+03 1.5877043577e-01
1.0997113662e+03 1.5883134198e-01
1.1001576506e+03 1.5889673431e-01
1.1006030842e+03 1.5896294794e-01
1.1010420486e+03 1.5902697502e-01
1.1014651701e+03 1.5908845333e-01
1.1018685958e+03 1.5914684200e-01
1.1022620160e+03 1.5920559771e-01
1.1026773654e+03 1.5926850898e-01
1.1031183002e+03 1.5933654098e-01
1.1035924029e+03 1.5940926473e-01
1.1041047011e+03 1.5948803082e-01
1.1046233913e+03 1.5956677830e-01
1.1051076512e+03 1.5963966100e-01
1.1055363074e+03 1.5970217044e-01
1.1059259012e+03 1.5975844907e-01
1.1063066978e+03 1.5981303113e-01
1.1066884603e+03 1.5986879170e-01
1.1070861600e+03 1.5992628421e-01
1.1074914363e+03 1.5998473109e-01
1.1078964474e+03 1.6004217953e-01
1.1082863962e+03 1.6009759259e-01
1.1086350434e+03 1.6014585577e-01
1.1089358526e+03 1.6018703254e-01
1.1092005868e+03 1.6022229116e-01
1.1097638179e+03 1.6029937807e-01
1.1104474067e+03 1.6039215948e-01
1.1111203222e+03 1.6048318826e-01
1.1117787817e+03 1.6057143118e-01
1.1124279412e+03 1.6065923736e-01
1.1130904528e+03 1.6074894948e-01
1.1137771571e+03 1.6084217489e-01
1.1144590628e+03 1.6093304962e-01
1.1150867620e+03 1.6101615035e-01
1.1156546132e+03 1.6109096570e-01
1.1162171272e+03 1.6116707293e-01
1.1167782518e+03 1.6124357115e-01
1.1172774590e+03 1.6131218616e-01
1.1176862152e+03 1.6136807135e-01
1.1180369637e+03 1.6141758654e-01
1.1183856262e+03 1.6146795416e-01
1.1187336796e+03 1.6151961493e-01
1.1190805375e+03 1.6157061679e-01
1.1194207419e+03 1.6162088254e-01
1.1197476335e+03 1.6166880449e-01
1.1200947623e+03 1.6172120392e-01
1.1205010581e+03 1.6178352857e-01
1.1209872795e+03 1.6186004368e-01
1.1215383399e+03 1.6194715292e-01
1.1221143451e+03 1.6203918296e-01
1.1226870248e+03 1.6212973113e-01
1.1232170461e+03 1.6221299756e-01
1.1236809809e+03 1.6228440568e-01
1.1240685758e+03 1.6234400083e-01
1.1244152952e+03 1.6239628203e-01
1.1247670314e+03 1.6244946510e-01
1.1251430707e+03 1.6250620178e-01
1.1255317118e+03 1.6256640121e-01
1.1259127130e+03 1.6262523836e-01
1.1262591248e+03 1.6267836958e-01
1.1265734133e+03 1.6272484580e-01
1.1268769282e+03 1.6276976550e-01
1.1271992952e+03 1.6281723233e-01
1.1275284899e+03 1.6286620979e-01
1.1278360261e+03 1.6291069645e-01
1.1281449845e+03 1.6295470494e-01
1.1284868566e+03 1.6300218008e-01
1.1288568261e+03 1.6305411850e-01
1.1292328677e+03 1.6310672516e-01
1.1296075182e+03 1.6315974590e-01
1.1302333460e+03 1.6324641161e-01
1.1308640479e+03 1.6333301691e-01
1.1314501885e+03 1.6341235092e-01
1.1319748205e+03 1.6348445245e-01
1.1324327269e+03 1.6354827818e-01
1.1328410351e+03 1.6360685281e-01
1.1332185049e+03 1.6366120857e-01
1.1335891087e+03 1.6371544812e-01
1.1339621583e+03 1.6376940410e-01
1.1343513251e+03 1.6382545595e-01
1.1347607640e+03 1.6388324223e-01
1.1351799794e+03 1.6394294470e-01
1.1356072195e+03 1.6400376132e-01
1.1360401927e+03 1.6406694175e-01
1.1364731485e+03 1.6413149556e-01
1.1368977109e+03 1.6419798058e-01
1.1373283302e+03 1.6426713200e-01
1.1377862024e+03 1.6434171948e-01
1.1382693490e+03 1.6441898283e-01
1.1387675946e+03 1.6449727930e-01
1.1392663266e+03 1.6457272905e-01
1.1397579246e+03 1.6464543723e-01
1.1402475197e+03 1.6471601872e-01
1.1407574606e+03 1.6478959554e-01
1.1412993531e+03 1.6486698630e-01
1.1418378531e+03 1.6494411088e-01
1.1423553109e+03 1.6501776454e-01
1.1428675822e+03 1.6509129035e-01
1.1433924748e+03 1.6516536326e-01
1.1439114703e+03 1.6523773103e-01
1.1443833671e+03 1.6530205585e-01
1.1447976277e+03 1.6535907713e-01
1.1451818460e+03 1.6541201316e-01
1.1455648860e+03 1.6546545503e-01
1.1459139169e+03 1.6551307576e-01
1.1461843068e+03 1.6554955886e-01
1.1464151308e+03 1.6557975649e-01
1.1466712577e+03 1.6561403231e-01
1.1469667924e+03 1.6565339176e-01
1.1472748550e+03 1.6569536893e-01
1.1476047670e+03 1.6574066512e-01
1.1479894879e+03 1.6579502648e-01
1.1484292056e+03 1.6585679261e-01
1.1488993665e+03 1.6592279665e-01
1.1493746245e+03 1.6598812968e-01
1.1498377061e+03 1.6605206893e-01
1.1504996268e+03 1.6614404128e-01
1.1511300311e+03 1.6623391188e-01
1.1517274380e+03 1.6632001573e-01
1.1522960959e+03 1.6640285249e-01
1.1528259055e+03 1.6647944671e-01
1.1532903359e+03 1.6654795245e-01
1.1536734200e+03 1.6660631485e-01
1.1539904258e+03 1.6665832275e-01
1.1542771971e+03 1.6670740593e-01
1.1545647933e+03 1.6675799096e-01
1.1548581840e+03 1.6680865353e-01
1.1551688006e+03 1.6686099040e-01
1.1555165878e+03 1.6691606000e-01
1.1559163730e+03 1.6697723138e-01
1.1563596613e+03 1.6704343444e-01
1.1568249017e+03 1.6711335304e-01
1.1572929528e+03 1.6718279511e-01
1.1577663774e+03 1.6725247196e-01
1.1582394378e+03 1.6732041532e-01
1.1586993368e+03 1.6738631274e-01
1.1591478252e+03 1.6744942939e-01
1.1595923071e+03 1.6751162123e-01
1.1600254413e+03 1.6757060975e-01
1.1604240079e+03 1.6762454629e-01
1.1607848681e+03 1.6767250220e-01
1.1611276591e+03 1.6771858514e-01
1.1614475852e+03 1.6776120784e-01
1.1617237186e+03 1.6779848165e-01
1.1619597784e+03 1.6782972423e-01
1.1622024300e+03 1.6786256412e-01
1.1624836757e+03 1.6790070729e-01
1.1627691657e+03 1.6794052222e-01
1.1630160630e+03 1.6797456182e-01
1.1632443192e+03 1.6800664015e-01
1.1635023562e+03 1.6804275319e-01
1.1637952650e+03 1.6808455122e-01
1.1640944741e+03 1.6812628349e-01
1.1643687124e+03 1.6816398241e-01
1.1646072137e+03 1.6819545980e-01
1.1648196480e+03 1.6822472530e-01
1.1650488616e+03 1.6825824636e-01
1.1653057466e+03 1.6829868044e-01
1.1655584496e+03 1.6833909028e-01
1.1657590759e+03 1.6837297726e-01
1.1659018158e+03 1.6839866626e-01
1.1660152835e+03 1.6842174774e-01
1.1661225533e+03 1.6844436509e-01
1.1662434006e+03 1.6846989067e-01
1.1663798791e+03 1.6849711204e-01
1.1665214345e+03 1.6852504590e-01
1.1666680272e+03 1.6855216763e-01
1.1668201784e+03 1.6857994705e-01
1.1669863158e+03 1.6860941533e-01
1.1671647794e+03 1.6864175564e-01
1.1673599437e+03 1.6867545834e-01
1.1675719370e+03 1.6871038113e-01
1.1677926896e+03 1.6874402453e-01
1.1680096385e+03 1.6877618977e-01
1.1682248931e+03 1.6880643024e-01
1.1684451885e+03 1.6883702922e-01
1.1686630021e+03 1.6886601896e-01
1.1688561233e+03 1.6889138718e-01
1.1690450326e+03 1.6891493455e-01
1.1692597684e+03 1.6894227902e-01
1.1695092019e+03 1.6897414298e-01
1.1697875823e+03 1.6901150174e-01
1.1700940049e+03 1.6905345752e-01
1.1704007081e+03 1.6909662063e-01
1.1706847961e+03 1.6913577328e-01
1.1709527115e+03 1.6917277581e-01
1.1713133346e+03 1.6922210199e-01
1.1719422480e+03 1.6930945208e-01
1.1725497467e+03 1.6939404060e-01
1.1731662530e+03 1.6948186189e-01
1.1738243643e+03 1.6957572700e-01
1.1745334099e+03 1.6967620660e-01
1.1752842647e+03 1.6978020868e-01
1.1760735591e+03 1.6988998402e-01
1.1769068990e+03 1.7000706158e-01
1.1777589672e+03 1.7012904494e-01
1.1786019193e+03 1.7024974240e-01
1.1794396618e+03 1.7037003147e-01
1.1802724418e+03 1.7048947685e-01
1.1810885376e+03 1.7060838628e-01
1.1818746919e+03 1.7072364993e-01
1.1826436112e+03 1.7083730258e-01
1.1833871130e+03 1.7094664104e-01
1.1840933484e+03 1.7105135732e-01
1.1847783098e+03 1.7115267561e-01
1.1854352642e+03 1.7125075432e-01
1.1860564520e+03 1.7134351825e-01
1.1866339210e+03 1.7143077183e-01
1.1871840301e+03 1.7151304824e-01
1.1877194782e+03 1.7159272454e-01
1.1882699040e+03 1.7167276303e-01
1.1888557901e+03 1.7175685735e-01
1.1894443076e+03 1.7183885709e-01
1.1899899506e+03 1.7191378279e-01
1.1904932166e+03 1.7198152528e-01
1.1909867194e+03 1.7204853503e-01
1.1914590874e+03 1.7211188413e-01
1.1918719863e+03 1.7216660127e-01
1.1922169114e+03 1.7221034271e-01
1.1925144666e+03 1.7224836155e-01
1.1927909573e+03 1.7228474068e-01
1.1930521325e+03 1.7232156289e-01
1.1932933761e+03 1.7235578337e-01
1.1935080475e+03 1.7238652297e-01
1.1937123518e+03 1.7241498520e-01
1.1939189930e+03 1.7244472791e-01
1.1941777446e+03 1.7248200858e-01
1.1945880027e+03 1.7254164573e-01
1.1949904708e+03 1.7260008137e-01
1.1953940153e+03 1.7265922658e-01
1.1958061111e+03 1.7271876742e-01
1.1962218379e+03 1.7277905336e-01
1.1966349559e+03 1.7283795254e-01
1.1970555992e+03 1.7289817433e-01
1.1974996158e+03 1.7296106136e-01
1.1979713369e+03 1.7302869639e-01
1.1984545739e+03 1.7309820795e-01
1.1989291974e+03 1.7316840801e-01
1.1993780687e+03 1.7323590689e-01
1.1997981483e+03 1.7330093250e-01
1.2002044992e+03 1.7336391328e-01
1.2006009726e+03 1.7342607885e-01
1.2009867802e+03 1.7348583436e-01
1.2013657843e+03 1.7354485541e-01
1.2017236119e+03 1.7360030940e-01
1.2020540317e+03 1.7365261366e-01
1.2023620297e+03 1.7370070238e-01
1.2026610924e+03 1.7374699130e-01
1.2029620609e+03 1.7379220873e-01
1.2032789842e+03 1.7383982202e-01
1.2036385749e+03 1.7389161784e-01
1.2040332798e+03 1.7394665108e-01
1.2044355503e+03 1.7400048458e-01
1.2048461141e+03 1.7405601948e-01
1.2052809809e+03 1.7411493101e-01
1.2057427520e+03 1.7417795746e-01
1.2062091345e+03 1.7424021063e-01
1.2066722654e+03 1.7430215826e-01
1.2071385719e+03 1.7436443380e-01
1.2075918609e+03 1.7442664853e-01
1.2080504737e+03 1.7449059207e-01
1.2085307110e+03 1.7455929567e-01
1.2090270252e+03 1.7462998841e-01
1.2095212957e+03 1.7470087431e-01
1.2100093323e+03 1.7477040646e-01
1.2104928405e+03 1.7484013612e-01
1.2109541203e+03 1.7490608007e-01
1.2113811303e+03 1.7496750242e-01
1.2117871026e+03 1.7502530874e-01
1.2121652076e+03 1.7507970465e-01
1.2125125448e+03 1.7512868773e-01
1.2128315882e+03 1.7517384634e-01
1.2131551642e+03 1.7521959429e-01
1.2135064939e+03 1.7527094120e-01
1.2138788216e+03 1.7532532125e-01
1.2142621394e+03 1.7538225690e-01
1.2146517655e+03 1.7544081664e-01
1.2150582464e+03 1.7550419632e-01
1.2154863051e+03 1.7557074486e-01
1.2159123187e+03 1.7563662256e-01
1.2163279449e+03 1.7569909578e-01
1.2167323255e+03 1.7576021081e-01
1.2171433538e+03 1.7582209545e-01
1.2175568837e+03 1.7588504088e-01
1.2179708278e+03 1.7594707472e-01
1.2183742010e+03 1.7600777743e-01
1.2187674599e+03 1.7606605164e-01
1.2191458736e+03 1.7612205540e-01
1.2195081735e+03 1.7617416541e-01
1.2200556362e+03 1.7625142790e-01
1.2206231348e+03 1.7632979660e-01
1.2211974673e+03 1.7640871587e-01
1.2217884129e+03 1.7648881836e-01
1.2224040257e+03 1.7657284644e-01
1.2230305808e+03 1.7665783721e-01
1.2236285518e+03 1.7673984082e-01
1.2241960770e+03 1.7681802417e-01
1.2247655536e+03 1.7689784982e-01
1.2253446921e+03 1.7697813985e-01
1.2258985760e+03 1.7705468800e-01
1.2263983618e+03 1.7712314652e-01
1.2268572099e+03 1.7718757359e-01
1.2272985605e+03 1.7725004112e-01
1.2277223568e+03 1.7731094232e-01
1.2281152232e+03 1.7736678616e-01
1.2284841605e+03 1.7741968620e-01
1.2288784170e+03 1.7747515265e-01
1.2293179001e+03 1.7753677404e-01
1.2297897065e+03 1.7760159680e-01
1.2302901957e+03 1.7767114104e-01
1.2308205782e+03 1.7774522561e-01
1.2313471384e+03 1.7782045363e-01
1.2318267769e+03 1.7788925961e-01
1.2322671154e+03 1.7795386179e-01
1.2326958615e+03 1.7801728917e-01
1.2331016485e+03 1.7807931093e-01
1.2334817485e+03 1.7813796724e-01
1.2338410750e+03 1.7819425352e-01
1.2341991932e+03 1.7824907395e-01
1.2345633169e+03 1.7830486080e-01
1.2349379916e+03 1.7836149370e-01
1.2353122801e+03 1.7841836218e-01
1.2356793704e+03 1.7847282716e-01
1.2360444674e+03 1.7852708992e-01
1.2364130655e+03 1.7858158210e-01
1.2367713435e+03 1.7863579208e-01
1.2371064045e+03 1.7868587736e-01
1.2374146196e+03 1.7873190497e-01
1.2377318868e+03 1.7877825053e-01
1.2380944509e+03 1.7883207317e-01
1.2384925483e+03 1.7889023724e-01
1.2388618210e+03 1.7894346167e-01
1.2391846320e+03 1.7898800480e-01
1.2395047174e+03 1.7903297750e-01
1.2398552437e+03 1.7908331884e-01
1.2402058620e+03 1.7913548863e-01
1.2405322011e+03 1.7918341508e-01
1.2408351359e+03 1.7922752988e-01
1.2411343510e+03 1.7926939681e-01
1.2416009997e+03 1.7933447250e-01
1.2420938485e+03 1.7940288061e-01
1.2425778592e+03 1.7947174338e-01
1.2430462324e+03 1.7953885676e-01
1.2435094052e+03 1.7960608661e-01
1.2439750844e+03 1.7967245304e-01
1.2444406253e+03 1.7973843116e-01
1.2449085197e+03 1.7980342658e-01
1.2453845373e+03 1.7986991408e-01
1.2458468000e+03 1.7993415629e-01
1.2462895474e+03 1.7999695026e-01
1.2467234253e+03 1.8005867035e-01
1.2471559802e+03 1.8012175752e-01
1.2475795346e+03 1.8018441785e-01
1.2479790814e+03 1.8024607606e-01
1.2483785430e+03 1.8030807438e-01
1.2488005968e+03 1.8037345895e-01
1.2492426799e+03 1.8044009490e-01
1.2496813409e+03 1.8050634367e-01
1.2501001374e+03 1.8056887605e-01
1.2505111191e+03 1.8063007660e-01
1.2509109773e+03 1.8068792201e-01
1.2513049748e+03 1.8074488552e-01
1.2517167581e+03 1.8080417779e-01
1.2521490124e+03 1.8086807385e-01
1.2525768888e+03 1.8093142900e-01
1.2529711613e+03 1.8099037982e-01
1.2533558583e+03 1.8104660374e-01
1.2537617279e+03 1.8110608443e-01
1.2541822580e+03 1.8116725792e-01
1.2545872291e+03 1.8122689528e-01
1.2549573245e+03 1.8127991557e-01
1.2552923240e+03 1.8132649837e-01
1.2556161011e+03 1.8136925348e-01
1.2559513287e+03 1.8141429769e-01
1.2563078607e+03 1.8146306162e-01
1.2566645781e+03 1.8151369068e-01
1.2570052464e+03 1.8156149014e-01
1.2573404880e+03 1.8160852214e-01
1.2576857272e+03 1.8165602916e-01
1.2580408826e+03 1.8170587512e-01
1.2584098263e+03 1.8175757508e-01
1.2587728548e+03 1.8180920460e-01
1.2591082644e+03 1.8185602285e-01
1.2593924344e+03 1.8189584046e-01
1.2596585980e+03 1.8193232489e-01
1.2599536969e+03 1.8197368301e-01
1.2602859299e+03 1.8201978078e-01
1.2606277334e+03 1.8206781866e-01
1.2609633031e+03 1.8211431520e-01
1.2612954602e+03 1.8216138399e-01
1.2616541498e+03 1.8221286587e-01
1.2620549013e+03 1.8227262214e-01
1.2625050002e+03 1.8233999788e-01
1.2629742590e+03 1.8241112211e-01
1.2634291985e+03 1.8247971641e-01
1.2638550314e+03 1.8254519923e-01
1.2642514909e+03 1.8260597918e-01
1.2646087561e+03 1.8266105599e-01
1.2650126500e+03 1.8272029779e-01
1.2654827791e+03 1.8278826412e-01
1.2659099626e+03 1.8285008126e-01
1.2662892204e+03 1.8290706725e-01
1.2666235221e+03 1.8295835098e-01
1.2669237477e+03 1.8300624703e-01
1.2672018386e+03 1.8305065228e-01
1.2674813135e+03 1.8309544867e-01
1.2677821508e+03 1.8314177348e-01
1.2681226074e+03 1.8319341028e-01
1.2685048033e+03 1.8324920201e-01
1.2689137790e+03 1.8330796552e-01
1.2693445007e+03 1.8336757216e-01
1.2697866143e+03 1.8342849122e-01
1.2702303387e+03 1.8348945782e-01
1.2706737510e+03 1.8355228492e-01
1.2711161762e+03 1.8361520787e-01
1.2715598244e+03 1.8367881926e-01
1.2719989646e+03 1.8374061730e-01
1.2724391038e+03 1.8380280900e-01
1.2728842224e+03 1.8386471304e-01
1.2733303143e+03 1.8392677445e-01
1.2737598992e+03 1.8398513652e-01
1.2741374853e+03 1.8403638497e-01
1.2744884470e+03 1.8408354497e-01
1.2748619440e+03 1.8413557914e-01
1.2752647394e+03 1.8419249389e-01
1.2756542033e+03 1.8424906360e-01
1.2760162258e+03 1.8430103180e-01
1.2763835806e+03 1.8435379951e-01
1.2767719723e+03 1.8440859168e-01
1.2771595929e+03 1.8446427826e-01
1.2775399093e+03 1.8451913102e-01
1.2779111435e+03 1.8457442875e-01
1.2782890702e+03 1.8463108052e-01
1.2786712746e+03 1.8468961176e-01
1.2790463296e+03 1.8474676453e-01
1.2794028838e+03 1.8480200548e-01
1.2797403956e+03 1.8485364809e-01
1.2800824489e+03 1.8490595443e-01
1.2804439275e+03 1.8495994218e-01
1.2808206010e+03 1.8501712242e-01
1.2812014740e+03 1.8507515590e-01
1.2815673362e+03 1.8513235959e-01
1.2819417331e+03 1.8519024220e-01
1.2823232315e+03 1.8524950032e-01
1.2826875559e+03 1.8530501205e-01
1.2830007758e+03 1.8535297434e-01
1.2832888577e+03 1.8539576904e-01
1.2836012931e+03 1.8544195345e-01
1.2839447940e+03 1.8549146734e-01
1.2843182922e+03 1.8554543222e-01
1.2847261947e+03 1.8560281436e-01
1.2851491525e+03 1.8566195966e-01
1.2855569486e+03 1.8571776062e-01
1.2859193732e+03 1.8576799472e-01
1.2862649533e+03 1.8581559999e-01
1.2866171855e+03 1.8586491162e-01
1.2869928560e+03 1.8591668828e-01
1.2873930000e+03 1.8597228066e-01
1.2878181903e+03 1.8603046356e-01
1.2882578934e+03 1.8609119158e-01
1.2887008530e+03 1.8615180592e-01
1.2891327323e+03 1.8621191159e-01
1.2895555844e+03 1.8627090140e-01
1.2899577637e+03 1.8632867623e-01
1.2904279371e+03 1.8639569259e-01
1.2909349706e+03 1.8646825804e-01
1.2914579077e+03 1.8654206429e-01
1.2919997500e+03 1.8661907971e-01
1.2925495688e+03 1.8669645535e-01
1.2931017543e+03 1.8677445027e-01
1.2936540795e+03 1.8685162336e-01
1.2942159930e+03 1.8693134314e-01
1.2948002735e+03 1.8701479938e-01
1.2953976991e+03 1.8710217189e-01
1.2960003582e+03 1.8719050527e-01
1.2966023397e+03 1.8727954804e-01
1.2972063129e+03 1.8736805422e-01
1.2978066676e+03 1.8745674045e-01
1.2983840301e+03 1.8754197481e-01
1.2989243405e+03 1.8762321728e-01
1.2994344650e+03 1.8769984151e-01
1.2999202409e+03 1.8777347601e-01
1.3003861422e+03 1.8784306678e-01
1.3008341606e+03 1.8791030900e-01
1.3012747126e+03 1.8797529274e-01
1.3017106320e+03 1.8803944892e-01
1.3021396025e+03 1.8810116726e-01
1.3025721646e+03 1.8816353208e-01
1.3030202600e+03 1.8822668263e-01
1.3034755332e+03 1.8829030778e-01
1.3039369295e+03 1.8835346907e-01
1.3044066069e+03 1.8841894003e-01
1.3048769774e+03 1.8848448609e-01
1.3053143634e+03 1.8854578182e-01
1.3057065727e+03 1.8859931482e-01
1.3060764039e+03 1.8865009904e-01
1.3064502659e+03 1.8870083902e-01
1.3068215700e+03 1.8875191443e-01
1.3071916473e+03 1.8880266524e-01
1.3075543766e+03 1.8885435606e-01
1.3079037188e+03 1.8890446956e-01
1.3082078974e+03 1.8894862039e-01
1.3084539965e+03 1.8898305446e-01
1.3086532130e+03 1.8901142049e-01
1.3088353498e+03 1.8903740189e-01
1.3090168012e+03 1.8906452967e-01
1.3092090377e+03 1.8909238398e-01
1.3094177743e+03 1.8912275872e-01
1.3096676838e+03 1.8915799922e-01
1.3099554437e+03 1.8919931994e-01
1.3102626071e+03 1.8924320060e-01
1.3105583977e+03 1.8928743621e-01
1.3108451377e+03 1.8933149086e-01
1.3111450539e+03 1.8937930939e-01
1.3114606739e+03 1.8942875188e-01
1.3117607123e+03 1.8947648714e-01
1.3120320115e+03 1.8951993326e-01
1.3122925353e+03 1.8956307277e-01
1.3125859670e+03 1.8960993758e-01
1.3129055671e+03 1.8966040028e-01
1.3132413706e+03 1.8971211245e-01
1.3135841148e+03 1.8976557555e-01
1.3139504085e+03 1.8982136741e-01
1.3143347941e+03 1.8987940585e-01
1.3147218370e+03 1.8993597282e-01
1.3151004879e+03 1.8999101969e-01
1.3154814635e+03 1.9004471038e-01
1.3158652051e+03 1.9009862085e-01
1.3162520401e+03 1.9015187157e-01
1.3166240421e+03 1.9020359564e-01
1.3171234893e+03 1.9027185501e-01
1.3176795998e+03 1.9034806982e-01
1.3182428745e+03 1.9042428013e-01
1.3188081872e+03 1.9050134830e-01
1.3193743278e+03 1.9057755496e-01
1.3199394744e+03 1.9065403696e-01
1.3204964467e+03 1.9072945745e-01
1.3210300789e+03 1.9080433819e-01
1.3215347061e+03 1.9087646934e-01
1.3220243026e+03 1.9094776951e-01
1.3225162148e+03 1.9101804861e-01
1.3230017470e+03 1.9108737554e-01
1.3234584084e+03 1.9115165115e-01
1.3238719184e+03 1.9121036019e-01
1.3242652822e+03 1.9126551481e-01
1.3246710625e+03 1.9132336842e-01
1.3251045698e+03 1.9138477650e-01
1.3255406990e+03 1.9144737767e-01
1.3259804172e+03 1.9151019137e-01
1.3264358932e+03 1.9157714917e-01
1.3269174224e+03 1.9164849043e-01
1.3274164779e+03 1.9172380125e-01
1.3279182008e+03 1.9179925278e-01
1.3284173845e+03 1.9187563831e-01
1.3289016612e+03 1.9194948402e-01
1.3293544050e+03 1.9201887702e-01
1.3298010494e+03 1.9208580468e-01
1.3302661275e+03 1.9215574115e-01
1.3307504431e+03 1.9222780537e-01
1.3312060608e+03 1.9229634445e-01
1.3316200488e+03 1.9235769962e-01
1.3320127987e+03 1.9241602805e-01
1.3323967862e+03 1.9247163103e-01
1.3327654547e+03 1.9252487137e-01
1.3331288373e+03 1.9257582424e-01
1.3335167589e+03 1.9263054312e-01
1.3339558144e+03 1.9269191948e-01
1.3344144495e+03 1.9275668520e-01
1.3348603817e+03 1.9281812510e-01
1.3352811949e+03 1.9287558590e-01
1.3356963430e+03 1.9293088553e-01
1.3361056531e+03 1.9298595819e-01
1.3365067912e+03 1.9303914748e-01
1.3368938146e+03 1.9309109034e-01
1.3372800441e+03 1.9314284392e-01
1.3376609374e+03 1.9319602379e-01
1.3380430597e+03 1.9325042548e-01
1.3384218253e+03 1.9330622048e-01
1.3388060550e+03 1.9336210116e-01
1.3391970033e+03 1.9341871659e-01
1.3395881381e+03 1.9347369943e-01
1.3399661560e+03 1.9352755901e-01
1.3403494642e+03 1.9358238140e-01
1.3407771166e+03 1.9364498785e-01
1.3412002829e+03 1.9370675259e-01
1.3416123271e+03 1.9376773518e-01
1.3420161598e+03 1.9382682049e-01
1.3424234044e+03 1.9388697464e-01
1.3428477465e+03 1.9394885540e-01
1.3432864182e+03 1.9401396738e-01
1.3437176944e+03 1.9407829676e-01
1.3441286858e+03 1.9414148506e-01
1.3445215215e+03 1.9420206230e-01
1.3449085392e+03 1.9426279139e-01
1.3453043394e+03 1.9432394311e-01
1.3457062234e+03 1.9438601877e-01
1.3461111131e+03 1.9444661432e-01
1.3465115735e+03 1.9450620018e-01
1.3469157935e+03 1.9456526688e-01
1.3473370729e+03 1.9462753188e-01
1.3477854035e+03 1.9469253204e-01
1.3482468080e+03 1.9475928161e-01
1.3487003497e+03 1.9482385192e-01
1.3491417351e+03 1.9488756409e-01
1.3495742296e+03 1.9494915978e-01
1.3499966331e+03 1.9500915530e-01
1.3504165071e+03 1.9506685253e-01
1.3508296300e+03 1.9512336057e-01
1.3512194488e+03 1.9517566774e-01
1.3515738887e+03 1.9522452582e-01
1.3519162753e+03 1.9527205887e-01
1.3522815401e+03 1.9532375235e-01
1.3527000737e+03 1.9538154541e-01
1.3531487388e+03 1.9544382168e-01
1.3535931993e+03 1.9550536830e-01
1.3540094761e+03 1.9556488617e-01
1.3544191882e+03 1.9562346115e-01
1.3548351122e+03 1.9568337055e-01
1.3552530837e+03 1.9574228178e-01
1.3556624308e+03 1.9580077123e-01
1.3560589037e+03 1.9585753408e-01
1.3564163644e+03 1.9591053882e-01
1.3567174574e+03 1.9595574307e-01
1.3569865669e+03 1.9599780335e-01
1.3572814864e+03 1.9604328994e-01
1.3576052472e+03 1.9609366220e-01
1.3579323151e+03 1.9614309341e-01
1.3582475162e+03 1.9619059726e-01
1.3585797236e+03 1.9623948488e-01
1.3589540256e+03 1.9629584352e-01
1.3593619094e+03 1.9635731978e-01
1.3597710578e+03 1.9642021719e-01
1.3601738677e+03 1.9648143213e-01
1.3605681950e+03 1.9654203663e-01
1.3609615548e+03 1.9660155465e-01
1.3613464169e+03 1.9666001440e-01
1.3617400845e+03 1.9671826777e-01
1.3621353121e+03 1.9677702714e-01
1.3625304496e+03 1.9683450453e-01
1.3629122371e+03 1.9688982955e-01
1.3632688423e+03 1.9693994170e-01
1.3635881623e+03 1.9698556366e-01
1.3638874944e+03 1.9702847127e-01
1.3641921379e+03 1.9707326993e-01
1.3645152655e+03 1.9711896422e-01
1.3648419973e+03 1.9716406514e-01
1.3651852528e+03 1.9720940402e-01
1.3655453689e+03 1.9725786487e-01
1.3659200285e+03 1.9730858397e-01
1.3662775768e+03 1.9735840270e-01
1.3666135922e+03 1.9740430726e-01
1.3669307383e+03 1.9744758628e-01
1.3672394635e+03 1.9748887285e-01
1.3675336979e+03 1.9753005389e-01
1.3678971968e+03 1.9758167349e-01
1.3683391008e+03 1.9764537746e-01
1.3687506396e+03 1.9770324433e-01
1.3691456655e+03 1.9775863543e-01
1.3695254433e+03 1.9781166526e-01
1.3698763463e+03 1.9786286422e-01
1.3702015006e+03 1.9791087831e-01
1.3705034305e+03 1.9795723325e-01
1.3707854156e+03 1.9800143428e-01
1.3710597807e+03 1.9804661085e-01
1.3713515748e+03 1.9809327437e-01
1.3716866220e+03 1.9814500434e-01
1.3720796562e+03 1.9820230097e-01
1.3725144268e+03 1.9826513911e-01
1.3729810018e+03 1.9833112919e-01
1.3734637176e+03 1.9840015315e-01
1.3739379189e+03 1.9846842092e-01
1.3743832655e+03 1.9853519233e-01
1.3748057790e+03 1.9859914876e-01
1.3752119733e+03 1.9866150450e-01
1.3756047485e+03 1.9872090187e-01
1.3759824865e+03 1.9877905693e-01
1.3763729812e+03 1.9883834098e-01
1.3767970692e+03 1.9890241203e-01
1.3772521708e+03 1.9896874073e-01
1.3777073339e+03 1.9903470897e-01
1.3781446120e+03 1.9909691990e-01
1.3785795925e+03 1.9915936213e-01
1.3790362652e+03 1.9922388120e-01
1.3795003888e+03 1.9928961532e-01
1.3799467228e+03 1.9935088862e-01
1.3803521531e+03 1.9940552620e-01
1.3807372515e+03 1.9945559172e-01
1.3811207076e+03 1.9950683907e-01
1.3815282438e+03 1.9956233306e-01
1.3819677080e+03 1.9962430719e-01
1.3824275305e+03 1.9968891423e-01
1.3828667816e+03 1.9975176738e-01
1.3832752371e+03 1.9981000757e-01
1.3836739024e+03 1.9986798681e-01
1.3840934695e+03 1.9992841354e-01
1.3845241674e+03 1.9999146618e-01
1.3849466615e+03 2.0005272946e-01
1.3853363686e+03 2.0010980552e-01
1.3857017045e+03 2.0016243281e-01
1.3860553962e+03 2.0021500337e-01
1.3864147871e+03 2.0026952738e-01
1.3867694639e+03 2.0032578968e-01
1.3871102444e+03 2.0037956622e-01
1.3874359967e+03 2.0043112561e-01
1.3877819929e+03 2.0048349070e-01
1.3881515086e+03 2.0053838396e-01
1.3885194116e+03 2.0059086108e-01
1.3888669777e+03 2.0064060799e-01
1.3892288578e+03 2.0069173204e-01
1.3896133469e+03 2.0074733053e-01
1.3900130102e+03 2.0080524189e-01
1.3904135452e+03 2.0086550017e-01
1.3908329128e+03 2.0092910044e-01
1.3912659940e+03 2.0099599918e-01
1.3916945408e+03 2.0106104039e-01
1.3920992675e+03 2.0112259240e-01
1.3924951034e+03 2.0118132198e-01
1.3928964823e+03 2.0124081230e-01
1.3933033584e+03 2.0129920030e-01
1.3936776084e+03 2.0135268546e-01
1.3940174649e+03 2.0140005118e-01
1.3943275852e+03 2.0144384292e-01
1.3946348649e+03 2.0148592499e-01
1.3949358339e+03 2.0152702284e-01
1.3952321987e+03 2.0156610284e-01
1.3955136050e+03 2.0160376343e-01
1.3957976128e+03 2.0164134900e-01
1.3960902291e+03 2.0168188269e-01
1.3964042648e+03 2.0172603962e-01
1.3967274503e+03 2.0177332022e-01
1.3970506373e+03 2.0181994762e-01
1.3973616535e+03 2.0186529644e-01
1.3977027050e+03 2.0191402760e-01
1.3981936883e+03 2.0198470843e-01
1.3986783799e+03 2.0205446292e-01
1.3991549299e+03 2.0212399914e-01
1.3996217493e+03 2.0219112121e-01
1.4000626601e+03 2.0225531688e-01
1.4004838313e+03 2.0231640239e-01
1.4008808773e+03 2.0237559652e-01
1.4012476669e+03 2.0243047198e-01
1.4015993525e+03 2.0248446243e-01
1.4019752000e+03 2.0254070972e-01
1.4023959787e+03 2.0260290719e-01
1.4028507420e+03 2.0266804655e-01
1.4033137357e+03 2.0273455878e-01
1.4037868673e+03 2.0280109989e-01
1.4042594768e+03 2.0286745622e-01
1.4047200845e+03 2.0293112074e-01
1.4051458860e+03 2.0299177236e-01
1.4055424146e+03 2.0304940096e-01
1.4059278414e+03 2.0310758896e-01
1.4063176761e+03 2.0316594344e-01
1.4067155685e+03 2.0322610841e-01
1.4071199711e+03 2.0328620114e-01
1.4075269399e+03 2.0334676515e-01
1.4079461627e+03 2.0340677976e-01
1.4083700174e+03 2.0346659258e-01
1.4088075534e+03 2.0352660537e-01
1.4092471575e+03 2.0358758609e-01
1.4096951437e+03 2.0364911973e-01
1.4101383185e+03 2.0371075152e-01
1.4105696967e+03 2.0376989268e-01
1.4109882447e+03 2.0382821518e-01
1.4114045952e+03 2.0388562254e-01
1.4118232799e+03 2.0394414698e-01
1.4122438981e+03 2.0400224903e-01
1.4126581063e+03 2.0406077869e-01
1.4130747726e+03 2.0411964575e-01
1.4134672068e+03 2.0417637752e-01
1.4138360746e+03 2.0422899276e-01
1.4141793392e+03 2.0427883202e-01
1.4145270832e+03 2.0432905849e-01
1.4148852299e+03 2.0438238224e-01
1.4152574364e+03 2.0443730795e-01
1.4156248830e+03 2.0449233387e-01
1.4159737796e+03 2.0454374678e-01
1.4163007991e+03 2.0459263121e-01
1.4166337518e+03 2.0464140019e-01
1.4169743315e+03 2.0469220378e-01
1.4173245220e+03 2.0474413915e-01
1.4176678677e+03 2.0479656830e-01
1.4180227217e+03 2.0485023248e-01
1.4183799928e+03 2.0490511209e-01
1.4187139143e+03 2.0495532167e-01
1.4189938704e+03 2.0499744183e-01
1.4192421893e+03 2.0503275508e-01
1.4195035602e+03 2.0506988357e-01
1.4198190308e+03 2.0511418004e-01
1.4201466001e+03 2.0516194047e-01
1.4204580500e+03 2.0520743726e-01
1.4207531902e+03 2.0525184979e-01
1.4210854377e+03 2.0530103599e-01
1.4214566043e+03 2.0535707475e-01
1.4218454035e+03 2.0541501511e-01
1.4222290876e+03 2.0547241728e-01
1.4226184319e+03 2.0552836052e-01
1.4230084417e+03 2.0558377485e-01
1.4233929333e+03 2.0563684818e-01
1.4237449237e+03 2.0568616264e-01
1.4240732176e+03 2.0573206517e-01
1.4243721068e+03 2.0577574950e-01
1.4248574362e+03 2.0584460911e-01
1.4253211681e+03 2.0591023379e-01
1.4257593153e+03 2.0596978770e-01
1.4261756836e+03 2.0602655004e-01
1.4265852061e+03 2.0608263283e-01
1.4270032548e+03 2.0614219496e-01
1.4274449962e+03 2.0620495716e-01
1.4278995597e+03 2.0627042044e-01
1.4283618942e+03 2.0633657012e-01
1.4288291463e+03 2.0640509319e-01
1.4293120431e+03 2.0647570761e-01
1.4298058464e+03 2.0654862950e-01
1.4303117504e+03 2.0662166186e-01
1.4308137976e+03 2.0669414411e-01
1.4313020825e+03 2.0676346127e-01
1.4317610694e+03 2.0682944776e-01
1.4322056597e+03 2.0689290107e-01
1.4326420311e+03 2.0695675190e-01
1.4330821759e+03 2.0702152091e-01
1.4335202180e+03 2.0708791781e-01
1.4339562750e+03 2.0715348457e-01
1.4343893036e+03 2.0721856375e-01
1.4348281858e+03 2.0728176959e-01
1.4352659109e+03 2.0734367044e-01
1.4357036248e+03 2.0740342404e-01
1.4361200703e+03 2.0746046348e-01
1.4365305195e+03 2.0751603148e-01
1.4369406721e+03 2.0757338730e-01
1.4373496793e+03 2.0763141478e-01
1.4377362421e+03 2.0768844538e-01
1.4381188364e+03 2.0774438788e-01
1.4385334337e+03 2.0780546133e-01
1.4389827174e+03 2.0787064304e-01
1.4394273499e+03 2.0793617112e-01
1.4398754684e+03 2.0800075436e-01
1.4403338036e+03 2.0806627210e-01
1.4407957327e+03 2.0813056375e-01
1.4412042197e+03 2.0818838452e-01
1.4415836690e+03 2.0824215523e-01
1.4419782880e+03 2.0829926196e-01
1.4424048369e+03 2.0835935499e-01
1.4428325152e+03 2.0841932480e-01
1.4432583324e+03 2.0847763756e-01
1.4436799147e+03 2.0853677852e-01
1.4440848842e+03 2.0859375557e-01
1.4444534008e+03 2.0864695477e-01
1.4448144878e+03 2.0869818729e-01
1.4451788491e+03 2.0875086197e-01
1.4455680791e+03 2.0880728010e-01
1.4459729000e+03 2.0886814513e-01
1.4463976942e+03 2.0893145941e-01
1.4468131426e+03 2.0899350580e-01
1.4472155186e+03 2.0905179199e-01
1.4476009683e+03 2.0910826790e-01
1.4479967546e+03 2.0916580027e-01
1.4483924845e+03 2.0922470739e-01
1.4487877642e+03 2.0928315794e-01
1.4491684242e+03 2.0934106135e-01
1.4495553979e+03 2.0939976081e-01
1.4499602891e+03 2.0946204604e-01
1.4503944012e+03 2.0952681291e-01
1.4508230852e+03 2.0959013637e-01
1.4512215003e+03 2.0964647125e-01
1.4515699739e+03 2.0969465285e-01
1.4519093581e+03 2.0973928105e-01
1.4522488340e+03 2.0978484510e-01
1.4526076246e+03 2.0983396622e-01
1.4529619729e+03 2.0988517661e-01
1.4533078274e+03 2.0993505090e-01
1.4538002734e+03 2.1000563175e-01
1.4543440607e+03 2.1008220162e-01
1.4548869120e+03 2.1015961096e-01
1.4554317245e+03 2.1023673202e-01
1.4559729914e+03 2.1031443176e-01
1.4565104635e+03 2.1039064491e-01
1.4570348199e+03 2.1046538324e-01
1.4575565341e+03 2.1053863517e-01
1.4580612367e+03 2.1061072016e-01
1.4585499463e+03 2.1068034988e-01
1.4590172842e+03 2.1074784846e-01
1.4594690935e+03 2.1081118895e-01
1.4598904291e+03 2.1086978386e-01
1.4602844714e+03 2.1092338922e-01
1.4606598685e+03 2.1097590790e-01
1.4610290652e+03 2.1102747441e-01
1.4613759327e+03 2.1107744578e-01
1.4617083254e+03 2.1112566276e-01
1.4620230319e+03 2.1117366194e-01
1.4623451190e+03 2.1122261817e-01
1.4626754396e+03 2.1127345234e-01
1.4630239323e+03 2.1132563801e-01
1.4633833870e+03 2.1138056504e-01
1.4637512227e+03 2.1143657196e-01
1.4641150871e+03 2.1149342310e-01
1.4644792338e+03 2.1154936544e-01
1.4648343269e+03 2.1160412683e-01
1.4651968359e+03 2.1165818022e-01
1.4655670558e+03 2.1171388211e-01
1.4659590999e+03 2.1177199574e-01
1.4663429312e+03 2.1182947470e-01
1.4667064476e+03 2.1188175608e-01
1.4670468483e+03 2.1192984663e-01
1.4673929012e+03 2.1197666105e-01
1.4677538420e+03 2.1202589839e-01
1.4681415870e+03 2.1207773888e-01
1.4685376131e+03 2.1213159684e-01
1.4689279986e+03 2.1218438134e-01
1.4692811782e+03 2.1223382687e-01
1.4696196456e+03 2.1228103525e-01
1.4699587432e+03 2.1232905154e-01
1.4703164248e+03 2.1237822251e-01
1.4706706393e+03 2.1242788204e-01
1.4710264746e+03 2.1247807933e-01
1.4713851825e+03 2.1253074779e-01
1.4717645010e+03 2.1258552879e-01
1.4721471420e+03 2.1264118718e-01
1.4725249378e+03 2.1269536566e-01
1.4728776772e+03 2.1274741680e-01
1.4732291424e+03 2.1279823094e-01
1.4735796517e+03 2.1284861876e-01
1.4739491308e+03 2.1289950153e-01
1.4743236217e+03 2.1295149307e-01
1.4747072441e+03 2.1300419262e-01
1.4750810587e+03 2.1305693769e-01
1.4754588486e+03 2.1310986849e-01
1.4758433786e+03 2.1316537588e-01
1.4762602114e+03 2.1322561858e-01
1.4767014814e+03 2.1329120770e-01
1.4771729254e+03 2.1336061397e-01
1.4776400741e+03 2.1343053451e-01
1.4780996334e+03 2.1349923420e-01
1.4785343369e+03 2.1356651120e-01
1.4789599140e+03 2.1363210273e-01
1.4793585176e+03 2.1369392639e-01
1.4797344624e+03 2.1375023406e-01
1.4800785503e+03 2.1380217902e-01
1.4804728442e+03 2.1386014385e-01
1.4808678087e+03 2.1391922704e-01
1.4812586515e+03 2.1397647572e-01
1.4816643817e+03 2.1403571717e-01
1.4821072251e+03 2.1409804977e-01
1.4825672490e+03 2.1416233838e-01
1.4830369781e+03 2.1422581976e-01
1.4834995345e+03 2.1428847822e-01
1.4839600301e+03 2.1435017099e-01
1.4844173644e+03 2.1441300527e-01
1.4848932355e+03 2.1447799511e-01
1.4853906746e+03 2.1454688082e-01
1.4859029176e+03 2.1461690343e-01
1.4864004566e+03 2.1468618388e-01
1.4868833971e+03 2.1475340704e-01
1.4873523776e+03 2.1482037489e-01
1.4878301928e+03 2.1488804241e-01
1.4883056257e+03 2.1495625028e-01
1.4887817576e+03 2.1502369782e-01
1.4892403942e+03 2.1509019756e-01
1.4896955303e+03 2.1515639934e-01
1.4901486573e+03 2.1522382614e-01
1.4906120604e+03 2.1529111943e-01
1.4910704174e+03 2.1535721313e-01
1.4915153942e+03 2.1541958320e-01
1.4919234339e+03 2.1547757726e-01
1.4923126881e+03 2.1553229667e-01
1.4926749993e+03 2.1558443427e-01
1.4930246593e+03 2.1563442673e-01
1.4933359548e+03 2.1568096500e-01
1.4936280171e+03 2.1572507585e-01
1.4939189121e+03 2.1577098684e-01
1.4942261892e+03 2.1581925979e-01
1.4945390533e+03 2.1586999465e-01
1.4948654487e+03 2.1592175567e-01
1.4952079592e+03 2.1597583395e-01
1.4955764563e+03 2.1603147850e-01
1.4959358102e+03 2.1608607501e-01
1.4962971644e+03 2.1614007035e-01
1.4966571405e+03 2.1619492766e-01
1.4970422012e+03 2.1625190623e-01
1.4974276872e+03 2.1630861627e-01
1.4978014303e+03 2.1636131519e-01
1.4981513727e+03 2.1641032552e-01
1.4985140088e+03 2.1645899036e-01
1.4989081091e+03 2.1651192844e-01
1.4993241146e+03 2.1656675290e-01
1.4997030641e+03 2.1661811705e-01
1.5000464507e+03 2.1666477954e-01
1.5003773283e+03 2.1671120884e-01
1.5007466141e+03 2.1676178066e-01
1.5011332096e+03 2.1681508965e-01
1.5015235270e+03 2.1686797828e-01
1.5018829036e+03 2.1691809102e-01
1.5022194052e+03 2.1696455095e-01
1.5025340647e+03 2.1700892438e-01
1.5028595981e+03 2.1705426845e-01
1.5031885417e+03 2.1710221883e-01
1.5035278996e+03 2.1715197165e-01
1.5039825939e+03 2.1721872122e-01
1.5044829076e+03 2.1729039392e-01
1.5049427692e+03 2.1735720641e-01
1.5053683469e+03 2.1741872351e-01
1.5057631728e+03 2.1747711763e-01
1.5061581623e+03 2.1753422287e-01
1.5065490088e+03 2.1759130702e-01
1.5069471398e+03 2.1764861785e-01
1.5073538420e+03 2.1770813970e-01
1.5077877288e+03 2.1777034182e-01
1.5082409075e+03 2.1783670025e-01
1.5087035323e+03 2.1790523835e-01
1.5091452668e+03 2.1797369671e-01
1.5095689826e+03 2.1803929799e-01
1.5099726657e+03 2.1810216069e-01
1.5103773551e+03 2.1816315214e-01
1.5107743825e+03 2.1822360201e-01
1.5111702595e+03 2.1828302251e-01
1.5115615099e+03 2.1834243792e-01
1.5119670093e+03 2.1840193527e-01
1.5123852658e+03 2.1846269791e-01
1.5128204910e+03 2.1852314155e-01
1.5132603017e+03 2.1858351450e-01
1.5137295400e+03 2.1864609285e-01
1.5142297977e+03 2.1871373827e-01
1.5147551548e+03 2.1878389973e-01
1.5152570354e+03 2.1885138068e-01
1.5157405509e+03 2.1891525943e-01
1.5162122979e+03 2.1897911432e-01
1.5166899315e+03 2.1904412667e-01
1.5171572762e+03 2.1910960602e-01
1.5176234144e+03 2.1917406749e-01
1.5180807862e+03 2.1923801512e-01
1.5185303040e+03 2.1929989023e-01
1.5189502405e+03 2.1935859167e-01
1.5193517619e+03 2.1941366746e-01
1.5197337431e+03 2.1946725780e-01
1.5201360229e+03 2.1952393458e-01
1.5205469739e+03 2.1958417581e-01
1.5209793430e+03 2.1964716766e-01
1.5214187955e+03 2.1971209812e-01
1.5218748115e+03 2.1977842973e-01
1.5223266847e+03 2.1984570329e-01
1.5227804964e+03 2.1991300227e-01
1.5232253927e+03 2.1998009034e-01
1.5236583249e+03 2.2004373690e-01
1.5240456458e+03 2.2010095211e-01
1.5244040254e+03 2.2015280908e-01
1.5247357029e+03 2.2020229197e-01
1.5250802927e+03 2.2025358057e-01
1.5254327101e+03 2.2030816760e-01
1.5258047255e+03 2.2036570684e-01
1.5261748923e+03 2.2042449474e-01
1.5265413982e+03 2.2048153435e-01
1.5268809943e+03 2.2053507597e-01
1.5272010749e+03 2.2058390387e-01
1.5274905016e+03 2.2062783623e-01
1.5277746712e+03 2.2066837790e-01
1.5280484388e+03 2.2070752059e-01
1.5283495716e+03 2.2074959742e-01
1.5286717341e+03 2.2079572706e-01
1.5290223419e+03 2.2084438981e-01
1.5293631853e+03 2.2089188153e-01
1.5296934441e+03 2.2093651391e-01
1.5300018480e+03 2.2097923843e-01
1.5303097289e+03 2.2102121633e-01
1.5306167709e+03 2.2106391932e-01
1.5309387659e+03 2.2110717966e-01
1.5312546262e+03 2.2115027887e-01
1.5315906844e+03 2.2119595062e-01
1.5319339740e+03 2.2124487619e-01
1.5322924787e+03 2.2129576178e-01
1.5326288474e+03 2.2134442750e-01
1.5329654378e+03 2.2139176230e-01
1.5334304640e+03 2.2145756577e-01
1.5339703450e+03 2.2153310906e-01
1.5344973653e+03 2.2160859387e-01
1.5350121050e+03 2.2168213102e-01
1.5354806915e+03 2.2175107714e-01
1.5359099499e+03 2.2181459793e-01
1.5363031222e+03 2.2187474557e-01
1.5366888668e+03 2.2193296354e-01
1.5370585859e+03 2.2198975662e-01
1.5374392728e+03 2.2204706568e-01
1.5378270923e+03 2.2210591933e-01
1.5382382801e+03 2.2216609265e-01
1.5386580726e+03 2.2222782163e-01
1.5390843874e+03 2.2229001844e-01
1.5395061138e+03 2.2235359498e-01
1.5399346295e+03 2.2241763442e-01
1.5403558866e+03 2.2248175491e-01
1.5407795221e+03 2.2254564266e-01
1.5411821036e+03 2.2260783777e-01
1.5415889026e+03 2.2266842978e-01
1.5420060596e+03 2.2272855717e-01
1.5424541921e+03 2.2278927171e-01
1.5429011021e+03 2.2285002077e-01
1.5433405268e+03 2.2290979916e-01
1.5437745504e+03 2.2297117288e-01
1.5442268417e+03 2.2303467786e-01
1.5446880943e+03 2.2310018774e-01
1.5451547244e+03 2.2316495844e-01
1.5455959658e+03 2.2322687154e-01
1.5460500439e+03 2.2328973352e-01
1.5465190297e+03 2.2335599880e-01
1.5470259572e+03 2.2342618428e-01
1.5475317106e+03 2.2349585410e-01
1.5480306311e+03 2.2356238401e-01
1.5485140205e+03 2.2362788095e-01
1.5489839726e+03 2.2369176411e-01
1.5494134262e+03 2.2375227720e-01
1.5498170156e+03 2.2380894107e-01
1.5502001431e+03 2.2386407788e-01
1.5506090988e+03 2.2392211592e-01
1.5510274195e+03 2.2398286629e-01
1.5514642898e+03 2.2404561068e-01
1.5518835827e+03 2.2410720415e-01
1.5522912213e+03 2.2416646244e-01
1.5526884762e+03 2.2422586325e-01
1.5531066117e+03 2.2428794507e-01
1.5535234641e+03 2.2435131149e-01
1.5539205366e+03 2.2441091677e-01
1.5542673659e+03 2.2446438310e-01
1.5546135328e+03 2.2451666592e-01
1.5549547841e+03 2.2456907136e-01
1.5552935180e+03 2.2461999810e-01
1.5555904173e+03 2.2466613850e-01
1.5558864011e+03 2.2471101842e-01
1.5561974836e+03 2.2475851473e-01
1.5565374071e+03 2.2480860842e-01
1.5568680002e+03 2.2485843986e-01
1.5571874119e+03 2.2490550900e-01
1.5574742161e+03 2.2494801325e-01
1.5577451076e+03 2.2498588407e-01
1.5579821113e+03 2.2501912529e-01
1.5582158492e+03 2.2505064309e-01
1.5584444383e+03 2.2508280310e-01
1.5587095885e+03 2.2512002433e-01
1.5589905232e+03 2.2516158513e-01
1.5592890161e+03 2.2520519112e-01
1.5595786131e+03 2.2524863905e-01
1.5598849232e+03 2.2529329141e-01
1.5602000077e+03 2.2533989649e-01
1.5605383891e+03 2.2538783974e-01
1.5608621702e+03 2.2543350513e-01
1.5611880835e+03 2.2547760993e-01
1.5615096928e+03 2.2552212300e-01
1.5618534043e+03 2.2556907797e-01
1.5621829419e+03 2.2561550826e-01
1.5625077843e+03 2.2566099034e-01
1.5628116448e+03 2.2570557456e-01
1.5632318780e+03 2.2576575192e-01
1.5636654963e+03 2.2582888576e-01
1.5640944387e+03 2.2589021377e-01
1.5644947786e+03 2.2594876509e-01
1.5648851041e+03 2.2600531153e-01
1.5652586769e+03 2.2606058933e-01
1.5656329180e+03 2.2611470039e-01
1.5659826567e+03 2.2616676903e-01
1.5663149103e+03 2.2621665916e-01
1.5666277076e+03 2.2626609031e-01
1.5669512520e+03 2.2631612815e-01
1.5672770188e+03 2.2636662835e-01
1.5676163143e+03 2.2641728926e-01
1.5679476352e+03 2.2646822648e-01
1.5682884874e+03 2.2652031897e-01
1.5686226139e+03 2.2657248250e-01
1.5689732247e+03 2.2662450123e-01
1.5693302010e+03 2.2667660641e-01
1.5696994173e+03 2.2672852345e-01
1.5700640470e+03 2.2678108636e-01
1.5704493357e+03 2.2683580750e-01
1.5708470826e+03 2.2689277902e-01
1.5712661132e+03 2.2695073868e-01
1.5716760090e+03 2.2700815000e-01
1.5720938333e+03 2.2706632984e-01
1.5725040280e+03 2.2712573846e-01
1.5729301303e+03 2.2718742976e-01
1.5733657829e+03 2.2725208612e-01
1.5738210047e+03 2.2731840021e-01
1.5742695383e+03 2.2738406498e-01
1.5747136727e+03 2.2744686431e-01
1.5751221558e+03 2.2750473193e-01
1.5755180113e+03 2.2755940128e-01
1.5759015700e+03 2.2761329493e-01
1.5763090133e+03 2.2766912683e-01
1.5767130406e+03 2.2772509892e-01
1.5771174206e+03 2.2777994270e-01
1.5775002648e+03 2.2783322414e-01
1.5778789866e+03 2.2788586465e-01
1.5782469715e+03 2.2793938871e-01
1.5786390190e+03 2.2799625778e-01
1.5790443363e+03 2.2805609349e-01
1.5794851220e+03 2.2811910654e-01
1.5799357012e+03 2.2818419584e-01
1.5804154184e+03 2.2825317408e-01
1.5808850364e+03 2.2832325709e-01
1.5813492303e+03 2.2839218799e-01
1.5817891539e+03 2.2845836912e-01
1.5822291146e+03 2.2852282523e-01
1.5826527039e+03 2.2858583572e-01
1.5830809151e+03 2.2864864440e-01
1.5835105783e+03 2.2871303691e-01
1.5839584189e+03 2.2877891527e-01
1.5843835063e+03 2.2884206555e-01
1.5848038346e+03 2.2890233834e-01
1.5851959340e+03 2.2895862771e-01
1.5855768899e+03 2.2901183369e-01
1.5859183612e+03 2.2906076139e-01
1.5862520406e+03 2.2910781089e-01
1.5865793500e+03 2.2915488572e-01
1.5869318389e+03 2.2920384529e-01
1.5872935682e+03 2.2925476244e-01
1.5876618661e+03 2.2930585268e-01
1.5879831364e+03 2.2935245844e-01
1.5882744638e+03 2.2939455563e-01
1.5885370058e+03 2.2943350717e-01
1.5888211659e+03 2.2947369876e-01
1.5891081492e+03 2.2951511197e-01
1.5894194432e+03 2.2955926614e-01
1.5897428540e+03 2.2960664094e-01
1.5901003466e+03 2.2965755171e-01
1.5904578546e+03 2.2970880785e-01
1.5908201887e+03 2.2975864544e-01
1.5911605387e+03 2.2980556899e-01
1.5915092058e+03 2.2985211644e-01
1.5918414868e+03 2.2989770964e-01
1.5921785015e+03 2.2994377719e-01
1.5925759775e+03 2.3000045562e-01
1.5930393649e+03 2.3006663404e-01
1.5934640972e+03 2.3012987337e-01
1.5938809088e+03 2.3019136470e-01
1.5942877040e+03 2.3025225048e-01
1.5947052814e+03 2.3031362506e-01
1.5951106377e+03 2.3037529263e-01
1.5955265187e+03 2.3043830110e-01
1.5959329840e+03 2.3050098910e-01
1.5963530814e+03 2.3056338391e-01
1.5967697465e+03 2.3062521319e-01
1.5971971335e+03 2.3068709817e-01
1.5976149143e+03 2.3074902111e-01
1.5980338875e+03 2.3081017287e-01
1.5984353434e+03 2.3086952067e-01
1.5988362150e+03 2.3092688435e-01
1.5992135854e+03 2.3098140010e-01
1.5995882028e+03 2.3103432614e-01
1.5999339944e+03 2.3108480370e-01
1.6002781193e+03 2.3113452726e-01
1.6006030902e+03 2.3118259361e-01
1.6009365473e+03 2.3123001490e-01
1.6012759585e+03 2.3127868182e-01
1.6016540187e+03 2.3133151285e-01
1.6020505218e+03 2.3138810783e-01
1.6024700696e+03 2.3144667195e-01
1.6028810423e+03 2.3150466163e-01
1.6033015557e+03 2.3156234418e-01
1.6037082972e+03 2.3161909326e-01
1.6041352669e+03 2.3167813660e-01
1.6045632673e+03 2.3173952347e-01
1.6050103593e+03 2.3180339513e-01
1.6054552876e+03 2.3186817613e-01
1.6059289664e+03 2.3193502057e-01
1.6063978657e+03 2.3200102275e-01
1.6068505300e+03 2.3206255310e-01
1.6072593077e+03 2.3211875795e-01
1.6076727968e+03 2.3217528721e-01
1.6080796270e+03 2.3223340375e-01
1.6084910685e+03 2.3229222035e-01
1.6088730982e+03 2.3234860807e-01
1.6092658614e+03 2.3240576437e-01
1.6096577750e+03 2.3246452631e-01
1.6100745924e+03 2.3252627660e-01
1.6104813165e+03 2.3258803012e-01
1.6109040060e+03 2.3265109516e-01
1.6113397619e+03 2.3271758391e-01
1.6118059777e+03 2.3278735983e-01
1.6122497737e+03 2.3285407758e-01
1.6126747278e+03 2.3291507380e-01
1.6130697990e+03 2.3297151223e-01
1.6134802812e+03 2.3302873710e-01
1.6138783147e+03 2.3308584948e-01
1.6142839920e+03 2.3314332339e-01
1.6146610571e+03 2.3319797671e-01
1.6150336338e+03 2.3325094217e-01
1.6153832615e+03 2.3330223448e-01
1.6157434279e+03 2.3335434987e-01
1.6160931579e+03 2.3340630549e-01
1.6164422384e+03 2.3345685040e-01
1.6167611901e+03 2.3350403066e-01
1.6170972393e+03 2.3355207539e-01
1.6174432623e+03 2.3360213704e-01
1.6178197290e+03 2.3365479300e-01
1.6181694955e+03 2.3370441506e-01
1.6185137526e+03 2.3375178014e-01
1.6188360959e+03 2.3379697270e-01
1.6191723550e+03 2.3384282200e-01
1.6195062034e+03 2.3388970146e-01
1.6198728442e+03 2.3394081753e-01
1.6202508035e+03 2.3399586462e-01
1.6206664144e+03 2.3405586732e-01
1.6210792249e+03 2.3411616746e-01
1.6214987986e+03 2.3417452633e-01
1.6219504293e+03 2.3423658087e-01
1.6224668190e+03 2.3430634443e-01
1.6229277324e+03 2.3437179128e-01
1.6233674562e+03 2.3443581369e-01
1.6237801979e+03 2.3449825827e-01
1.6242014994e+03 2.3456006631e-01
1.6246101582e+03 2.3462039400e-01
1.6250292588e+03 2.3468116407e-01
1.6254388659e+03 2.3474281090e-01
1.6258686599e+03 2.3480745540e-01
1.6262961403e+03 2.3487361038e-01
1.6267388965e+03 2.3494038989e-01
1.6271744699e+03 2.3500631513e-01
1.6276301590e+03 2.3507279404e-01
1.6280757362e+03 2.3513799683e-01
1.6285307633e+03 2.3520233185e-01
1.6289708743e+03 2.3526478507e-01
1.6294271060e+03 2.3532793839e-01
1.6298657891e+03 2.3539020027e-01
1.6302973127e+03 2.3545139010e-01
1.6306884489e+03 2.3550925710e-01
1.6310633653e+03 2.3556442410e-01
1.6314040796e+03 2.3561600664e-01
1.6317471697e+03 2.3566618811e-01
1.6320873288e+03 2.3571668684e-01
1.6324500624e+03 2.3576935643e-01
1.6328011313e+03 2.3582183652e-01
1.6331701426e+03 2.3587509072e-01
1.6335384703e+03 2.3592798347e-01
1.6339273660e+03 2.3598128477e-01
1.6342958042e+03 2.3603225266e-01
1.6346723916e+03 2.3608302330e-01
1.6350422524e+03 2.3613395113e-01
1.6354217200e+03 2.3618514051e-01
1.6357681423e+03 2.3623367719e-01
1.6361062733e+03 2.3628137101e-01
1.6364289191e+03 2.3632933575e-01
1.6367673855e+03 2.3637839853e-01
1.6370899676e+03 2.3642573501e-01
1.6374272592e+03 2.3647394429e-01
1.6377549367e+03 2.3652301465e-01
1.6381067781e+03 2.3657556147e-01
1.6384565858e+03 2.3662980595e-01
1.6388274113e+03 2.3668593250e-01
1.6391778550e+03 2.3674009947e-01
1.6395124873e+03 2.3679063774e-01
1.6398059981e+03 2.3683669929e-01
1.6401137736e+03 2.3688373258e-01
1.6404310346e+03 2.3693342243e-01
1.6407828026e+03 2.3698708219e-01
1.6411245769e+03 2.3704071081e-01
1.6415040409e+03 2.3709774905e-01
1.6419075924e+03 2.3715782922e-01
1.6423483816e+03 2.3722020414e-01
1.6427675245e+03 2.3727940534e-01
1.6431694597e+03 2.3733419886e-01
1.6435215854e+03 2.3738325290e-01
1.6438636022e+03 2.3743085154e-01
1.6441922984e+03 2.3747961742e-01
1.6445539505e+03 2.3753321576e-01
1.6449079679e+03 2.3758711358e-01
1.6452760255e+03 2.3764099223e-01
1.6456198548e+03 2.3769211650e-01
1.6459590105e+03 2.3774156933e-01
1.6462549600e+03 2.3778670652e-01
1.6465316493e+03 2.3782796716e-01
1.6467775888e+03 2.3786533104e-01
1.6470539393e+03 2.3790436355e-01
1.6473402485e+03 2.3794448658e-01
1.6476430502e+03 2.3798446269e-01
1.6479007413e+03 2.3801864302e-01
1.6481556189e+03 2.3805111476e-01
1.6484053023e+03 2.3808444933e-01
1.6486928486e+03 2.3812257886e-01
1.6489932055e+03 2.3816489115e-01
1.6493385444e+03 2.3821372686e-01
1.6496947883e+03 2.3826648881e-01
1.6500773752e+03 2.3832226300e-01
1.6504457308e+03 2.3837746323e-01
1.6508275293e+03 2.3843364283e-01
1.6511793246e+03 2.3848731709e-01
1.6515200915e+03 2.3853869123e-01
1.6518308051e+03 2.3858752440e-01
1.6521665810e+03 2.3863886605e-01
1.6525096276e+03 2.3869219407e-01
1.6528807192e+03 2.3874758013e-01
1.6532463585e+03 2.3880321289e-01
1.6536539269e+03 2.3886422806e-01
1.6540675240e+03 2.3892794588e-01
1.6544859026e+03 2.3899009381e-01
1.6548527024e+03 2.3904387155e-01
1.6552047533e+03 2.3909235067e-01
1.6555303278e+03 2.3913779760e-01
1.6558623588e+03 2.3918302674e-01
1.6561719076e+03 2.3922639552e-01
1.6564940881e+03 2.3927054090e-01
1.6567875909e+03 2.3931282679e-01
1.6571696727e+03 2.3936729275e-01
1.6575263087e+03 2.3942050389e-01
1.6578638178e+03 2.3947037260e-01
1.6581624933e+03 2.3951602653e-01
1.6584688690e+03 2.3956121404e-01
1.6587657764e+03 2.3960624707e-01
1.6590838025e+03 2.3965325655e-01
1.6594004471e+03 2.3970145605e-01
1.6597654685e+03 2.3975428518e-01
1.6601524827e+03 2.3980952764e-01
1.6605757959e+03 2.3986693276e-01
1.6609872131e+03 2.3992319623e-01
1.6614231363e+03 2.3998141456e-01
1.6618611139e+03 2.4004077065e-01
1.6623143543e+03 2.4010073642e-01
1.6627332396e+03 2.4015757930e-01
1.6631422976e+03 2.4021296925e-01
1.6635226138e+03 2.4026728396e-01
1.6639146673e+03 2.4032389064e-01
1.6642795044e+03 2.4037960486e-01
1.6646480842e+03 2.4043559719e-01
1.6649700213e+03 2.4048669191e-01
1.6652715757e+03 2.4053394961e-01
1.6655343973e+03 2.4057749172e-01
1.6658127138e+03 2.4062201495e-01
1.6660940083e+03 2.4066748477e-01
1.6664160802e+03 2.4071626823e-01
1.6667507891e+03 2.4076749886e-01
1.6671318093e+03 2.4082405973e-01
1.6675151990e+03 2.4088227547e-01
1.6679271909e+03 2.4094259980e-01
1.6683272532e+03 2.4100127513e-01
1.6687531236e+03 2.4106090263e-01
1.6691753157e+03 2.4112007883e-01
1.6696193909e+03 2.4118032911e-01
1.6700393537e+03 2.4123841997e-01
1.6704646397e+03 2.4129639522e-01
1.6708729833e+03 2.4135406174e-01
1.6713047691e+03 2.4141490455e-01
1.6717089904e+03 2.4147439771e-01
1.6721102179e+03 2.4153277005e-01
1.6724851889e+03 2.4158849539e-01
1.6728799720e+03 2.4164533476e-01
1.6732524726e+03 2.4170060338e-01
1.6736283990e+03 2.4175576135e-01
1.6739755128e+03 2.4180829569e-01
1.6743182841e+03 2.4185806224e-01
1.6746127916e+03 2.4190113245e-01
1.6749137510e+03 2.4194299138e-01
1.6752093595e+03 2.4198476924e-01
1.6755256759e+03 2.4202716819e-01
1.6758151109e+03 2.4206600571e-01
1.6761260305e+03 2.4210599736e-01
1.6764476900e+03 2.4214898701e-01
1.6768075107e+03 2.4219662579e-01
1.6771473759e+03 2.4224359877e-01
1.6775048855e+03 2.4229278106e-01
1.6778564064e+03 2.4234364448e-01
1.6782447099e+03 2.4239985029e-01
1.6786290219e+03 2.4245857816e-01
1.6790392993e+03 2.4252111468e-01
1.6794355327e+03 2.4258349115e-01
1.6798493180e+03 2.4264660133e-01
1.6802440055e+03 2.4270773220e-01
1.6806603651e+03 2.4276987919e-01
1.6810698382e+03 2.4283122500e-01
1.6815283758e+03 2.4289662577e-01
1.6819979988e+03 2.4296396406e-01
1.6825073233e+03 2.4303570398e-01
1.6830025617e+03 2.4310729430e-01
1.6835117330e+03 2.4317922226e-01
1.6839842899e+03 2.4324627506e-01
1.6844499260e+03 2.4331003480e-01
1.6848802979e+03 2.4336992890e-01
1.6853118676e+03 2.4342898576e-01
1.6856949080e+03 2.4348325395e-01
1.6860690037e+03 2.4353587505e-01
1.6864061579e+03 2.4358576782e-01
1.6867519246e+03 2.4363626510e-01
1.6870562297e+03 2.4368205048e-01
1.6873661471e+03 2.4372627241e-01
1.6877458928e+03 2.4378047642e-01
1.6881813922e+03 2.4384130422e-01
1.6886262590e+03 2.4390555131e-01
1.6891123483e+03 2.4397443805e-01
1.6895924070e+03 2.4404315376e-01
1.6900972588e+03 2.4411320929e-01
1.6905873368e+03 2.4418221222e-01
1.6911011665e+03 2.4425315610e-01
1.6915993417e+03 2.4432284305e-01
1.6921303923e+03 2.4439493454e-01
1.6926578507e+03 2.4446701353e-01
1.6932027847e+03 2.4453994348e-01
1.6937135957e+03 2.4461002305e-01
1.6942116334e+03 2.4467806535e-01
1.6946557868e+03 2.4474098216e-01
1.6951003235e+03 2.4480360768e-01
1.6955255063e+03 2.4486614342e-01
1.6959791746e+03 2.4493288352e-01
1.6964119445e+03 2.4499937946e-01
1.6968587732e+03 2.4506726872e-01
1.6972853456e+03 2.4513393322e-01
1.6977270951e+03 2.4520122073e-01
1.6981455739e+03 2.4526585718e-01
1.6985792031e+03 2.4532990729e-01
1.6990001684e+03 2.4539185671e-01
1.6994488253e+03 2.4545486606e-01
1.6998811554e+03 2.4551610983e-01
1.7003462608e+03 2.4558023105e-01
1.7007997225e+03 2.4564372621e-01
1.7012711811e+03 2.4570796827e-01
1.7017026900e+03 2.4576803380e-01
1.7021290848e+03 2.4582691856e-01
1.7025255770e+03 2.4588398982e-01
1.7029397717e+03 2.4594234296e-01
1.7033343500e+03 2.4599881517e-01
1.7037357458e+03 2.4605489525e-01
1.7041071926e+03 2.4610892028e-01
1.7045169750e+03 2.4616706756e-01
1.7049221759e+03 2.4622465486e-01
1.7053456210e+03 2.4628209606e-01
1.7057266617e+03 2.4633532896e-01
1.7061147903e+03 2.4638977896e-01
1.7064760961e+03 2.4644292564e-01
1.7068526337e+03 2.4649681794e-01
1.7072009961e+03 2.4654794716e-01
1.7075501530e+03 2.4659797619e-01
1.7078603060e+03 2.4664399908e-01
1.7081963610e+03 2.4669161641e-01
1.7085345179e+03 2.4673984131e-01
1.7089178918e+03 2.4679221335e-01
1.7092853316e+03 2.4684373688e-01
1.7096755878e+03 2.4689772007e-01
1.7100483565e+03 2.4695141012e-01
1.7104499794e+03 2.4700818297e-01
1.7108375945e+03 2.4706473784e-01
1.7112513555e+03 2.4712432350e-01
1.7116418645e+03 2.4718315166e-01
1.7120415578e+03 2.4724253810e-01
1.7124096239e+03 2.4729886838e-01
1.7127962461e+03 2.4735624426e-01
1.7131608870e+03 2.4741196295e-01
1.7135452258e+03 2.4746868631e-01
1.7139141363e+03 2.4752349784e-01
1.7143211634e+03 2.4758082692e-01
1.7147875032e+03 2.4764675181e-01
1.7153430766e+03 2.4772330235e-01
1.7158946272e+03 2.4780082514e-01
1.7164796350e+03 2.4788184668e-01
1.7170552402e+03 2.4796321535e-01
1.7176570073e+03 2.4804697282e-01
1.7182375631e+03 2.4812922533e-01
1.7188197966e+03 2.4821027289e-01
1.7193456249e+03 2.4828480686e-01
1.7198475319e+03 2.4835470269e-01
1.7202899800e+03 2.4841801775e-01
1.7207248830e+03 2.4847871138e-01
1.7211186595e+03 2.4853426708e-01
1.7215203228e+03 2.4858866820e-01
1.7219004706e+03 2.4864151169e-01
1.7223083413e+03 2.4869761768e-01
1.7227132350e+03 2.4875551176e-01
1.7231669921e+03 2.4881919251e-01
1.7236235856e+03 2.4888500888e-01
1.7241013745e+03 2.4895282249e-01
1.7245381312e+03 2.4901666467e-01
1.7249816407e+03 2.4907961254e-01
1.7254030298e+03 2.4913998501e-01
1.7258548092e+03 2.4920262413e-01
1.7262900774e+03 2.4926489559e-01
1.7267373349e+03 2.4932866581e-01
1.7271452218e+03 2.4938931633e-01
1.7275717156e+03 2.4945115364e-01
1.7279802135e+03 2.4951126747e-01
1.7284101477e+03 2.4957248919e-01
1.7288057738e+03 2.4963070080e-01
1.7292168827e+03 2.4969041033e-01
1.7296017938e+03 2.4974818091e-01
1.7300099708e+03 2.4980714639e-01
1.7304139397e+03 2.4986608576e-01
1.7308602601e+03 2.4992923611e-01
1.7312800735e+03 2.4999037431e-01
1.7317106339e+03 2.5005159998e-01
1.7321143801e+03 2.5010995127e-01
1.7325484118e+03 2.5017053833e-01
1.7329609503e+03 2.5022986821e-01
1.7334084506e+03 2.5029373368e-01
1.7338433489e+03 2.5035825218e-01
1.7343072182e+03 2.5042550955e-01
1.7347394673e+03 2.5048949997e-01
1.7351681741e+03 2.5055127916e-01
1.7355365104e+03 2.5060589686e-01
1.7359054063e+03 2.5065863860e-01
1.7362385723e+03 2.5070687380e-01
1.7365890476e+03 2.5075478317e-01
1.7369113754e+03 2.5079914185e-01
1.7372692020e+03 2.5084662075e-01
1.7376036364e+03 2.5089262587e-01
1.7379548255e+03 2.5094032922e-01
1.7382786654e+03 2.5098649405e-01
1.7386322570e+03 2.5103603976e-01
1.7389632430e+03 2.5108459959e-01
1.7393045445e+03 2.5113399769e-01
1.7395994021e+03 2.5117905898e-01
1.7399010241e+03 2.5122371469e-01
1.7401730161e+03 2.5126523613e-01
1.7404811041e+03 2.5130991819e-01
1.7407885753e+03 2.5135621898e-01
1.7411416225e+03 2.5140837571e-01
1.7414889991e+03 2.5146229071e-01
1.7418736295e+03 2.5152038577e-01
1.7422524020e+03 2.5157872270e-01
1.7426652639e+03 2.5163927754e-01
1.7430608362e+03 2.5169770756e-01
1.7434754290e+03 2.5175628475e-01
1.7438535976e+03 2.5181054004e-01
1.7442329660e+03 2.5186322233e-01
1.7446684447e+03 2.5192483080e-01
1.7451575551e+03 2.5199240464e-01
1.7456095327e+03 2.5205653624e-01
1.7460789641e+03 2.5212215361e-01
1.7465249817e+03 2.5218648467e-01
1.7470144272e+03 2.5225505808e-01
1.7474962926e+03 2.5232346106e-01
1.7480214017e+03 2.5239669537e-01
1.7485247643e+03 2.5246987643e-01
1.7490475653e+03 2.5254554845e-01
1.7495326138e+03 2.5261738471e-01
1.7500331777e+03 2.5268888081e-01
1.7504862703e+03 2.5275454989e-01
1.7509359079e+03 2.5281802779e-01
1.7513255202e+03 2.5287416322e-01
1.7517224232e+03 2.5292839531e-01
1.7520842026e+03 2.5297769253e-01
1.7524735359e+03 2.5302861324e-01
1.7528293166e+03 2.5307675510e-01
1.7532048980e+03 2.5312697877e-01
1.7535547937e+03 2.5317600804e-01
1.7539462429e+03 2.5323030363e-01
1.7543286326e+03 2.5328600287e-01
1.7547588754e+03 2.5334800469e-01
1.7551692587e+03 2.5340958545e-01
1.7556041822e+03 2.5347347402e-01
1.7560068537e+03 2.5353425426e-01
1.7564474006e+03 2.5359816741e-01
1.7568742946e+03 2.5366119655e-01
1.7573376259e+03 2.5372788127e-01
1.7577681187e+03 2.5379206885e-01
1.7582151328e+03 2.5385750339e-01
1.7586199714e+03 2.5391889024e-01
1.7590408020e+03 2.5398109613e-01
1.7594248823e+03 2.5403911120e-01
1.7598320019e+03 2.5409724177e-01
1.7602102608e+03 2.5415080322e-01
1.7606190678e+03 2.5420553030e-01
1.7609941714e+03 2.5425659854e-01
1.7613800447e+03 2.5430829904e-01
1.7617252118e+03 2.5435683081e-01
1.7620976142e+03 2.5440823708e-01
1.7624496303e+03 2.5445807674e-01
1.7628279656e+03 2.5450963252e-01
1.7631736301e+03 2.5455796369e-01
1.7635412581e+03 2.5460865583e-01
1.7638983128e+03 2.5466054675e-01
1.7643110493e+03 2.5471979001e-01
1.7647215823e+03 2.5478061971e-01
1.7651683573e+03 2.5484549575e-01
1.7655837173e+03 2.5490797093e-01
1.7660128538e+03 2.5497111142e-01
1.7663981771e+03 2.5502886607e-01
1.7667945790e+03 2.5508551355e-01
1.7671670773e+03 2.5513888791e-01
1.7675738005e+03 2.5519417101e-01
1.7679591420e+03 2.5524654835e-01
1.7683671577e+03 2.5530011171e-01
1.7687463637e+03 2.5535158184e-01
1.7691543682e+03 2.5540710023e-01
1.7695333263e+03 2.5546184534e-01
1.7699265624e+03 2.5551890098e-01
1.7702793956e+03 2.5557257783e-01
1.7706603885e+03 2.5562856780e-01
1.7711266711e+03 2.5569670746e-01
1.7716265598e+03 2.5576790328e-01
1.7720896570e+03 2.5583586133e-01
1.7725846967e+03 2.5590744353e-01
1.7730553463e+03 2.5597701666e-01
1.7735623742e+03 2.5604966052e-01
1.7740369887e+03 2.5611867584e-01
1.7745436195e+03 2.5619056601e-01
1.7750290792e+03 2.5626096858e-01
1.7755617066e+03 2.5633599968e-01
1.7760771609e+03 2.5640860626e-01
1.7766368660e+03 2.5648396203e-01
1.7771639756e+03 2.5655505396e-01
1.7777111330e+03 2.5662767626e-01
1.7781974811e+03 2.5669425512e-01
1.7786846502e+03 2.5676016123e-01
1.7791252174e+03 2.5682105072e-01
1.7796055867e+03 2.5688585067e-01
1.7800743245e+03 2.5695073162e-01
1.7805789888e+03 2.5701979268e-01
1.7810536628e+03 2.5708682992e-01
1.7815741202e+03 2.5715948558e-01
1.7821013621e+03 2.5723544414e-01
1.7826943487e+03 2.5732024652e-01
1.7832665932e+03 2.5740448836e-01
1.7838443998e+03 2.5748809109e-01
1.7843581794e+03 2.5756351229e-01
1.7848748287e+03 2.5763703903e-01
1.7853612572e+03 2.5770714683e-01
1.7858653148e+03 2.5777720654e-01
1.7863278489e+03 2.5784153330e-01
1.7867997314e+03 2.5790476059e-01
1.7872562799e+03 2.5796740360e-01
1.7877615200e+03 2.5803614636e-01
1.7882670984e+03 2.5810726462e-01
1.7888041949e+03 2.5818240447e-01
1.7893240078e+03 2.5825767494e-01
1.7898661323e+03 2.5833518687e-01
1.7903839914e+03 2.5841029309e-01
1.7909129841e+03 2.5848483915e-01
1.7914141227e+03 2.5855666682e-01
1.7919307667e+03 2.5862990083e-01
1.7924167214e+03 2.5870056516e-01
1.7930033159e+03 2.5878338921e-01
1.7936383927e+03 2.5887327720e-01
1.7942924369e+03 2.5896422316e-01
1.7949139683e+03 2.5905160312e-01
1.7955532769e+03 2.5913979053e-01
1.7961574380e+03 2.5922346106e-01
1.7967795111e+03 2.5930737057e-01
1.7973733074e+03 2.5938768416e-01
1.7979860290e+03 2.5946908593e-01
1.7985564211e+03 2.5954573214e-01
1.7991264277e+03 2.5962116907e-01
1.7996675282e+03 2.5969368555e-01
1.8002532097e+03 2.5977133427e-01
1.8008265600e+03 2.5984883282e-01
1.8014232689e+03 2.5992927105e-01
1.8020001111e+03 2.6000916375e-01
1.8026241789e+03 2.6009544100e-01
1.8032486909e+03 2.6018355716e-01
1.8039031258e+03 2.6027527969e-01
1.8045222352e+03 2.6036394734e-01
1.8051485676e+03 2.6045340737e-01
1.8057385258e+03 2.6053927702e-01
1.8063527592e+03 2.6062697446e-01
1.8069344913e+03 2.6071008147e-01
1.8075309341e+03 2.6079324762e-01
1.8080873138e+03 2.6087150128e-01
1.8086711450e+03 2.6095237827e-01
1.8092321489e+03 2.6103089713e-01
1.8098194146e+03 2.6111197435e-01
1.8103736184e+03 2.6118985961e-01
1.8109530514e+03 2.6127078381e-01
1.8114974262e+03 2.6134815544e-01
1.8120568493e+03 2.6142663905e-01
1.8125703321e+03 2.6149956136e-01
1.8132160625e+03 2.6158915660e-01
1.8139207308e+03 2.6168758922e-01
1.8146518745e+03 2.6178906490e-01
1.8153522710e+03 2.6188744411e-01
1.8160568508e+03 2.6198522242e-01
1.8167093272e+03 2.6207654438e-01
1.8173711154e+03 2.6216795114e-01
1.8180013461e+03 2.6225577994e-01
