# Rotated two-point auto-correlation R_11^R (mean-aligned) — case DNS_re250_mr04_11 (MR04), y^+ = 15
# Definition: R_{ij}^R is computed by rotating (x,z) into the local mean-flow frame.
# Columns: delta_z_plus    R
0.0000000000e+00 1.0000000000e+00
3.6272469754e+00 9.6899440264e-01
7.2544939508e+00 8.8584845285e-01
1.0881740926e+01 7.7158660474e-01
1.4508987902e+01 6.4537025882e-01
1.8136234877e+01 5.2006394104e-01
2.1763481852e+01 4.0325097079e-01
2.5390728828e+01 2.9892981506e-01
2.9017975803e+01 2.0881187969e-01
3.2645222779e+01 1.3315115366e-01
3.6272469754e+01 7.1268698809e-02
3.9899716729e+01 2.1935269985e-02
4.3526963705e+01 -1.6344118234e-02
4.7154210680e+01 -4.5128843634e-02
5.0781457656e+01 -6.5930735066e-02
5.4408704631e+01 -8.0162394145e-02
5.8035951606e+01 -8.9096564531e-02
6.1663198582e+01 -9.3854742085e-02
6.5290445557e+01 -9.5434646828e-02
6.8917692533e+01 -9.4720405450e-02
7.2544939508e+01 -9.2462064371e-02
7.6172186483e+01 -8.9248795879e-02
7.9799433459e+01 -8.5500975479e-02
8.3426680434e+01 -8.1511391546e-02
8.7053927409e+01 -7.7498185300e-02
9.0681174385e+01 -7.3604945099e-02
9.4308421360e+01 -6.9890299300e-02
9.7935668336e+01 -6.6355231276e-02
1.0156291531e+02 -6.2974407331e-02
1.0519016229e+02 -5.9714988181e-02
1.0881740926e+02 -5.6547204196e-02
1.1244465624e+02 -5.3451930436e-02
1.1607190321e+02 -5.0444218798e-02
1.1969915019e+02 -4.7587669570e-02
1.2332639716e+02 -4.4966478288e-02
1.2695364414e+02 -4.2665613836e-02
1.3058089111e+02 -4.0771508992e-02
1.3420813809e+02 -3.9338794522e-02
1.3783538507e+02 -3.8350763356e-02
1.4146263204e+02 -3.7739987268e-02
1.4508987902e+02 -3.7431898198e-02
1.4871712599e+02 -3.7366098271e-02
1.5234437297e+02 -3.7503311671e-02
1.5597161994e+02 -3.7795243257e-02
1.5959886692e+02 -3.8150465985e-02
1.6322611389e+02 -3.8474058724e-02
1.6685336087e+02 -3.8726632956e-02
1.7048060784e+02 -3.8900199253e-02
1.7410785482e+02 -3.8946256997e-02
1.7773510179e+02 -3.8762403923e-02
1.8136234877e+02 -3.8257288455e-02
1.8498959575e+02 -3.7439593659e-02
1.8861684272e+02 -3.6450607668e-02
1.9224408970e+02 -3.5488739444e-02
1.9587133667e+02 -3.4694221865e-02
1.9949858365e+02 -3.4108226489e-02
2.0312583062e+02 -3.3707606191e-02
2.0675307760e+02 -3.3437811264e-02
2.1038032457e+02 -3.3215630206e-02
2.1400757155e+02 -3.2936407472e-02
2.1763481852e+02 -3.2491970134e-02
2.2126206550e+02 -3.1781628482e-02
2.2488931247e+02 -3.0733647954e-02
2.2851655945e+02 -2.9340425685e-02
2.3214380643e+02 -2.7666330308e-02
2.3577105340e+02 -2.5817567835e-02
2.3939830038e+02 -2.3892158754e-02
2.4302554735e+02 -2.1938043091e-02
2.4665279433e+02 -1.9966728801e-02
2.5028004130e+02 -1.8009166133e-02
2.5390728828e+02 -1.6139376520e-02
2.5753453525e+02 -1.4445398456e-02
2.6116178223e+02 -1.2997727080e-02
2.6478902920e+02 -1.1854098425e-02
2.6841627618e+02 -1.1068455486e-02
2.7204352315e+02 -1.0664987976e-02
2.7567077013e+02 -1.0617816477e-02
2.7929801711e+02 -1.0873249313e-02
2.8292526408e+02 -1.1379751109e-02
2.8655251106e+02 -1.2096757792e-02
2.9017975803e+02 -1.2974441790e-02
2.9380700501e+02 -1.3924716333e-02
2.9743425198e+02 -1.4817830802e-02
3.0106149896e+02 -1.5516459923e-02
3.0468874593e+02 -1.5928218024e-02
3.0831599291e+02 -1.6023469697e-02
3.1194323988e+02 -1.5802408316e-02
3.1557048686e+02 -1.5264884422e-02
3.1919773383e+02 -1.4413722227e-02
3.2282498081e+02 -1.3264510256e-02
3.2645222779e+02 -1.1850738371e-02
3.3007947476e+02 -1.0241575561e-02
3.3370672174e+02 -8.5506468315e-03
3.3733396871e+02 -6.9032010353e-03
3.4096121569e+02 -5.3900878831e-03
3.4458846266e+02 -4.0604986830e-03
3.4821570964e+02 -2.9606624304e-03
3.5184295661e+02 -2.1594554560e-03
3.5547020359e+02 -1.7150165517e-03
3.5909745056e+02 -1.6365223383e-03
3.6272469754e+02 -1.8949256141e-03
3.6635194451e+02 -2.4492037575e-03
3.6997919149e+02 -3.2571371469e-03
3.7360643847e+02 -4.2588143261e-03
3.7723368544e+02 -5.3385659625e-03
3.8086093242e+02 -6.3155600562e-03
3.8448817939e+02 -6.9937486001e-03
3.8811542637e+02 -7.2367940957e-03
3.9174267334e+02 -7.0039941907e-03
3.9536992032e+02 -6.3253691082e-03
3.9899716729e+02 -5.2570081389e-03
4.0262441427e+02 -3.8680617089e-03
4.0625166124e+02 -2.2509787700e-03
4.0987890822e+02 -5.2725385714e-04
4.1350615520e+02 1.1550366415e-03
4.1713340217e+02 2.6410561888e-03
4.2076064915e+02 3.8035828612e-03
4.2438789612e+02 4.5789542538e-03
4.2801514310e+02 4.9953425607e-03
4.3164239007e+02 5.1577416917e-03
4.3526963705e+02 5.1879361906e-03
4.3889688402e+02 5.1656556170e-03
4.4252413100e+02 5.1116550256e-03
4.4615137797e+02 5.0210275685e-03
4.4977862495e+02 4.9032015579e-03
4.5340587192e+02 4.7764673728e-03
4.5703311890e+02 4.6418277375e-03
4.6066036588e+02 4.4825683581e-03
4.6428761285e+02 4.2792561595e-03
4.6791485983e+02 4.0192978015e-03
4.7154210680e+02 3.7066541836e-03
4.7516935378e+02 3.3743366828e-03
4.7879660075e+02 3.0918679863e-03
4.8242384773e+02 2.9546977661e-03
4.8605109470e+02 3.0496103080e-03
4.8967834168e+02 3.4065554666e-03
4.9330558865e+02 3.9740581599e-03
4.9693283563e+02 4.6504326082e-03
5.0056008260e+02 5.3367072058e-03
5.0418732958e+02 5.9689049741e-03
5.0781457656e+02 6.5267046202e-03
5.1144182353e+02 7.0116111975e-03
5.1506907051e+02 7.4082726570e-03
5.1869631748e+02 7.6742284444e-03
5.2232356446e+02 7.7684761658e-03
5.2595081143e+02 7.6872473699e-03
5.2957805841e+02 7.4742098917e-03
5.3320530538e+02 7.1921453380e-03
5.3683255236e+02 6.8879113694e-03
5.4045979933e+02 6.5916701177e-03
5.4408704631e+02 6.3309721103e-03
5.4771429328e+02 6.1304079856e-03
5.5134154026e+02 6.0004411788e-03
5.5496878724e+02 5.9248826885e-03
5.5859603421e+02 5.8636321260e-03
5.6222328119e+02 5.7784448032e-03
5.6585052816e+02 5.6588556462e-03
5.6947777514e+02 5.5290873376e-03
5.7310502211e+02 5.4323356620e-03
5.7673226909e+02 5.3852339649e-03
5.8035951606e+02 5.3348174856e-03
5.8398676304e+02 5.1798610031e-03
5.8761401001e+02 4.8359948743e-03
5.9124125699e+02 4.2710215741e-03
5.9486850396e+02 3.5012041403e-03
5.9849575094e+02 2.5797124555e-03
6.0212299792e+02 1.5738018619e-03
6.0575024489e+02 5.3775205204e-04
6.0937749187e+02 -4.9294373575e-04
6.1300473884e+02 -1.5078265239e-03
6.1663198582e+02 -2.5445891296e-03
6.2025923279e+02 -3.6875228904e-03
6.2388647977e+02 -5.0112560479e-03
6.2751372674e+02 -6.5184272374e-03
6.3114097372e+02 -8.1229327391e-03
6.3476822069e+02 -9.6704349439e-03
6.3839546767e+02 -1.0983992620e-02
6.4202271465e+02 -1.1915448601e-02
6.4564996162e+02 -1.2375027993e-02
6.4927720860e+02 -1.2341334475e-02
6.5290445557e+02 -1.1850129659e-02
6.5653170255e+02 -1.0961426533e-02
6.6015894952e+02 -9.7346911767e-03
6.6378619650e+02 -8.2221570948e-03
6.6741344347e+02 -6.4799963807e-03
6.7104069045e+02 -4.6102847418e-03
6.7466793742e+02 -2.7736499393e-03
6.7829518440e+02 -1.1249931928e-03
6.8192243137e+02 2.3582735275e-04
6.8554967835e+02 1.2405025158e-03
6.8917692533e+02 1.8371891176e-03
6.9280417230e+02 2.0195314509e-03
6.9643141928e+02 1.8248803622e-03
7.0005866625e+02 1.3030028385e-03
7.0368591323e+02 5.2981927671e-04
7.0731316020e+02 -3.6395467110e-04
7.1094040718e+02 -1.2360935207e-03
7.1456765415e+02 -2.0117675452e-03
7.1819490113e+02 -2.6806547080e-03
7.2182214810e+02 -3.2145287992e-03
7.2544939508e+02 -3.5296801967e-03
7.2907664205e+02 -3.5391413481e-03
7.3270388903e+02 -3.2070283048e-03
7.3633113601e+02 -2.5447364282e-03
7.3995838298e+02 -1.5865084189e-03
7.4358562996e+02 -3.8404892821e-04
7.4721287693e+02 9.7540160044e-04
7.5084012391e+02 2.3570209436e-03
7.5446737088e+02 3.6113479410e-03
7.5809461786e+02 4.6141339181e-03
7.6172186483e+02 5.2735771039e-03
7.6534911181e+02 5.5422642931e-03
7.6897635878e+02 5.4483299342e-03
7.7260360576e+02 5.0999214672e-03
7.7623085273e+02 4.6364066471e-03
7.7985809971e+02 4.1636543446e-03
7.8348534669e+02 3.7279007944e-03
7.8711259366e+02 3.3281954191e-03
7.9073984064e+02 2.9469800717e-03
7.9436708761e+02 2.5788558562e-03
7.9799433459e+02 2.2277337822e-03
8.0162158156e+02 1.8841191242e-03
8.0524882854e+02 1.5293350716e-03
8.0887607551e+02 1.1675891856e-03
8.1250332249e+02 8.3950735495e-04
8.1613056946e+02 5.9259717448e-04
8.1975781644e+02 4.5068816748e-04
8.2338506341e+02 4.1574019061e-04
8.2701231039e+02 4.7370878158e-04
8.3063955737e+02 5.8505600616e-04
8.3426680434e+02 6.9169409996e-04
8.3789405132e+02 7.4812969608e-04
8.4152129829e+02 7.3470886953e-04
8.4514854527e+02 6.4572800973e-04
8.4877579224e+02 4.8032187537e-04
8.5240303922e+02 2.4185298283e-04
8.5603028619e+02 -5.8180272187e-05
8.5965753317e+02 -3.8450487329e-04
8.6328478014e+02 -6.7010048388e-04
8.6691202712e+02 -8.5208463312e-04
8.7053927409e+02 -9.2213805246e-04
8.7416652107e+02 -9.3824818078e-04
8.7779376805e+02 -9.9949363125e-04
8.8142101502e+02 -1.2039154122e-03
8.8504826200e+02 -1.5991604442e-03
8.8867550897e+02 -2.1548903756e-03
8.9230275595e+02 -2.7816610615e-03
8.9593000292e+02 -3.3731720647e-03
8.9955724990e+02 -3.8355106919e-03
9.0318449687e+02 -4.1004821998e-03
9.0681174385e+02 -4.1347984338e-03
9.1043899082e+02 -3.9555037129e-03
9.1406623780e+02 -3.6428404829e-03
9.1769348478e+02 -3.3101185423e-03
9.2132073175e+02 -3.0416722021e-03
9.2494797873e+02 -2.8717430687e-03
9.2857522570e+02 -2.8130863218e-03
9.3220247268e+02 -2.8717430687e-03
9.3582971965e+02 -3.0416722021e-03
9.3945696663e+02 -3.3101185423e-03
9.4308421360e+02 -3.6428404829e-03
9.4671146058e+02 -3.9555037129e-03
9.5033870755e+02 -4.1347984338e-03
9.5396595453e+02 -4.1004821998e-03
9.5759320150e+02 -3.8355106919e-03
9.6122044848e+02 -3.3731720647e-03
9.6484769546e+02 -2.7816610615e-03
9.6847494243e+02 -2.1548903756e-03
9.7210218941e+02 -1.5991604442e-03
9.7572943638e+02 -1.2039154122e-03
9.7935668336e+02 -9.9949363125e-04
9.8298393033e+02 -9.3824818078e-04
9.8661117731e+02 -9.2213805246e-04
9.9023842428e+02 -8.5208463312e-04
9.9386567126e+02 -6.7010048388e-04
9.9749291823e+02 -3.8450487329e-04
1.0011201652e+03 -5.8180272187e-05
1.0047474122e+03 2.4185298283e-04
1.0083746592e+03 4.8032187537e-04
1.0120019061e+03 6.4572800973e-04
1.0156291531e+03 7.3470886953e-04
1.0192564001e+03 7.4812969608e-04
1.0228836471e+03 6.9169409996e-04
1.0265108940e+03 5.8505600616e-04
1.0301381410e+03 4.7370878158e-04
1.0337653880e+03 4.1574019061e-04
1.0373926350e+03 4.5068816748e-04
1.0410198819e+03 5.9259717448e-04
1.0446471289e+03 8.3950735495e-04
1.0482743759e+03 1.1675891856e-03
1.0519016229e+03 1.5293350716e-03
1.0555288698e+03 1.8841191242e-03
1.0591561168e+03 2.2277337822e-03
1.0627833638e+03 2.5788558562e-03
1.0664106108e+03 2.9469800717e-03
1.0700378577e+03 3.3281954191e-03
1.0736651047e+03 3.7279007944e-03
1.0772923517e+03 4.1636543446e-03
1.0809195987e+03 4.6364066471e-03
1.0845468456e+03 5.0999214672e-03
1.0881740926e+03 5.4483299342e-03
1.0918013396e+03 5.5422642931e-03
1.0954285866e+03 5.2735771039e-03
1.0990558335e+03 4.6141339181e-03
1.1026830805e+03 3.6113479410e-03
1.1063103275e+03 2.3570209436e-03
1.1099375745e+03 9.7540160044e-04
1.1135648214e+03 -3.8404892821e-04
1.1171920684e+03 -1.5865084189e-03
1.1208193154e+03 -2.5447364282e-03
1.1244465624e+03 -3.2070283048e-03
1.1280738093e+03 -3.5391413481e-03
1.1317010563e+03 -3.5296801967e-03
1.1353283033e+03 -3.2145287992e-03
1.1389555503e+03 -2.6806547080e-03
1.1425827972e+03 -2.0117675452e-03
1.1462100442e+03 -1.2360935207e-03
1.1498372912e+03 -3.6395467110e-04
1.1534645382e+03 5.2981927671e-04
1.1570917852e+03 1.3030028385e-03
1.1607190321e+03 1.8248803622e-03
1.1643462791e+03 2.0195314509e-03
1.1679735261e+03 1.8371891176e-03
1.1716007731e+03 1.2405025158e-03
1.1752280200e+03 2.3582735275e-04
1.1788552670e+03 -1.1249931928e-03
1.1824825140e+03 -2.7736499393e-03
1.1861097610e+03 -4.6102847418e-03
1.1897370079e+03 -6.4799963807e-03
1.1933642549e+03 -8.2221570948e-03
1.1969915019e+03 -9.7346911767e-03
1.2006187489e+03 -1.0961426533e-02
1.2042459958e+03 -1.1850129659e-02
1.2078732428e+03 -1.2341334475e-02
1.2115004898e+03 -1.2375027993e-02
1.2151277368e+03 -1.1915448601e-02
1.2187549837e+03 -1.0983992620e-02
1.2223822307e+03 -9.6704349439e-03
1.2260094777e+03 -8.1229327391e-03
1.2296367247e+03 -6.5184272374e-03
1.2332639716e+03 -5.0112560479e-03
1.2368912186e+03 -3.6875228904e-03
1.2405184656e+03 -2.5445891296e-03
1.2441457126e+03 -1.5078265239e-03
1.2477729595e+03 -4.9294373575e-04
1.2514002065e+03 5.3775205204e-04
1.2550274535e+03 1.5738018619e-03
1.2586547005e+03 2.5797124555e-03
1.2622819474e+03 3.5012041403e-03
1.2659091944e+03 4.2710215741e-03
1.2695364414e+03 4.8359948743e-03
1.2731636884e+03 5.1798610031e-03
1.2767909353e+03 5.3348174856e-03
1.2804181823e+03 5.3852339649e-03
1.2840454293e+03 5.4323356620e-03
1.2876726763e+03 5.5290873376e-03
1.2912999232e+03 5.6588556462e-03
1.2949271702e+03 5.7784448032e-03
1.2985544172e+03 5.8636321260e-03
1.3021816642e+03 5.9248826885e-03
1.3058089111e+03 6.0004411788e-03
1.3094361581e+03 6.1304079856e-03
1.3130634051e+03 6.3309721103e-03
1.3166906521e+03 6.5916701177e-03
1.3203178990e+03 6.8879113694e-03
1.3239451460e+03 7.1921453380e-03
1.3275723930e+03 7.4742098917e-03
1.3311996400e+03 7.6872473699e-03
1.3348268869e+03 7.7684761658e-03
1.3384541339e+03 7.6742284444e-03
1.3420813809e+03 7.4082726570e-03
1.3457086279e+03 7.0116111975e-03
1.3493358748e+03 6.5267046202e-03
1.3529631218e+03 5.9689049741e-03
1.3565903688e+03 5.3367072058e-03
1.3602176158e+03 4.6504326082e-03
1.3638448627e+03 3.9740581599e-03
1.3674721097e+03 3.4065554666e-03
1.3710993567e+03 3.0496103080e-03
1.3747266037e+03 2.9546977661e-03
1.3783538507e+03 3.0918679863e-03
1.3819810976e+03 3.3743366828e-03
1.3856083446e+03 3.7066541836e-03
1.3892355916e+03 4.0192978015e-03
1.3928628386e+03 4.2792561595e-03
1.3964900855e+03 4.4825683581e-03
1.4001173325e+03 4.6418277375e-03
1.4037445795e+03 4.7764673728e-03
1.4073718265e+03 4.9032015579e-03
1.4109990734e+03 5.0210275685e-03
1.4146263204e+03 5.1116550256e-03
1.4182535674e+03 5.1656556170e-03
1.4218808144e+03 5.1879361906e-03
1.4255080613e+03 5.1577416917e-03
1.4291353083e+03 4.9953425607e-03
1.4327625553e+03 4.5789542538e-03
1.4363898023e+03 3.8035828612e-03
1.4400170492e+03 2.6410561888e-03
1.4436442962e+03 1.1550366415e-03
1.4472715432e+03 -5.2725385714e-04
1.4508987902e+03 -2.2509787700e-03
1.4545260371e+03 -3.8680617089e-03
1.4581532841e+03 -5.2570081389e-03
1.4617805311e+03 -6.3253691082e-03
1.4654077781e+03 -7.0039941907e-03
1.4690350250e+03 -7.2367940957e-03
1.4726622720e+03 -6.9937486001e-03
1.4762895190e+03 -6.3155600562e-03
1.4799167660e+03 -5.3385659625e-03
1.4835440129e+03 -4.2588143261e-03
1.4871712599e+03 -3.2571371469e-03
1.4907985069e+03 -2.4492037575e-03
1.4944257539e+03 -1.8949256141e-03
1.4980530008e+03 -1.6365223383e-03
1.5016802478e+03 -1.7150165517e-03
1.5053074948e+03 -2.1594554560e-03
1.5089347418e+03 -2.9606624304e-03
1.5125619887e+03 -4.0604986830e-03
1.5161892357e+03 -5.3900878831e-03
1.5198164827e+03 -6.9032010353e-03
1.5234437297e+03 -8.5506468315e-03
1.5270709766e+03 -1.0241575561e-02
1.5306982236e+03 -1.1850738371e-02
1.5343254706e+03 -1.3264510256e-02
1.5379527176e+03 -1.4413722227e-02
1.5415799645e+03 -1.5264884422e-02
1.5452072115e+03 -1.5802408316e-02
1.5488344585e+03 -1.6023469697e-02
1.5524617055e+03 -1.5928218024e-02
1.5560889524e+03 -1.5516459923e-02
1.5597161994e+03 -1.4817830802e-02
1.5633434464e+03 -1.3924716333e-02
1.5669706934e+03 -1.2974441790e-02
1.5705979403e+03 -1.2096757792e-02
1.5742251873e+03 -1.1379751109e-02
1.5778524343e+03 -1.0873249313e-02
1.5814796813e+03 -1.0617816477e-02
1.5851069282e+03 -1.0664987976e-02
1.5887341752e+03 -1.1068455486e-02
1.5923614222e+03 -1.1854098425e-02
1.5959886692e+03 -1.2997727080e-02
1.5996159161e+03 -1.4445398456e-02
1.6032431631e+03 -1.6139376520e-02
1.6068704101e+03 -1.8009166133e-02
1.6104976571e+03 -1.9966728801e-02
1.6141249041e+03 -2.1938043091e-02
1.6177521510e+03 -2.3892158754e-02
1.6213793980e+03 -2.5817567835e-02
1.6250066450e+03 -2.7666330308e-02
1.6286338920e+03 -2.9340425685e-02
1.6322611389e+03 -3.0733647954e-02
1.6358883859e+03 -3.1781628482e-02
1.6395156329e+03 -3.2491970134e-02
1.6431428799e+03 -3.2936407472e-02
1.6467701268e+03 -3.3215630206e-02
1.6503973738e+03 -3.3437811264e-02
1.6540246208e+03 -3.3707606191e-02
1.6576518678e+03 -3.4108226489e-02
1.6612791147e+03 -3.4694221865e-02
1.6649063617e+03 -3.5488739444e-02
1.6685336087e+03 -3.6450607668e-02
1.6721608557e+03 -3.7439593659e-02
1.6757881026e+03 -3.8257288455e-02
1.6794153496e+03 -3.8762403923e-02
1.6830425966e+03 -3.8946256997e-02
1.6866698436e+03 -3.8900199253e-02
1.6902970905e+03 -3.8726632956e-02
1.6939243375e+03 -3.8474058724e-02
1.6975515845e+03 -3.8150465985e-02
1.7011788315e+03 -3.7795243257e-02
1.7048060784e+03 -3.7503311671e-02
1.7084333254e+03 -3.7366098271e-02
1.7120605724e+03 -3.7431898198e-02
1.7156878194e+03 -3.7739987268e-02
1.7193150663e+03 -3.8350763356e-02
1.7229423133e+03 -3.9338794522e-02
1.7265695603e+03 -4.0771508992e-02
1.7301968073e+03 -4.2665613836e-02
1.7338240542e+03 -4.4966478288e-02
1.7374513012e+03 -4.7587669570e-02
1.7410785482e+03 -5.0444218798e-02
1.7447057952e+03 -5.3451930436e-02
1.7483330421e+03 -5.6547204196e-02
1.7519602891e+03 -5.9714988181e-02
1.7555875361e+03 -6.2974407331e-02
1.7592147831e+03 -6.6355231276e-02
1.7628420300e+03 -6.9890299300e-02
1.7664692770e+03 -7.3604945099e-02
1.7700965240e+03 -7.7498185300e-02
1.7737237710e+03 -8.1511391546e-02
1.7773510179e+03 -8.5500975479e-02
1.7809782649e+03 -8.9248795879e-02
1.7846055119e+03 -9.2462064371e-02
1.7882327589e+03 -9.4720405450e-02
1.7918600058e+03 -9.5434646828e-02
1.7954872528e+03 -9.3854742085e-02
1.7991144998e+03 -8.9096564531e-02
1.8027417468e+03 -8.0162394145e-02
1.8063689937e+03 -6.5930735066e-02
1.8099962407e+03 -4.5128843634e-02
1.8136234877e+03 -1.6344118234e-02
1.8172507347e+03 2.1935269985e-02
1.8208779816e+03 7.1268698809e-02
1.8245052286e+03 1.3315115366e-01
1.8281324756e+03 2.0881187969e-01
1.8317597226e+03 2.9892981506e-01
1.8353869696e+03 4.0325097079e-01
1.8390142165e+03 5.2006394104e-01
1.8426414635e+03 6.4537025882e-01
1.8462687105e+03 7.7158660474e-01
1.8498959575e+03 8.8584845285e-01
1.8535232044e+03 9.6899440264e-01
