# Outer-scaled velocity profile (U/u_inf vs y/delta)
# Columns: y_star    U_parallel_star
8.5879604925e-04 1.7735547706e-02
2.5630267434e-03 5.3203447696e-02
4.2687589996e-03 8.8593631799e-02
5.9763970919e-03 1.2371433649e-01
7.6863875061e-03 1.5828010347e-01
9.3992123556e-03 1.9195656929e-01
1.1115382765e-02 2.2441668453e-01
1.2835432740e-02 2.5537897969e-01
1.4559913859e-02 2.8463739299e-01
1.6289390926e-02 3.1206368410e-01
1.8024438611e-02 3.3760733103e-01
1.9765638974e-02 3.6127711624e-01
2.1513579748e-02 3.8313126658e-01
2.3268853213e-02 4.0325722671e-01
2.5032055519e-02 4.2176495703e-01
2.6803786325e-02 4.3877214435e-01
2.8584648658e-02 4.5440270316e-01
3.0375248911e-02 4.6877672364e-01
3.2176196932e-02 4.8201212308e-01
3.3988106163e-02 4.9421760199e-01
3.5811593819e-02 5.0549618569e-01
3.7647281075e-02 5.1594026895e-01
3.9495793269e-02 5.2563585646e-01
4.1357760113e-02 5.3465845241e-01
4.3233815904e-02 5.4307700687e-01
4.5124599739e-02 5.5095038835e-01
4.7030755734e-02 5.5833149941e-01
4.8952933239e-02 5.6526499322e-01
5.0891787064e-02 5.7179165789e-01
5.2847977700e-02 5.7794661016e-01
5.4822171543e-02 5.8376286051e-01
5.6815041123e-02 5.8926922094e-01
5.8827265331e-02 5.9449305271e-01
6.0859529651e-02 5.9945830331e-01
6.2912526397e-02 6.0418793046e-01
6.4986954941e-02 6.0870228313e-01
6.7083521960e-02 6.1302120376e-01
6.9202941671e-02 6.1716232784e-01
7.1345936075e-02 6.2114239852e-01
7.3513235207e-02 6.2497545353e-01
7.5705577378e-02 6.2867403741e-01
7.7923709432e-02 6.3224803844e-01
8.0168387000e-02 6.3570639068e-01
8.2440374753e-02 6.3905673757e-01
8.4740446667e-02 6.4230707805e-01
8.7069386286e-02 6.4546494052e-01
8.9427986987e-02 6.4853813062e-01
9.1817052252e-02 6.5153365970e-01
9.4237395940e-02 6.5445834446e-01
9.6689842565e-02 6.5731810419e-01
9.9175227580e-02 6.6011888398e-01
1.0169439766e-01 6.6286611316e-01
1.0424821098e-01 6.6556513270e-01
1.0683753752e-01 6.6822031367e-01
1.0946325937e-01 6.7083541594e-01
1.1212627100e-01 6.7341330555e-01
1.1482747961e-01 6.7595683112e-01
1.1756780537e-01 6.7846854048e-01
1.2034818182e-01 6.8095103973e-01
1.2316955611e-01 6.8340662405e-01
1.2603288938e-01 6.8583768752e-01
1.2893915704e-01 6.8824631963e-01
1.3188934916e-01 6.9063456774e-01
1.3488447074e-01 6.9300423290e-01
1.3792554211e-01 6.9535740831e-01
1.4101359922e-01 6.9769632611e-01
1.4414969407e-01 7.0002370819e-01
1.4733489500e-01 7.0234280370e-01
1.5057028707e-01 7.0465763781e-01
1.5385697246e-01 7.0697213225e-01
1.5719607081e-01 7.0928933114e-01
1.6058871962e-01 7.1161084853e-01
1.6403607463e-01 7.1393751007e-01
1.6753931021e-01 7.1626930819e-01
1.7109961978e-01 7.1860509214e-01
1.7471821620e-01 7.2094228723e-01
1.7839633217e-01 7.2327774738e-01
1.8213522069e-01 7.2560918693e-01
1.8593615545e-01 7.2793692494e-01
1.8980043127e-01 7.3026306859e-01
1.9372936456e-01 7.3258969302e-01
1.9772429375e-01 7.3491913917e-01
2.0178657975e-01 7.3725549412e-01
2.0591760643e-01 7.3960318057e-01
2.1011878105e-01 7.4196517482e-01
2.1439153480e-01 7.4434312906e-01
2.1873732323e-01 7.4673803817e-01
2.2315762678e-01 7.4915004301e-01
2.2765395128e-01 7.5157869972e-01
2.3222782843e-01 7.5402397539e-01
2.3688081637e-01 7.5648633835e-01
2.4161450021e-01 7.5896512068e-01
2.4643049251e-01 7.6145835010e-01
2.5133043389e-01 7.6396373934e-01
2.5631599357e-01 7.6648024868e-01
2.6138886993e-01 7.6900886126e-01
2.6655079109e-01 7.7155098783e-01
2.7180351552e-01 7.7410756422e-01
2.7714883262e-01 7.7668119157e-01
2.8258856331e-01 7.7927659241e-01
2.8812456071e-01 7.8189681497e-01
2.9375871070e-01 7.8454093075e-01
2.9949293262e-01 7.8720596276e-01
3.0532917988e-01 7.8988883972e-01
3.1126944067e-01 7.9258656304e-01
3.1731573859e-01 7.9529883698e-01
3.2347013339e-01 7.9803114237e-01
3.2973472161e-01 8.0078880889e-01
3.3611163736e-01 8.0357265430e-01
3.4260305299e-01 8.0638632344e-01
3.4921117988e-01 8.0923500041e-01
3.5593826914e-01 8.1211898985e-01
3.6278661244e-01 8.1503658581e-01
3.6975854273e-01 8.1798450979e-01
3.7685643507e-01 8.2095494606e-01
3.8408270743e-01 8.2394040093e-01
3.9143982151e-01 8.2694156896e-01
3.9893028360e-01 8.2996358203e-01
4.0655664538e-01 8.3300994923e-01
4.1432150488e-01 8.3608308618e-01
4.2222750725e-01 8.3918312244e-01
4.3027734576e-01 8.4231042911e-01
4.3847376268e-01 8.4546733582e-01
4.4681955020e-01 8.4865659374e-01
4.5531755139e-01 8.5188080332e-01
4.6397066118e-01 8.5513642272e-01
4.7278182736e-01 8.5842046553e-01
4.8175405152e-01 8.6173328466e-01
4.9089039016e-01 8.6507620480e-01
5.0019395566e-01 8.6844776826e-01
5.0966791737e-01 8.7183865643e-01
5.1931550270e-01 8.7524671021e-01
5.2913999820e-01 8.7867556835e-01
5.3914475067e-01 8.8212925717e-01
5.4933316836e-01 8.8560906417e-01
5.5970872203e-01 8.8910906174e-01
5.7027494624e-01 8.9261815431e-01
5.8103544048e-01 8.9613403752e-01
5.9199387041e-01 8.9966772219e-01
6.0315396914e-01 9.0322362241e-01
6.1451953848e-01 9.0680002806e-01
6.2609445022e-01 9.1039892347e-01
6.3788264747e-01 9.1401975606e-01
6.4988814600e-01 9.1765800200e-01
6.6211503561e-01 9.2130823534e-01
6.7456748153e-01 9.2496148647e-01
6.8724972579e-01 9.2861819837e-01
7.0016608873e-01 9.3227547907e-01
7.1332097045e-01 9.3592996579e-01
7.2671885229e-01 9.3958088838e-01
7.4036429835e-01 9.4322114869e-01
7.5426195705e-01 9.4685013921e-01
7.6841656268e-01 9.5045859454e-01
7.8283293690e-01 9.5403758924e-01
7.9751599026e-01 9.5757014353e-01
8.1247072349e-01 9.6104081024e-01
8.2770222847e-01 9.6443489917e-01
8.4321568854e-01 9.6774391161e-01
8.5901637753e-01 9.7096589252e-01
8.7510965649e-01 9.7408413716e-01
8.9150096647e-01 9.7708442407e-01
9.0819581493e-01 9.7994483820e-01
9.2519975176e-01 9.8264165502e-01
9.4251832991e-01 9.8517209886e-01
9.6015704343e-01 9.8752262463e-01
9.7812123453e-01 9.8966802971e-01
9.9641595975e-01 9.9161258118e-01
1.0150458056e+00 9.9335686815e-01
1.0340146457e+00 9.9490178998e-01
1.0533253352e+00 9.9625738132e-01
1.0729793456e+00 9.9742932750e-01
1.0929763533e+00 9.9842665192e-01
1.1133138034e+00 9.9926254151e-01
1.1339864882e+00 9.9995018337e-01
1.1549861818e+00 1.0004978832e+00
1.1763013834e+00 1.0009139298e+00
1.1979172169e+00 1.0012266985e+00
1.2198155252e+00 1.0014663050e+00
1.2419751789e+00 1.0016498094e+00
1.2643725966e+00 1.0017861491e+00
1.2869824459e+00 1.0018827265e+00
1.3097784706e+00 1.0019483001e+00
1.3327343737e+00 1.0019903711e+00
1.3558246772e+00 1.0020175227e+00
1.3790254840e+00 1.0020354494e+00
1.4023150826e+00 1.0020467777e+00
1.4256743587e+00 1.0020538209e+00
1.4490870005e+00 1.0020579782e+00
1.4725395123e+00 1.0020601287e+00
1.4960210659e+00 1.0020609922e+00
1.5195232360e+00 1.0020611948e+00
1.5430396636e+00 1.0020609632e+00
1.5665656933e+00 1.0020606032e+00
1.5900980187e+00 1.0020601693e+00
1.6136343615e+00 1.0020595882e+00
1.6371731989e+00 1.0020590883e+00
1.6607135431e+00 1.0020587470e+00
1.6842547726e+00 1.0020582927e+00
1.7077965079e+00 1.0020577084e+00
1.7313385240e+00 1.0020570776e+00
1.7548806919e+00 1.0020564651e+00
1.7784229394e+00 1.0020558380e+00
1.8019652276e+00 1.0020552284e+00
1.8255075358e+00 1.0020546113e+00
1.8490498538e+00 1.0020540243e+00
1.8725921763e+00 1.0020534288e+00
1.8961345008e+00 1.0020528533e+00
1.9196768263e+00 1.0020522541e+00
1.9432191521e+00 1.0020516696e+00
1.9667614781e+00 1.0020510716e+00
1.9903038042e+00 1.0020505071e+00
2.0138461303e+00 1.0020499492e+00
2.0373884564e+00 1.0020494388e+00
2.0609307825e+00 1.0020489286e+00
2.0844731086e+00 1.0020484426e+00
2.1080154347e+00 1.0020479216e+00
2.1315577609e+00 1.0020473873e+00
2.1551000870e+00 1.0020467956e+00
2.1786424131e+00 1.0020461792e+00
2.2021847392e+00 1.0020455189e+00
2.2257270653e+00 1.0020448551e+00
2.2492693914e+00 1.0020441784e+00
2.2728117175e+00 1.0020435213e+00
2.2963540437e+00 1.0020428712e+00
2.3198963698e+00 1.0020422524e+00
2.3434386959e+00 1.0020416507e+00
2.3669810220e+00 1.0020410850e+00
2.3905233481e+00 1.0020405392e+00
2.4140656742e+00 1.0020400244e+00
2.4376080003e+00 1.0020395195e+00
2.4611503265e+00 1.0020390301e+00
2.4846926526e+00 1.0020385342e+00
2.5082349787e+00 1.0020380405e+00
2.5317773048e+00 1.0020375282e+00
2.5553196309e+00 1.0020370095e+00
2.5788619570e+00 1.0020364612e+00
2.6024042832e+00 1.0020359006e+00
2.6259466093e+00 1.0020353056e+00
2.6494889354e+00 1.0020347042e+00
2.6730312615e+00 1.0020340775e+00
2.6965735876e+00 1.0020334605e+00
2.7201159137e+00 1.0020328307e+00
2.7436582398e+00 1.0020322173e+00
2.7672005660e+00 1.0020315839e+00
2.7907428921e+00 1.0020309454e+00
2.8142852182e+00 1.0020302545e+00
2.8378275443e+00 1.0020295254e+00
2.8613698704e+00 1.0020287219e+00
2.8849121965e+00 1.0020278807e+00
2.9084545226e+00 1.0020269931e+00
2.9319968488e+00 1.0020261176e+00
2.9555391749e+00 1.0020252569e+00
2.9790815010e+00 1.0020244628e+00
3.0026238271e+00 1.0020237219e+00
3.0261661532e+00 1.0020230611e+00
3.0497084793e+00 1.0020224463e+00
3.0732508055e+00 1.0020218886e+00
3.0967931316e+00 1.0020213501e+00
3.1203354577e+00 1.0020208436e+00
3.1438777838e+00 1.0020203402e+00
3.1674201099e+00 1.0020198585e+00
3.1909624360e+00 1.0020193790e+00
3.2145047621e+00 1.0020189230e+00
3.2380470883e+00 1.0020184767e+00
3.2615894144e+00 1.0020180599e+00
3.2851317405e+00 1.0020176580e+00
3.3086740666e+00 1.0020172815e+00
3.3322163927e+00 1.0020169077e+00
3.3557587188e+00 1.0020165355e+00
3.3793010449e+00 1.0020161366e+00
3.4028433711e+00 1.0020157078e+00
3.4263856972e+00 1.0020152266e+00
3.4499280233e+00 1.0020147003e+00
3.4734703494e+00 1.0020141173e+00
3.4970126755e+00 1.0020134975e+00
3.5205550016e+00 1.0020128341e+00
3.5440973277e+00 1.0020121503e+00
3.5676396539e+00 1.0020114358e+00
3.5911819800e+00 1.0020107137e+00
3.6147243061e+00 1.0020099734e+00
3.6382666322e+00 1.0020092448e+00
3.6618089583e+00 1.0020085207e+00
3.6853512844e+00 1.0020078352e+00
3.7088936106e+00 1.0020071752e+00
3.7324359367e+00 1.0020065676e+00
3.7559782628e+00 1.0020059845e+00
3.7795205889e+00 1.0020054440e+00
3.8030629150e+00 1.0020049088e+00
3.8266052411e+00 1.0020043984e+00
3.8501475672e+00 1.0020038777e+00
3.8736898934e+00 1.0020033762e+00
3.8972322195e+00 1.0020028656e+00
3.9207745456e+00 1.0020023810e+00
3.9443168717e+00 1.0020018933e+00
3.9678591978e+00 1.0020014330e+00
3.9914015239e+00 1.0020009680e+00
4.0149438500e+00 1.0020005250e+00
4.0384861762e+00 1.0020000773e+00
4.0620285023e+00 1.0019996495e+00
4.0855708284e+00 1.0019992224e+00
4.1091131545e+00 1.0019988133e+00
4.1326554806e+00 1.0019984095e+00
4.1561978067e+00 1.0019980187e+00
4.1797401329e+00 1.0019976389e+00
4.2032824590e+00 1.0019972697e+00
4.2268247851e+00 1.0019969205e+00
4.2503671112e+00 1.0019965798e+00
4.2739094373e+00 1.0019962640e+00
4.2974517634e+00 1.0019959496e+00
4.3209940895e+00 1.0019956563e+00
4.3445364157e+00 1.0019953499e+00
4.3680787418e+00 1.0019950501e+00
4.3916210679e+00 1.0019947190e+00
4.4151633940e+00 1.0019943793e+00
4.4387057201e+00 1.0019939995e+00
4.4622480462e+00 1.0019936082e+00
4.4857903723e+00 1.0019931881e+00
4.5093326985e+00 1.0019927743e+00
4.5328750246e+00 1.0019923689e+00
4.5564173507e+00 1.0019920056e+00
4.5799596768e+00 1.0019916976e+00
4.6035020029e+00 1.0019914585e+00
4.6270443290e+00 1.0019912998e+00
4.6505866552e+00 1.0019912056e+00
4.6741289813e+00 1.0019911883e+00
4.6976713074e+00 1.0019912090e+00
4.7212136335e+00 1.0019912865e+00
4.7447559596e+00 1.0019913632e+00
4.7682982857e+00 1.0019914633e+00
4.7918406118e+00 1.0019915177e+00
4.8153829380e+00 1.0019915620e+00
4.8389252641e+00 1.0019915325e+00
4.8624675902e+00 1.0019914820e+00
4.8860099163e+00 1.0019913584e+00
4.9095522424e+00 1.0019912213e+00
4.9330945685e+00 1.0019910256e+00
4.9566368946e+00 1.0019908276e+00
4.9801792208e+00 1.0019905925e+00
5.0037215469e+00 1.0019903730e+00
5.0272638730e+00 1.0019901466e+00
5.0508061991e+00 1.0019899550e+00
5.0743485252e+00 1.0019897763e+00
5.0978908513e+00 1.0019896291e+00
5.1214331775e+00 1.0019894843e+00
5.1449755036e+00 1.0019893418e+00
5.1685178297e+00 1.0019891730e+00
5.1920601558e+00 1.0019889760e+00
5.2156024819e+00 1.0019887320e+00
5.2391448080e+00 1.0019884493e+00
5.2626871341e+00 1.0019881174e+00
5.2862294603e+00 1.0019877567e+00
5.3097717864e+00 1.0019873529e+00
5.3333141125e+00 1.0019869337e+00
5.3568564386e+00 1.0019864685e+00
5.3803987647e+00 1.0019859956e+00
5.4039410908e+00 1.0019854670e+00
5.4274834169e+00 1.0019849431e+00
5.4510257431e+00 1.0019843596e+00
5.4745680692e+00 1.0019838016e+00
5.4981103953e+00 1.0019831821e+00
5.5216527214e+00 1.0019826050e+00
5.5451950475e+00 1.0019819578e+00
5.5687373736e+00 1.0019813601e+00
5.5922796998e+00 1.0019806807e+00
5.6158220259e+00 1.0019800548e+00
5.6393643520e+00 1.0019793426e+00
5.6629066781e+00 1.0019786927e+00
5.6864490042e+00 1.0019779621e+00
5.7099913303e+00 1.0019773044e+00
5.7335336564e+00 1.0019765723e+00
5.7570759826e+00 1.0019759178e+00
5.7806183087e+00 1.0019751911e+00
5.8041606348e+00 1.0019745452e+00
5.8277029609e+00 1.0019738322e+00
5.8512452870e+00 1.0019732042e+00
5.8747876131e+00 1.0019725175e+00
5.8983299392e+00 1.0019719106e+00
5.9218722654e+00 1.0019712582e+00
5.9454145915e+00 1.0019706681e+00
5.9689569176e+00 1.0019700607e+00
5.9924992437e+00 1.0019694854e+00
6.0160415698e+00 1.0019689106e+00
6.0395838959e+00 1.0019683112e+00
6.0631262221e+00 1.0019678282e+00
