# Reynolds stress Morkovin's scaling 
# Columns: y_plus    -rho v''w''/tau_wall
3.8773702413e-01 1.4074415694e-05
1.1571785444e+00 2.7569898983e-04
1.9272980036e+00 1.2281734902e-03
2.6982779270e+00 3.2791390039e-03
3.4703198979e+00 6.6818045372e-03
4.2436415854e+00 1.1455343867e-02
5.0184737565e+00 1.7450564914e-02
5.7950575092e+00 2.4367481072e-02
6.5736418747e+00 3.1881918386e-02
7.3544818564e+00 3.9647207272e-02
8.1378369110e+00 4.7393204242e-02
8.9239698326e+00 5.4880585347e-02
9.7131459760e+00 6.1966651437e-02
1.0505632749e+01 6.8536903868e-02
1.1301699307e+01 7.4559584976e-02
1.2101616390e+01 8.0010699993e-02
1.2905656257e+01 8.4921031221e-02
1.3714092688e+01 8.9303595351e-02
1.4527201024e+01 9.3204110380e-02
1.5345258226e+01 9.6642071904e-02
1.6168542961e+01 9.9667166132e-02
1.6997335681e+01 1.0230843312e-01
1.7831918720e+01 1.0462375239e-01
1.8672576387e+01 1.0664866476e-01
1.9519595060e+01 1.0843724840e-01
2.0373263283e+01 1.1001355027e-01
2.1233871868e+01 1.1141065575e-01
2.2101713990e+01 1.1263179920e-01
2.2977085288e+01 1.1368934567e-01
2.3860283967e+01 1.1457281048e-01
2.4751610897e+01 1.1528823135e-01
2.5651369717e+01 1.1583541091e-01
2.6559866940e+01 1.1624278650e-01
2.7477412056e+01 1.1653632491e-01
2.8404317634e+01 1.1675643580e-01
2.9340899435e+01 1.1692410247e-01
3.0287476515e+01 1.1705944201e-01
3.1244371336e+01 1.1716096712e-01
3.2211909873e+01 1.1723194418e-01
3.3190421728e+01 1.1726652135e-01
3.4180240242e+01 1.1727051797e-01
3.5181702607e+01 1.1724245610e-01
3.6195149980e+01 1.1718725469e-01
3.7220927603e+01 1.1710044601e-01
3.8259384918e+01 1.1698158585e-01
3.9310875686e+01 1.1681953921e-01
4.0375758108e+01 1.1660714760e-01
4.1454394947e+01 1.1633312290e-01
4.2547153652e+01 1.1599650134e-01
4.3654406483e+01 1.1559764314e-01
4.4776530636e+01 1.1514851525e-01
4.5913908375e+01 1.1465796453e-01
4.7066927159e+01 1.1413600991e-01
4.8235979776e+01 1.1358603585e-01
4.9421464475e+01 1.1301971997e-01
5.0623785105e+01 1.1245158031e-01
5.1843351247e+01 1.1189867802e-01
5.3080578360e+01 1.1136188950e-01
5.4335887919e+01 1.1083143303e-01
5.5609707556e+01 1.1028514737e-01
5.6902471212e+01 1.0970565557e-01
5.8214619280e+01 1.0908373660e-01
5.9546598757e+01 1.0842940347e-01
6.0898863395e+01 1.0775928940e-01
6.2271873857e+01 1.0708985050e-01
6.3666097873e+01 1.0641746487e-01
6.5082010401e+01 1.0571910493e-01
6.6520093784e+01 1.0496092925e-01
6.7980837922e+01 1.0411669769e-01
6.9464740431e+01 1.0316571133e-01
7.0972306819e+01 1.0210003695e-01
7.2504050652e+01 1.0092530213e-01
7.4060493737e+01 9.9660490725e-02
7.5642166290e+01 9.8323188998e-02
7.7249607125e+01 9.6936124357e-02
7.8883363833e+01 9.5523568118e-02
8.0543992970e+01 9.4109263079e-02
8.2232060247e+01 9.2706358254e-02
8.3948140720e+01 9.1330077776e-02
8.5692818992e+01 8.9999721474e-02
8.7466689403e+01 8.8727613305e-02
8.9270356242e+01 8.7500217598e-02
9.1104433945e+01 8.6289658999e-02
9.2969547311e+01 8.5075402760e-02
9.4866331710e+01 8.3867364349e-02
9.6795433299e+01 8.2702519367e-02
9.8757509249e+01 8.1609868618e-02
1.0075322796e+02 8.0602979496e-02
1.0278326929e+02 7.9684393334e-02
1.0484832481e+02 7.8824975103e-02
1.0694909798e+02 7.7991796068e-02
1.0908630446e+02 7.7175339721e-02
1.1126067231e+02 7.6375212469e-02
1.1347294226e+02 7.5573871874e-02
1.1572386793e+02 7.4761630684e-02
1.1801421613e+02 7.3970108884e-02
1.2034476708e+02 7.3204735413e-02
1.2271631472e+02 7.2382451188e-02
1.2512966693e+02 7.1437087185e-02
1.2758564584e+02 7.0431187354e-02
1.3008508813e+02 6.9498905111e-02
1.3262884523e+02 6.8661051698e-02
1.3521778371e+02 6.7850745921e-02
1.3785278552e+02 6.7052113795e-02
1.4053474831e+02 6.6291264068e-02
1.4326458570e+02 6.5549463796e-02
1.4604322764e+02 6.4744180169e-02
1.4887162071e+02 6.3840750540e-02
1.5175072843e+02 6.2908937738e-02
1.5468153159e+02 6.2046510241e-02
1.5766502861e+02 6.1280225108e-02
1.6070223585e+02 6.0537631739e-02
1.6379418795e+02 5.9719493185e-02
1.6694193823e+02 5.8788225454e-02
1.7014655900e+02 5.7808714353e-02
1.7340914194e+02 5.6797915434e-02
1.7673079848e+02 5.5726947029e-02
1.8011266020e+02 5.4618135196e-02
1.8355587914e+02 5.3549120866e-02
1.8706162828e+02 5.2538350472e-02
1.9063110189e+02 5.1454390294e-02
1.9426551594e+02 5.0174163538e-02
1.9796610854e+02 4.8705272887e-02
2.0173414033e+02 4.7051550557e-02
2.0557089493e+02 4.5186828559e-02
2.0947767937e+02 4.3148468223e-02
2.1345582454e+02 4.0951425210e-02
2.1750668562e+02 3.8664268771e-02
2.2163164260e+02 3.6419564963e-02
2.2583210068e+02 3.4316975193e-02
2.3010949078e+02 3.2384463694e-02
2.3446527005e+02 3.0821719880e-02
2.3890092232e+02 2.9764184335e-02
2.4341795865e+02 2.8929683794e-02
2.4801791781e+02 2.8145839881e-02
2.5270236682e+02 2.7360538178e-02
2.5747290150e+02 2.6450816473e-02
2.6233114696e+02 2.5308655159e-02
2.6727875823e+02 2.3859055698e-02
2.7231742076e+02 2.2183128993e-02
2.7744885101e+02 2.0436555253e-02
2.8267479708e+02 1.8687437772e-02
2.8799703921e+02 1.7120938460e-02
2.9341739051e+02 1.5852377331e-02
2.9893769745e+02 1.4956742173e-02
3.0455984059e+02 1.4535922322e-02
3.1028573518e+02 1.4383375609e-02
3.1611733179e+02 1.4181861686e-02
3.2205661702e+02 1.3968493691e-02
3.2810561415e+02 1.3584587091e-02
3.3426638381e+02 1.3082477267e-02
3.4054102473e+02 1.2584545544e-02
3.4693167437e+02 1.2119993220e-02
3.5344050967e+02 1.1737821482e-02
3.6006974768e+02 1.1230845867e-02
3.6682164618e+02 1.0664007744e-02
3.7369850410e+02 1.0197368575e-02
3.8070266166e+02 9.5394370787e-03
3.8783649994e+02 8.8596990042e-03
3.9510243939e+02 8.1755428282e-03
4.0250293658e+02 7.5085863942e-03
4.1004047808e+02 6.7369182442e-03
4.1771756960e+02 5.8585204444e-03
4.2553671823e+02 5.1366907613e-03
4.3350040448e+02 4.5772203731e-03
4.4161104030e+02 3.9613822985e-03
4.4987090866e+02 3.4869942390e-03
4.5828208032e+02 3.0817097323e-03
4.6684630417e+02 2.7474832608e-03
4.7556486928e+02 2.3802924487e-03
4.8443844007e+02 1.9358064622e-03
4.9346687031e+02 1.6038178491e-03
5.0264900663e+02 1.3062327948e-03
5.1198249775e+02 1.0359565229e-03
5.2146362975e+02 7.9423574922e-04
5.3108721016e+02 5.8817635475e-04
5.4084652259e+02 4.9186640608e-04
5.5073336928e+02 4.2477544099e-04
5.6073821057e+02 3.3956456695e-04
5.7085039974e+02 2.7193753146e-04
5.8105849942e+02 1.5337325327e-04
5.9135065524e+02 2.7798432715e-05
6.0171499445e+02 1.2468916691e-05
6.1214001398e+02 3.9069420177e-05
6.2261492451e+02 4.1738214033e-05
6.3312992358e+02 2.5886411663e-05
6.4367638126e+02 9.3670123449e-06
6.5424693300e+02 2.6822112595e-06
6.6483548556e+02 1.1083262514e-06
6.7543715021e+02 2.7089801064e-06
6.8604812299e+02 4.4359867518e-06
6.9666553289e+02 5.0156004090e-06
7.0728727802e+02 3.0919479273e-06
7.1791186556e+02 1.3666297885e-06
7.2853826695e+02 -1.7518625027e-07
7.3916579460e+02 -2.1246717442e-06
7.4979400256e+02 -3.2447462919e-06
7.6042261022e+02 -3.3098746286e-06
7.7105144622e+02 -3.2023426177e-06
7.8168040906e+02 -3.1842094294e-06
7.9230944040e+02 -3.2402961833e-06
8.0293850768e+02 -3.3059614193e-06
8.1356759330e+02 -3.4057099977e-06
8.2419668801e+02 -3.4952604372e-06
8.3482578710e+02 -3.5831718889e-06
8.4545488823e+02 -3.6323924488e-06
8.5608399030e+02 -3.6605282893e-06
8.6671309277e+02 -3.6566548663e-06
8.7734219542e+02 -3.6536842823e-06
8.8797129815e+02 -3.6538427179e-06
8.9860040090e+02 -3.6779138713e-06
9.0922950367e+02 -3.7136966272e-06
9.1985860644e+02 -3.7632794137e-06
9.3048770921e+02 -3.8097180657e-06
9.4111681199e+02 -3.8555257117e-06
9.5174591476e+02 -3.8896407348e-06
9.6237501753e+02 -3.9210519440e-06
9.7300412031e+02 -3.9452618007e-06
9.8363322308e+02 -3.9748209839e-06
9.9426232586e+02 -4.0017159712e-06
1.0048914286e+03 -4.0349214707e-06
1.0155205314e+03 -4.0625716619e-06
1.0261496342e+03 -4.0960279984e-06
1.0367787369e+03 -4.1216292885e-06
1.0474078397e+03 -4.1497507147e-06
1.0580369425e+03 -4.1621333248e-06
1.0686660453e+03 -4.1690333585e-06
1.0792951480e+03 -4.1521664078e-06
1.0899242508e+03 -4.1227281165e-06
1.1005533536e+03 -4.0650311771e-06
1.1111824564e+03 -3.9952990248e-06
1.1218115591e+03 -3.9076536631e-06
1.1324406619e+03 -3.8221306310e-06
1.1430697647e+03 -3.7323304156e-06
1.1536988675e+03 -3.6488848857e-06
1.1643279702e+03 -3.5602395754e-06
1.1749570730e+03 -3.4721153384e-06
1.1855861758e+03 -3.3757274259e-06
1.1962152786e+03 -3.2783734903e-06
1.2068443813e+03 -3.1762837913e-06
1.2174734841e+03 -3.0760854965e-06
1.2281025869e+03 -2.9741803498e-06
1.2387316896e+03 -2.8747808843e-06
1.2493607924e+03 -2.7760764580e-06
1.2599898952e+03 -2.6823837424e-06
1.2706189980e+03 -2.5933876040e-06
1.2812481007e+03 -2.5141470130e-06
1.2918772035e+03 -2.4482620453e-06
1.3025063063e+03 -2.4032643064e-06
1.3131354091e+03 -2.3825988695e-06
1.3237645118e+03 -2.3871736012e-06
1.3343936146e+03 -2.4112308514e-06
1.3450227174e+03 -2.4486102602e-06
1.3556518202e+03 -2.4903198673e-06
1.3662809229e+03 -2.5324017837e-06
1.3769100257e+03 -2.5673264556e-06
1.3875391285e+03 -2.5950124895e-06
1.3981682312e+03 -2.6097215588e-06
1.4087973340e+03 -2.6139240615e-06
1.4194264368e+03 -2.6021518420e-06
1.4300555396e+03 -2.5770299287e-06
1.4406846423e+03 -2.5322366039e-06
1.4513137451e+03 -2.4701711658e-06
1.4619428479e+03 -2.3835020502e-06
1.4725719507e+03 -2.2765023123e-06
1.4832010534e+03 -2.1432687623e-06
1.4938301562e+03 -1.9948442481e-06
1.5044592590e+03 -1.8287689957e-06
1.5150883618e+03 -1.6628082397e-06
1.5257174645e+03 -1.4926576125e-06
1.5363465673e+03 -1.3343523540e-06
1.5469756701e+03 -1.1757110771e-06
1.5576047728e+03 -1.0305054539e-06
1.5682338756e+03 -8.8731752796e-07
1.5788629784e+03 -7.6496020090e-07
1.5894920812e+03 -6.5236591017e-07
1.6001211839e+03 -5.6157492622e-07
1.6107502867e+03 -4.7144140829e-07
1.6213793895e+03 -3.8662743655e-07
1.6320084923e+03 -2.9140546540e-07
1.6426375950e+03 -1.9980397099e-07
1.6532666978e+03 -1.1369143854e-07
1.6638958006e+03 -5.0920712929e-08
1.6745249034e+03 -1.6164869412e-08
1.6851540061e+03 -1.1151353326e-08
1.6957831089e+03 -3.1891386212e-08
1.7064122117e+03 -6.4884908115e-08
1.7170413145e+03 -1.0539193347e-07
1.7276704172e+03 -1.3940812908e-07
1.7382995200e+03 -1.6945535086e-07
1.7489286228e+03 -1.9010206216e-07
1.7595577255e+03 -2.0883230667e-07
1.7701868283e+03 -2.2764003368e-07
1.7808159311e+03 -2.5076500205e-07
1.7914450339e+03 -2.8369657833e-07
1.8020741366e+03 -3.2212431037e-07
1.8127032394e+03 -3.7373264526e-07
1.8233323422e+03 -4.2565584917e-07
1.8339614450e+03 -4.8689414397e-07
1.8445905477e+03 -5.3883450427e-07
1.8552196505e+03 -5.9282328916e-07
1.8658487533e+03 -6.3178371689e-07
1.8764778561e+03 -6.7111338660e-07
1.8871069588e+03 -6.9626138014e-07
1.8977360616e+03 -7.2171579885e-07
1.9083651644e+03 -7.3148279595e-07
1.9189942671e+03 -7.3750682022e-07
1.9296233699e+03 -7.2460665871e-07
1.9402524727e+03 -7.0482873844e-07
1.9508815755e+03 -6.6655226174e-07
1.9615106782e+03 -6.2087698359e-07
1.9721397810e+03 -5.5892546571e-07
1.9827688838e+03 -4.9045132701e-07
1.9933979866e+03 -4.1029913990e-07
2.0040270893e+03 -3.3099342139e-07
2.0146561921e+03 -2.5146460589e-07
2.0252852949e+03 -1.8746035876e-07
2.0359143977e+03 -1.3632745503e-07
2.0465435004e+03 -1.1289973845e-07
2.0571726032e+03 -1.0634561215e-07
2.0678017060e+03 -1.2723927044e-07
2.0784308088e+03 -1.5412233383e-07
2.0890599115e+03 -1.9615982994e-07
2.0996890143e+03 -2.2515175131e-07
2.1103181171e+03 -2.5656205080e-07
2.1209472198e+03 -2.6526227926e-07
2.1315763226e+03 -2.8239917713e-07
2.1422054254e+03 -2.9111330337e-07
2.1528345282e+03 -3.2921902601e-07
2.1634636309e+03 -3.7379731931e-07
2.1740927337e+03 -4.5271534027e-07
2.1847218365e+03 -5.3171947165e-07
2.1953509393e+03 -6.3117708987e-07
2.2059800420e+03 -7.1420864532e-07
2.2166091448e+03 -8.0134590164e-07
2.2272382476e+03 -8.6088078848e-07
2.2378673504e+03 -9.1723347748e-07
2.2484964531e+03 -9.4676766290e-07
2.2591255559e+03 -9.7481139874e-07
2.2697546587e+03 -9.8165088674e-07
2.2803837614e+03 -9.8833889228e-07
2.2910128642e+03 -9.7705193839e-07
2.3016419670e+03 -9.6615543440e-07
2.3122710698e+03 -9.4127782760e-07
2.3229001725e+03 -9.2041805396e-07
2.3335292753e+03 -8.9341112769e-07
2.3441583781e+03 -8.7920012208e-07
2.3547874809e+03 -8.6983726699e-07
2.3654165836e+03 -8.8070075555e-07
2.3760456864e+03 -8.9924708196e-07
2.3866747892e+03 -9.3512553960e-07
2.3973038920e+03 -9.7008332405e-07
2.4079329947e+03 -1.0128054098e-06
2.4185620975e+03 -1.0405180130e-06
2.4291912003e+03 -1.0673037222e-06
2.4398203030e+03 -1.0695654268e-06
2.4504494058e+03 -1.0710528932e-06
2.4610785086e+03 -1.0474883469e-06
2.4717076114e+03 -1.0268554109e-06
2.4823367141e+03 -9.8437452278e-07
2.4929658169e+03 -9.5220143278e-07
2.5035949197e+03 -9.1438450116e-07
2.5142240225e+03 -9.0558654723e-07
2.5248531252e+03 -9.1115886552e-07
2.5354822280e+03 -9.5314695701e-07
2.5461113308e+03 -1.0081522095e-06
2.5567404336e+03 -1.0899114441e-06
2.5673695363e+03 -1.1760007612e-06
2.5779986391e+03 -1.2836026086e-06
2.5886277419e+03 -1.3926629147e-06
2.5992568447e+03 -1.5191794215e-06
2.6098859474e+03 -1.6397817968e-06
2.6205150502e+03 -1.7693404640e-06
2.6311441530e+03 -1.8850880809e-06
2.6417732557e+03 -2.0069637733e-06
2.6524023585e+03 -2.1108680704e-06
2.6630314613e+03 -2.2174796292e-06
2.6736605641e+03 -2.2876603297e-06
2.6842896668e+03 -2.3361700564e-06
2.6949187696e+03 -2.3108665562e-06
2.7055478724e+03 -2.2412165965e-06
2.7161769752e+03 -2.0883050377e-06
2.7268060779e+03 -1.9182394152e-06
2.7374351807e+03 -1.7277167143e-06
