# Rotated Reynolds stress Morkovin's scaling
# Columns: y_plus    rho v''w''rotated/tau_wall
3.9100267708e-01 3.2955051357e-06
1.1669246953e+00 3.1417733121e-05
1.9435303622e+00 1.0682068187e-04
2.7210037404e+00 2.5647414181e-04
3.4995481111e+00 4.9895761756e-04
4.2793829765e+00 8.3535224090e-04
5.0607410474e+00 1.2558796969e-03
5.8438654524e+00 1.7413129624e-03
6.6290073199e+00 2.2753953652e-03
7.4164238012e+00 2.8446462379e-03
8.2063765381e+00 3.4453784771e-03
8.9991305383e+00 4.0751779216e-03
9.7949533913e+00 4.7339904139e-03
1.0594114757e+01 5.4163926620e-03
1.1396886058e+01 6.1170415297e-03
1.2203540314e+01 6.8260199590e-03
1.3014352078e+01 7.5336613051e-03
1.3829597436e+01 8.2277691543e-03
1.4649554046e+01 8.9013762303e-03
1.5474501205e+01 9.5516165003e-03
1.6304719923e+01 1.0184716860e-02
1.7140493017e+01 1.0810327069e-02
1.7982105198e+01 1.1441526109e-02
1.8829843169e+01 1.2087503815e-02
1.9683995721e+01 1.2756079314e-02
2.0544853828e+01 1.3451501701e-02
2.1412710751e+01 1.4179759170e-02
2.2287862134e+01 1.4945242096e-02
2.3170606107e+01 1.5751615029e-02
2.4061243385e+01 1.6595406244e-02
2.4960077373e+01 1.7468339163e-02
2.5867414268e+01 1.8357598866e-02
2.6783563163e+01 1.9252402768e-02
2.7708836155e+01 2.0142591716e-02
2.8643548447e+01 2.1020246680e-02
2.9588018458e+01 2.1877445641e-02
3.0542567932e+01 2.2710816566e-02
3.1507522046e+01 2.3523120602e-02
3.2483209521e+01 2.4325351418e-02
3.3469962736e+01 2.5129812233e-02
3.4468117838e+01 2.5942990843e-02
3.5478014859e+01 2.6759404733e-02
3.6499997830e+01 2.7564770083e-02
3.7534414901e+01 2.8341657873e-02
3.8581618456e+01 2.9078138455e-02
3.9641965236e+01 2.9771974505e-02
4.0715816460e+01 3.0427659646e-02
4.1803537945e+01 3.1047769251e-02
4.2905500235e+01 3.1629494642e-02
4.4022078725e+01 3.2166588569e-02
4.5153653789e+01 3.2653090223e-02
4.6300610910e+01 3.3085733197e-02
4.7463340810e+01 3.3466353980e-02
4.8642239585e+01 3.3805497029e-02
4.9837708839e+01 3.4123954500e-02
5.1050155822e+01 3.4446132581e-02
5.2279993564e+01 3.4791718660e-02
5.3527641025e+01 3.5175244152e-02
5.4793523226e+01 3.5606925462e-02
5.6078071405e+01 3.6092384414e-02
5.7381723156e+01 3.6629904218e-02
5.8704922581e+01 3.7209778204e-02
6.0048120441e+01 3.7818076845e-02
6.1411774312e+01 3.8440306014e-02
6.2796348734e+01 3.9065085517e-02
6.4202315379e+01 3.9687327716e-02
6.5630153203e+01 4.0307387148e-02
6.7080348613e+01 4.0932722400e-02
6.8553395635e+01 4.1572783384e-02
7.0049796075e+01 4.2229426904e-02
7.1570059699e+01 4.2896071158e-02
7.3114704399e+01 4.3565163028e-02
7.4684256376e+01 4.4232193112e-02
7.6279250313e+01 4.4891922793e-02
7.7900229560e+01 4.5536848114e-02
7.9547746322e+01 4.6175299494e-02
8.1222361842e+01 4.6835035292e-02
8.2924646595e+01 4.7539185109e-02
8.4655180482e+01 4.8295806554e-02
8.6414553026e+01 4.9116208327e-02
8.8203363577e+01 5.0030173549e-02
9.0022221510e+01 5.1060231508e-02
9.1871746439e+01 5.2185194233e-02
9.3752568424e+01 5.3347679807e-02
9.5665328185e+01 5.4491399829e-02
9.7610677324e+01 5.5580195663e-02
9.9589278544e+01 5.6586963058e-02
1.0160180588e+02 5.7497332009e-02
1.0364894491e+02 5.8323475203e-02
1.0573139302e+02 5.9063571268e-02
1.0784985962e+02 5.9720714947e-02
1.1000506638e+02 6.0324840769e-02
1.1219774750e+02 6.0896268526e-02
1.1442864993e+02 6.1426330283e-02
1.1669853366e+02 6.1918553683e-02
1.1900817195e+02 6.2415385576e-02
1.2135835159e+02 6.2963496931e-02
1.2374987321e+02 6.3584310166e-02
1.2618355149e+02 6.4287294452e-02
1.2866021550e+02 6.5023742438e-02
1.3118070893e+02 6.5693484665e-02
1.3374589042e+02 6.6298575560e-02
1.3635663383e+02 6.6924557990e-02
1.3901382852e+02 6.7574028673e-02
1.4171837970e+02 6.8206499330e-02
1.4447120871e+02 6.8797184855e-02
1.4727325332e+02 6.9271250478e-02
1.5012546808e+02 6.9535824095e-02
1.5302882462e+02 6.9512034928e-02
1.5598431200e+02 6.9208269587e-02
1.5899293705e+02 6.8779404015e-02
1.6205572468e+02 6.8372286074e-02
1.6517371825e+02 6.8114674155e-02
1.6834797995e+02 6.8132192946e-02
1.7157959112e+02 6.8424647816e-02
1.7486965264e+02 6.8927190128e-02
1.7821928531e+02 6.9631449825e-02
1.8162963021e+02 7.0514859633e-02
1.8510184912e+02 7.1430699134e-02
1.8863712487e+02 7.2249602112e-02
1.9223666179e+02 7.2783530792e-02
1.9590168612e+02 7.2857495412e-02
1.9963344636e+02 7.2575692053e-02
2.0343321380e+02 7.2016608029e-02
2.0730228285e+02 7.1239173452e-02
2.1124197156e+02 7.0327768415e-02
2.1525362201e+02 6.9271574681e-02
2.1933860083e+02 6.8180468861e-02
2.2349829959e+02 6.7224793589e-02
2.2773413535e+02 6.6365838130e-02
2.3204755109e+02 6.5396849995e-02
2.3644001621e+02 6.4221767237e-02
2.4091302705e+02 6.2992120838e-02
2.4546810739e+02 6.1864275236e-02
2.5010680897e+02 6.0822873741e-02
2.5483071201e+02 5.9596554204e-02
2.5964142574e+02 5.8056606011e-02
2.6454058900e+02 5.6447476190e-02
2.6952987074e+02 5.4945138283e-02
2.7461097059e+02 5.3625823805e-02
2.7978561950e+02 5.2512227600e-02
2.8505558025e+02 5.1398215840e-02
2.9042264812e+02 5.0171542177e-02
2.9588865145e+02 4.8857985419e-02
3.0145545230e+02 4.7240050188e-02
3.0712494704e+02 4.5328817506e-02
3.1289906706e+02 4.3383177760e-02
3.1877977936e+02 4.1573350553e-02
3.2476908727e+02 4.0008541405e-02
3.3086903110e+02 3.8545267406e-02
3.3708168886e+02 3.6982917244e-02
3.4340917693e+02 3.5293740943e-02
3.4985365079e+02 3.3444313130e-02
3.5641730571e+02 3.1737148503e-02
3.6310237742e+02 3.0077384748e-02
3.6991114271e+02 2.8144011180e-02
3.7684591986e+02 2.6138177294e-02
3.8390906882e+02 2.4086891774e-02
3.9110299071e+02 2.1880992094e-02
3.9843012636e+02 1.9713745278e-02
4.0589295306e+02 1.7736150516e-02
4.1349397829e+02 1.5926775779e-02
4.2123572889e+02 1.4199650585e-02
4.2912073304e+02 1.2607428150e-02
4.3715149217e+02 1.0994719559e-02
4.4533043852e+02 9.4537362221e-03
4.5365987429e+02 8.1347659212e-03
4.6214188770e+02 6.8787419723e-03
4.7077824235e+02 5.6904048221e-03
4.7957023817e+02 4.8025274630e-03
4.8851854519e+02 4.0382382659e-03
4.9762301594e+02 3.2802884721e-03
5.0688248733e+02 2.6068816874e-03
5.1629458829e+02 2.0248373247e-03
5.2585557360e+02 1.5209376797e-03
5.3556020708e+02 1.0987986377e-03
5.4540171575e+02 7.9808894692e-04
5.5537183282e+02 5.6070349890e-04
5.6546093828e+02 3.3780830236e-04
5.7565829575e+02 1.9384475332e-04
5.8595237151e+02 1.4627282538e-04
5.9633121136e+02 1.0722733902e-04
6.0678284256e+02 6.8769848423e-05
6.1729566514e+02 7.0910827964e-05
6.2785879892e+02 7.6976675550e-05
6.3846235889e+02 6.1359948046e-05
6.4909764242e+02 4.1161870634e-05
6.5975722295e+02 2.4139025144e-05
6.7043495588e+02 9.9497275461e-06
6.8112591136e+02 6.8679944090e-06
6.9182625336e+02 1.0813676666e-05
7.0253308669e+02 1.3108456549e-05
7.1324429176e+02 1.3917627438e-05
7.2395836319e+02 1.4972314760e-05
7.3467426374e+02 1.5064045147e-05
7.4539130004e+02 1.3936588777e-05
7.5610902239e+02 1.2491317272e-05
7.6682714778e+02 1.0900264160e-05
7.7754550345e+02 9.8307229038e-06
7.8826398703e+02 9.2509156250e-06
7.9898253968e+02 8.8307074028e-06
8.0970112858e+02 8.5065456578e-06
8.2041973597e+02 8.2844901822e-06
8.3113835253e+02 8.1534427231e-06
8.4185697350e+02 8.0798021091e-06
8.5257559653e+02 8.0379815411e-06
8.6329422051e+02 8.0005938987e-06
8.7401284489e+02 7.9555135895e-06
8.8473146946e+02 7.8953261117e-06
8.9545009410e+02 7.8266924475e-06
9.0616871877e+02 7.7599271285e-06
9.1688734345e+02 7.7078646709e-06
9.2760596814e+02 7.6721779271e-06
9.3832459282e+02 7.6475070395e-06
9.4904321751e+02 7.6200106557e-06
9.5976184220e+02 7.5765811923e-06
9.7048046689e+02 7.5065070880e-06
9.8119909158e+02 7.4046785411e-06
9.9191771626e+02 7.2710534153e-06
1.0026363410e+03 7.1104572070e-06
1.0133549656e+03 6.9273230383e-06
1.0240735903e+03 6.7299084369e-06
1.0347922150e+03 6.5221285563e-06
1.0455108397e+03 6.3144907952e-06
1.0562294644e+03 6.1134500922e-06
1.0669480891e+03 5.9320481066e-06
1.0776667138e+03 5.7736246131e-06
1.0883853385e+03 5.6424336948e-06
1.0991039631e+03 5.5288751404e-06
1.1098225878e+03 5.4253856177e-06
1.1205412125e+03 5.3160861558e-06
1.1312598372e+03 5.1902882291e-06
1.1419784619e+03 5.0379002925e-06
1.1526970866e+03 4.8548323778e-06
1.1634157113e+03 4.6454668169e-06
1.1741343360e+03 4.4170029636e-06
1.1848529607e+03 4.1848693948e-06
1.1955715853e+03 3.9588806986e-06
1.2062902100e+03 3.7521126254e-06
1.2170088347e+03 3.5667854311e-06
1.2277274594e+03 3.4072072080e-06
1.2384460841e+03 3.2696984593e-06
1.2491647088e+03 3.1544055141e-06
1.2598833335e+03 3.0564205857e-06
1.2706019582e+03 2.9732278672e-06
1.2813205828e+03 2.8979898321e-06
1.2920392075e+03 2.8270115505e-06
1.3027578322e+03 2.7539220639e-06
1.3134764569e+03 2.6809429732e-06
1.3241950816e+03 2.6087015281e-06
1.3349137063e+03 2.5484229235e-06
1.3456323310e+03 2.5008713579e-06
1.3563509557e+03 2.4748000714e-06
1.3670695803e+03 2.4636289526e-06
1.3777882050e+03 2.4730684829e-06
1.3885068297e+03 2.4921604566e-06
1.3992254544e+03 2.5233812978e-06
1.4099440791e+03 2.5536339495e-06
1.4206627038e+03 2.5858970954e-06
1.4313813285e+03 2.6091245089e-06
1.4420999532e+03 2.6251764618e-06
1.4528185779e+03 2.6214242106e-06
1.4635372025e+03 2.5990258315e-06
1.4742558272e+03 2.5496215766e-06
1.4849744519e+03 2.4798265523e-06
1.4956930766e+03 2.3874860587e-06
1.5064117013e+03 2.2838445983e-06
1.5171303260e+03 2.1712957107e-06
1.5278489507e+03 2.0637429213e-06
1.5385675754e+03 1.9594696925e-06
1.5492862000e+03 1.8637162957e-06
1.5600048247e+03 1.7607698151e-06
1.5707234494e+03 1.6519805074e-06
1.5814420741e+03 1.5220629091e-06
1.5921606988e+03 1.3845715808e-06
1.6028793235e+03 1.2293649946e-06
1.6135979482e+03 1.0762541687e-06
1.6243165729e+03 9.1293413899e-07
1.6350351976e+03 7.6335383144e-07
1.6457538222e+03 6.1692457573e-07
1.6564724469e+03 5.0280568035e-07
1.6671910716e+03 4.0769585261e-07
1.6779096963e+03 3.5620699057e-07
1.6886283210e+03 3.2391568066e-07
1.6993469457e+03 3.2476738986e-07
1.7100655704e+03 3.2437237786e-07
1.7207841951e+03 3.3406645304e-07
1.7315028197e+03 3.2453899821e-07
1.7422214444e+03 3.1508114882e-07
1.7529400691e+03 2.8327257621e-07
1.7636586938e+03 2.5042722839e-07
1.7743773185e+03 1.9687729090e-07
1.7850959432e+03 1.4690489260e-07
1.7958145679e+03 8.5596191132e-08
1.8065331926e+03 3.7928833705e-08
1.8172518173e+03 -1.5815036315e-08
1.8279704419e+03 -5.9595758932e-08
1.8386890666e+03 -1.2301384264e-07
1.8494076913e+03 -1.9161054299e-07
1.8601263160e+03 -2.9355536562e-07
1.8708449407e+03 -4.0339638292e-07
1.8815635654e+03 -5.4375698492e-07
1.8922821901e+03 -6.8031272778e-07
1.9030008148e+03 -8.3664165645e-07
1.9137194394e+03 -9.7645944080e-07
1.9244380641e+03 -1.1256648429e-06
1.9351566888e+03 -1.2462749840e-06
1.9458753135e+03 -1.3678380589e-06
1.9565939382e+03 -1.4585312579e-06
1.9673125629e+03 -1.5592743667e-06
1.9780311876e+03 -1.6465329715e-06
1.9887498123e+03 -1.7638097914e-06
1.9994684369e+03 -1.8824541796e-06
2.0101870616e+03 -2.0350521258e-06
2.0209056863e+03 -2.1833365669e-06
2.0316243110e+03 -2.3515988056e-06
2.0423429357e+03 -2.5018824618e-06
2.0530615604e+03 -2.6590221802e-06
2.0637801851e+03 -2.7923456773e-06
2.0744988098e+03 -2.9287796314e-06
2.0852174345e+03 -3.0443873687e-06
2.0959360591e+03 -3.1652161818e-06
2.1066546838e+03 -3.2713287856e-06
2.1173733085e+03 -3.3838667540e-06
2.1280919332e+03 -3.4842800415e-06
2.1388105579e+03 -3.5872710140e-06
2.1495291826e+03 -3.6791337318e-06
2.1602478073e+03 -3.7708085175e-06
2.1709664320e+03 -3.8552562267e-06
2.1816850566e+03 -3.9367966356e-06
2.1924036813e+03 -4.0146330578e-06
2.2031223060e+03 -4.0895644322e-06
2.2138409307e+03 -4.1706680942e-06
2.2245595554e+03 -4.2551021197e-06
2.2352781801e+03 -4.3530354148e-06
2.2459968048e+03 -4.4481056107e-06
2.2567154295e+03 -4.5443518629e-06
2.2674340542e+03 -4.6179804329e-06
2.2781526788e+03 -4.6791545060e-06
2.2888713035e+03 -4.7156675892e-06
2.2995899282e+03 -4.7498304326e-06
2.3103085529e+03 -4.7813487410e-06
2.3210271776e+03 -4.8287968332e-06
2.3317458023e+03 -4.8935445353e-06
2.3424644270e+03 -4.9793635640e-06
2.3531830517e+03 -5.0907451511e-06
2.3639016763e+03 -5.2150688005e-06
2.3746203010e+03 -5.3614066187e-06
2.3853389257e+03 -5.4977878828e-06
2.3960575504e+03 -5.6426741930e-06
2.4067761751e+03 -5.7538339345e-06
2.4174947998e+03 -5.8697545511e-06
2.4282134245e+03 -5.9440852393e-06
2.4389320492e+03 -6.0297444490e-06
2.4496506739e+03 -6.0739964139e-06
2.4603692985e+03 -6.1355029999e-06
2.4710879232e+03 -6.1606794164e-06
2.4818065479e+03 -6.2093524315e-06
2.4925251726e+03 -6.2365046858e-06
2.5032437973e+03 -6.2977579811e-06
2.5139624220e+03 -6.3616171386e-06
2.5246810467e+03 -6.4625933526e-06
2.5353996714e+03 -6.5791730910e-06
2.5461182960e+03 -6.7084066009e-06
2.5568369207e+03 -6.8512100041e-06
2.5675555454e+03 -6.9681528402e-06
2.5782741701e+03 -7.1050805382e-06
2.5889927948e+03 -7.1795070202e-06
2.5997114195e+03 -7.2939578368e-06
2.6104300442e+03 -7.3056932388e-06
2.6211486689e+03 -7.3897123473e-06
2.6318672935e+03 -7.3320416573e-06
2.6425859182e+03 -7.4012786518e-06
2.6533045429e+03 -7.3007802954e-06
2.6640231676e+03 -7.3997784263e-06
2.6747417923e+03 -7.3064337330e-06
2.6854604170e+03 -7.4760598666e-06
2.6961790417e+03 -7.4286614642e-06
2.7068976664e+03 -7.6655484599e-06
2.7176162911e+03 -7.6717866782e-06
2.7283349157e+03 -7.9254870444e-06
2.7390535404e+03 -7.9847279041e-06
2.7497721651e+03 -8.2032564684e-06
2.7604907898e+03 -8.3214557986e-06
