# Rotated Reynolds stress Morkovin's scaling
# Columns: y_plus    rho u''w''rotated/tau_wall
3.9100267708e-01 -4.0392940326e-05
1.1669246953e+00 -3.2130184675e-04
1.9435303622e+00 -8.4183093168e-04
2.7210037404e+00 -1.6172683852e-03
3.4995481111e+00 -2.6639774574e-03
4.2793829765e+00 -3.9949475484e-03
5.0607410474e+00 -5.6464886271e-03
5.8438654524e+00 -7.6868173396e-03
6.6290073199e+00 -1.0156135585e-02
7.4164238012e+00 -1.3029951081e-02
8.2063765381e+00 -1.6217217545e-02
8.9991305383e+00 -1.9610199412e-02
9.7949533913e+00 -2.3110456886e-02
1.0594114757e+01 -2.6650358269e-02
1.1396886058e+01 -3.0170690700e-02
1.2203540314e+01 -3.3624426529e-02
1.3014352078e+01 -3.6969035485e-02
1.3829597436e+01 -4.0179189890e-02
1.4649554046e+01 -4.3229589489e-02
1.5474501205e+01 -4.6099289210e-02
1.6304719923e+01 -4.8758584576e-02
1.7140493017e+01 -5.1182330818e-02
1.7982105198e+01 -5.3345291276e-02
1.8829843169e+01 -5.5236144339e-02
1.9683995721e+01 -5.6849575236e-02
2.0544853828e+01 -5.8199784082e-02
2.1412710751e+01 -5.9317772087e-02
2.2287862134e+01 -6.0253917169e-02
2.3170606107e+01 -6.1049847830e-02
2.4061243385e+01 -6.1731971852e-02
2.4960077373e+01 -6.2314420686e-02
2.5867414268e+01 -6.2825248427e-02
2.6783563163e+01 -6.3309906903e-02
2.7708836155e+01 -6.3826276375e-02
2.8643548447e+01 -6.4417564168e-02
2.9588018458e+01 -6.5099134477e-02
3.0542567932e+01 -6.5850042970e-02
3.1507522046e+01 -6.6628714198e-02
3.2483209521e+01 -6.7394946934e-02
3.3469962736e+01 -6.8141978392e-02
3.4468117838e+01 -6.8903572709e-02
3.5478014859e+01 -6.9735126732e-02
3.6499997830e+01 -7.0673480061e-02
3.7534414901e+01 -7.1722878795e-02
3.8581618456e+01 -7.2869595309e-02
3.9641965236e+01 -7.4097844224e-02
4.0715816460e+01 -7.5373103802e-02
4.1803537945e+01 -7.6634431166e-02
4.2905500235e+01 -7.7811586523e-02
4.4022078725e+01 -7.8853797027e-02
4.5153653789e+01 -7.9741160449e-02
4.6300610910e+01 -8.0483387274e-02
4.7463340810e+01 -8.1116573268e-02
4.8642239585e+01 -8.1687215615e-02
4.9837708839e+01 -8.2216477366e-02
5.1050155822e+01 -8.2688916054e-02
5.2279993564e+01 -8.3074532746e-02
5.3527641025e+01 -8.3355404073e-02
5.4793523226e+01 -8.3523201155e-02
5.6078071405e+01 -8.3571628111e-02
5.7381723156e+01 -8.3492241120e-02
5.8704922581e+01 -8.3272749179e-02
6.0048120441e+01 -8.2901938755e-02
6.1411774312e+01 -8.2370275980e-02
6.2796348734e+01 -8.1673521914e-02
6.4202315379e+01 -8.0838730544e-02
6.5630153203e+01 -7.9947714864e-02
6.7080348613e+01 -7.9100510981e-02
6.8553395635e+01 -7.8357633102e-02
7.0049796075e+01 -7.7739710782e-02
7.1570059699e+01 -7.7266600839e-02
7.3114704399e+01 -7.6943974571e-02
7.4684256376e+01 -7.6737777346e-02
7.6279250313e+01 -7.6579575181e-02
7.7900229560e+01 -7.6365830479e-02
7.9547746322e+01 -7.6001793696e-02
8.1222361842e+01 -7.5434821739e-02
8.2924646595e+01 -7.4656547909e-02
8.4655180482e+01 -7.3773257113e-02
8.6414553026e+01 -7.3000341986e-02
8.8203363577e+01 -7.2509761375e-02
9.0022221510e+01 -7.2352357677e-02
9.1871746439e+01 -7.2510923549e-02
9.3752568424e+01 -7.2902923581e-02
9.5665328185e+01 -7.3412522392e-02
9.7610677324e+01 -7.4030778693e-02
9.9589278544e+01 -7.4825803569e-02
1.0160180588e+02 -7.5788987754e-02
1.0364894491e+02 -7.6800820873e-02
1.0573139302e+02 -7.7712344574e-02
1.0784985962e+02 -7.8506289237e-02
1.1000506638e+02 -7.9255981147e-02
1.1219774750e+02 -7.9889581332e-02
1.1442864993e+02 -8.0208316079e-02
1.1669853366e+02 -8.0110208091e-02
1.1900817195e+02 -7.9687035561e-02
1.2135835159e+02 -7.9084420517e-02
1.2374987321e+02 -7.8452098055e-02
1.2618355149e+02 -7.8004562927e-02
1.2866021550e+02 -7.7851228125e-02
1.3118070893e+02 -7.7908765871e-02
1.3374589042e+02 -7.8022112191e-02
1.3635663383e+02 -7.8081389483e-02
1.3901382852e+02 -7.8091594085e-02
1.4171837970e+02 -7.8011031890e-02
1.4447120871e+02 -7.7876233771e-02
1.4727325332e+02 -7.7901221377e-02
1.5012546808e+02 -7.8151508959e-02
1.5302882462e+02 -7.8594513332e-02
1.5598431200e+02 -7.9175930090e-02
1.5899293705e+02 -7.9810112132e-02
1.6205572468e+02 -8.0520074126e-02
1.6517371825e+02 -8.1392864700e-02
1.6834797995e+02 -8.2163281966e-02
1.7157959112e+02 -8.2507303453e-02
1.7486965264e+02 -8.2691610658e-02
1.7821928531e+02 -8.3200028344e-02
1.8162963021e+02 -8.4011538160e-02
1.8510184912e+02 -8.4864727178e-02
1.8863712487e+02 -8.5652904862e-02
1.9223666179e+02 -8.6249355711e-02
1.9590168612e+02 -8.6402743177e-02
1.9963344636e+02 -8.6221043295e-02
2.0343321380e+02 -8.6059533571e-02
2.0730228285e+02 -8.5921469570e-02
2.1124197156e+02 -8.5619255306e-02
2.1525362201e+02 -8.5213485212e-02
2.1933860083e+02 -8.4661856661e-02
2.2349829959e+02 -8.3713967042e-02
2.2773413535e+02 -8.2224089478e-02
2.3204755109e+02 -8.0436713622e-02
2.3644001621e+02 -7.8412868447e-02
2.4091302705e+02 -7.6223894567e-02
2.4546810739e+02 -7.4011733056e-02
2.5010680897e+02 -7.2207037613e-02
2.5483071201e+02 -7.0840311116e-02
2.5964142574e+02 -6.9882368861e-02
2.6454058900e+02 -6.9367321832e-02
2.6952987074e+02 -6.8968189510e-02
2.7461097059e+02 -6.8247434756e-02
2.7978561950e+02 -6.7337712212e-02
2.8505558025e+02 -6.6420939958e-02
2.9042264812e+02 -6.5895578321e-02
2.9588865145e+02 -6.5487635858e-02
3.0145545230e+02 -6.5062906280e-02
3.0712494704e+02 -6.4519138919e-02
3.1289906706e+02 -6.3802344175e-02
3.1877977936e+02 -6.2851224278e-02
3.2476908727e+02 -6.1360783213e-02
3.3086903110e+02 -5.9708040288e-02
3.3708168886e+02 -5.7895453507e-02
3.4340917693e+02 -5.5723857989e-02
3.4985365079e+02 -5.3148712372e-02
3.5641730571e+02 -5.0552530163e-02
3.6310237742e+02 -4.8310205711e-02
3.6991114271e+02 -4.5956585571e-02
3.7684591986e+02 -4.3417336017e-02
3.8390906882e+02 -4.0526409648e-02
3.9110299071e+02 -3.7402421427e-02
3.9843012636e+02 -3.4188161478e-02
4.0589295306e+02 -3.0651508567e-02
4.1349397829e+02 -2.6871920907e-02
4.2123572889e+02 -2.3351658295e-02
4.2912073304e+02 -2.0029620042e-02
4.3715149217e+02 -1.6938839155e-02
4.4533043852e+02 -1.4285043154e-02
4.5365987429e+02 -1.1898090370e-02
4.6214188770e+02 -9.6523426979e-03
4.7077824235e+02 -7.7556634234e-03
4.7957023817e+02 -6.3041946234e-03
4.8851854519e+02 -5.0329949307e-03
4.9762301594e+02 -3.9828090299e-03
5.0688248733e+02 -3.2567679382e-03
5.1629458829e+02 -2.7077518975e-03
5.2585557360e+02 -2.3780188914e-03
5.3556020708e+02 -2.1275392872e-03
5.4540171575e+02 -1.8664783872e-03
5.5537183282e+02 -1.5713202436e-03
5.6546093828e+02 -1.3224424530e-03
5.7565829575e+02 -1.1879216232e-03
5.8595237151e+02 -1.0909639176e-03
5.9633121136e+02 -1.0074023989e-03
6.0678284256e+02 -9.4867037809e-04
6.1729566514e+02 -8.8136294879e-04
6.2785879892e+02 -7.9607046614e-04
6.3846235889e+02 -7.1576706086e-04
6.4909764242e+02 -6.4717936356e-04
6.5975722295e+02 -5.9691283024e-04
6.7043495588e+02 -5.5866563729e-04
6.8112591136e+02 -5.1497450047e-04
6.9182625336e+02 -4.6579904427e-04
7.0253308669e+02 -4.2491339912e-04
7.1324429176e+02 -3.8995158403e-04
7.2395836319e+02 -3.5928165365e-04
7.3467426374e+02 -3.3190389482e-04
7.4539130004e+02 -3.0762108192e-04
7.5610902239e+02 -2.8610136934e-04
7.6682714778e+02 -2.6629273407e-04
7.7754550345e+02 -2.4855521998e-04
7.8826398703e+02 -2.3263925639e-04
7.9898253968e+02 -2.1812521572e-04
8.0970112858e+02 -2.0485807378e-04
8.2041973597e+02 -1.9268085421e-04
8.3113835253e+02 -1.8149120629e-04
8.4185697350e+02 -1.7118697059e-04
8.5257559653e+02 -1.6169765194e-04
8.6329422051e+02 -1.5294797012e-04
8.7401284489e+02 -1.4487536001e-04
8.8473146946e+02 -1.3742044804e-04
8.9545009410e+02 -1.3052746377e-04
9.0616871877e+02 -1.2414749256e-04
9.1688734345e+02 -1.1823441340e-04
9.2760596814e+02 -1.1275130489e-04
9.3832459282e+02 -1.0766553623e-04
9.4904321751e+02 -1.0295060549e-04
9.5976184220e+02 -9.8577619838e-05
9.7048046689e+02 -9.4520611927e-05
9.8119909158e+02 -9.0744430473e-05
9.9191771626e+02 -8.7221189249e-05
1.0026363410e+03 -8.3913622898e-05
1.0133549656e+03 -8.0800443082e-05
1.0240735903e+03 -7.7853302670e-05
1.0347922150e+03 -7.5066587675e-05
1.0455108397e+03 -7.2425905472e-05
1.0562294644e+03 -6.9939710913e-05
1.0669480891e+03 -6.7597545899e-05
1.0776667138e+03 -6.5407248483e-05
1.0883853385e+03 -6.3351379595e-05
1.0991039631e+03 -6.1431983014e-05
1.1098225878e+03 -5.9626485317e-05
1.1205412125e+03 -5.7934162371e-05
1.1312598372e+03 -5.6330620304e-05
1.1419784619e+03 -5.4815140723e-05
1.1526970866e+03 -5.3362938269e-05
1.1634157113e+03 -5.1973067806e-05
1.1741343360e+03 -5.0619711118e-05
1.1848529607e+03 -4.9302041807e-05
1.1955715853e+03 -4.7997452600e-05
1.2062902100e+03 -4.6712022139e-05
1.2170088347e+03 -4.5433485744e-05
1.2277274594e+03 -4.4178934793e-05
1.2384460841e+03 -4.2946819099e-05
1.2491647088e+03 -4.1761888327e-05
1.2598833335e+03 -4.0627026195e-05
1.2706019582e+03 -3.9565214484e-05
1.2813205828e+03 -3.8573620691e-05
1.2920392075e+03 -3.7664655844e-05
1.3027578322e+03 -3.6825884512e-05
1.3134764569e+03 -3.6059705278e-05
1.3241950816e+03 -3.5349750007e-05
1.3349137063e+03 -3.4695750335e-05
1.3456323310e+03 -3.4085213643e-05
1.3563509557e+03 -3.3518782354e-05
1.3670695803e+03 -3.2986814316e-05
1.3777882050e+03 -3.2488104182e-05
1.3885068297e+03 -3.2016044173e-05
1.3992254544e+03 -3.1572570282e-05
1.4099440791e+03 -3.1159527635e-05
1.4206627038e+03 -3.0782524719e-05
1.4313813285e+03 -3.0445937205e-05
1.4420999532e+03 -3.0148260156e-05
1.4528185779e+03 -2.9886876100e-05
1.4635372025e+03 -2.9649480525e-05
1.4742558272e+03 -2.9429346236e-05
1.4849744519e+03 -2.9211724492e-05
1.4956930766e+03 -2.8992548756e-05
1.5064117013e+03 -2.8761508133e-05
1.5171303260e+03 -2.8520508260e-05
1.5278489507e+03 -2.8267789316e-05
1.5385675754e+03 -2.8012222129e-05
1.5492862000e+03 -2.7759347967e-05
1.5600048247e+03 -2.7519758703e-05
1.5707234494e+03 -2.7298851795e-05
1.5814420741e+03 -2.7102220250e-05
1.5921606988e+03 -2.6930566847e-05
1.6028793235e+03 -2.6783707660e-05
1.6135979482e+03 -2.6658283749e-05
1.6243165729e+03 -2.6549959778e-05
1.6350351976e+03 -2.6452459207e-05
1.6457538222e+03 -2.6359883604e-05
1.6564724469e+03 -2.6266381908e-05
1.6671910716e+03 -2.6169272197e-05
1.6779096963e+03 -2.6065351357e-05
1.6886283210e+03 -2.5955601574e-05
1.6993469457e+03 -2.5837698261e-05
1.7100655704e+03 -2.5715894244e-05
1.7207841951e+03 -2.5589850152e-05
1.7315028197e+03 -2.5468036932e-05
1.7422214444e+03 -2.5351852765e-05
1.7529400691e+03 -2.5251525963e-05
1.7636586938e+03 -2.5168028269e-05
1.7743773185e+03 -2.5111119706e-05
1.7850959432e+03 -2.5079553131e-05
1.7958145679e+03 -2.5080677956e-05
1.8065331926e+03 -2.5109407399e-05
1.8172518173e+03 -2.5170294215e-05
1.8279704419e+03 -2.5254774661e-05
1.8386890666e+03 -2.5365428877e-05
1.8494076913e+03 -2.5490301918e-05
1.8601263160e+03 -2.5629501699e-05
1.8708449407e+03 -2.5767154905e-05
1.8815635654e+03 -2.5900719730e-05
1.8922821901e+03 -2.6012220445e-05
1.9030008148e+03 -2.6098635547e-05
1.9137194394e+03 -2.6144309265e-05
1.9244380641e+03 -2.6150365681e-05
1.9351566888e+03 -2.6108907920e-05
1.9458753135e+03 -2.6029155882e-05
1.9565939382e+03 -2.5911596684e-05
1.9673125629e+03 -2.5771566079e-05
1.9780311876e+03 -2.5612741455e-05
1.9887498123e+03 -2.5451044240e-05
1.9994684369e+03 -2.5286947006e-05
2.0101870616e+03 -2.5131023540e-05
2.0209056863e+03 -2.4976857215e-05
2.0316243110e+03 -2.4829050405e-05
2.0423429357e+03 -2.4679475653e-05
2.0530615604e+03 -2.4532578804e-05
2.0637801851e+03 -2.4385220042e-05
2.0744988098e+03 -2.4240706487e-05
2.0852174345e+03 -2.4099094865e-05
2.0959360591e+03 -2.3955621104e-05
2.1066546838e+03 -2.3813889912e-05
2.1173733085e+03 -2.3660767606e-05
2.1280919332e+03 -2.3510059901e-05
2.1388105579e+03 -2.3342076819e-05
2.1495291826e+03 -2.3183104843e-05
2.1602478073e+03 -2.3004590764e-05
2.1709664320e+03 -2.2842820253e-05
2.1816850566e+03 -2.2660173733e-05
2.1924036813e+03 -2.2500841509e-05
2.2031223060e+03 -2.2321952797e-05
2.2138409307e+03 -2.2173332496e-05
2.2245595554e+03 -2.2012600929e-05
2.2352781801e+03 -2.1890751405e-05
2.2459968048e+03 -2.1770265828e-05
2.2567154295e+03 -2.1694870908e-05
2.2674340542e+03 -2.1635971735e-05
2.2781526788e+03 -2.1621464946e-05
2.2888713035e+03 -2.1638276019e-05
2.2995899282e+03 -2.1691519018e-05
2.3103085529e+03 -2.1791330737e-05
2.3210271776e+03 -2.1914748165e-05
2.3317458023e+03 -2.2101562625e-05
2.3424644270e+03 -2.2294342189e-05
2.3531830517e+03 -2.2563202183e-05
2.3639016763e+03 -2.2808141619e-05
2.3746203010e+03 -2.3128861341e-05
2.3853389257e+03 -2.3380811979e-05
2.3960575504e+03 -2.3695861494e-05
2.4067761751e+03 -2.3889465935e-05
2.4174947998e+03 -2.4128586479e-05
2.4282134245e+03 -2.4196394821e-05
2.4389320492e+03 -2.4295850759e-05
2.4496506739e+03 -2.4186538892e-05
2.4603692985e+03 -2.4106289984e-05
2.4710879232e+03 -2.3800413599e-05
2.4818065479e+03 -2.3538179020e-05
2.4925251726e+03 -2.3057714693e-05
2.5032437973e+03 -2.2649774537e-05
2.5139624220e+03 -2.2049623728e-05
2.5246810467e+03 -2.1554975510e-05
2.5353996714e+03 -2.0907453702e-05
2.5461182960e+03 -2.0395686347e-05
2.5568369207e+03 -1.9784858704e-05
2.5675555454e+03 -1.9335117104e-05
2.5782741701e+03 -1.8861618161e-05
2.5889927948e+03 -1.8572647188e-05
2.5997114195e+03 -1.8367882377e-05
2.6104300442e+03 -1.8376055986e-05
2.6211486689e+03 -1.8619292192e-05
2.6318672935e+03 -1.9116542848e-05
2.6425859182e+03 -2.0036004535e-05
2.6533045429e+03 -2.1249011991e-05
2.6640231676e+03 -2.3049213493e-05
2.6747417923e+03 -2.5122789172e-05
2.6854604170e+03 -2.7810271309e-05
2.6961790417e+03 -3.0609590401e-05
2.7068976664e+03 -3.3785411166e-05
2.7176162911e+03 -3.6731249820e-05
2.7283349157e+03 -3.9526294319e-05
2.7390535404e+03 -4.1677026349e-05
2.7497721651e+03 -4.3063770122e-05
2.7604907898e+03 -4.3729763081e-05
