# Rotated Reynolds stress Morkovin's scaling
# Columns: y_plus    rho w''w''rotated/tau_wall
3.9100267708e-01 9.8564658601e-03
1.1669246953e+00 7.1908494161e-02
1.9435303622e+00 1.6654349963e-01
2.7210037404e+00 2.7505562576e-01
3.4995481111e+00 3.8684040748e-01
4.2793829765e+00 4.9601491359e-01
5.0607410474e+00 6.0007640283e-01
5.8438654524e+00 6.9805857101e-01
6.6290073199e+00 7.9014709481e-01
7.4164238012e+00 8.7661254885e-01
8.2063765381e+00 9.5797961254e-01
8.9991305383e+00 1.0345056967e+00
9.7949533913e+00 1.1065501800e+00
1.0594114757e+01 1.1742383890e+00
1.1396886058e+01 1.2377628422e+00
1.2203540314e+01 1.2971326777e+00
1.3014352078e+01 1.3524353280e+00
1.3829597436e+01 1.4036859329e+00
1.4649554046e+01 1.4510230708e+00
1.5474501205e+01 1.4945795628e+00
1.6304719923e+01 1.5345863127e+00
1.7140493017e+01 1.5712625653e+00
1.7982105198e+01 1.6048717931e+00
1.8829843169e+01 1.6356512447e+00
1.9683995721e+01 1.6638387434e+00
2.0544853828e+01 1.6896196892e+00
2.1412710751e+01 1.7131303888e+00
2.2287862134e+01 1.7344554071e+00
2.3170606107e+01 1.7536661318e+00
2.4061243385e+01 1.7708550641e+00
2.4960077373e+01 1.7861383207e+00
2.5867414268e+01 1.7996573860e+00
2.6783563163e+01 1.8115515066e+00
2.7708836155e+01 1.8219659542e+00
2.8643548447e+01 1.8310315641e+00
2.9588018458e+01 1.8388843343e+00
3.0542567932e+01 1.8456456670e+00
3.1507522046e+01 1.8514451200e+00
3.2483209521e+01 1.8563997283e+00
3.3469962736e+01 1.8606305242e+00
3.4468117838e+01 1.8642310894e+00
3.5478014859e+01 1.8672707874e+00
3.6499997830e+01 1.8697769241e+00
3.7534414901e+01 1.8717744118e+00
3.8581618456e+01 1.8732780186e+00
3.9641965236e+01 1.8742894684e+00
4.0715816460e+01 1.8747740730e+00
4.1803537945e+01 1.8746924178e+00
4.2905500235e+01 1.8740117742e+00
4.4022078725e+01 1.8727465236e+00
4.5153653789e+01 1.8709697645e+00
4.6300610910e+01 1.8687847919e+00
4.7463340810e+01 1.8662424464e+00
4.8642239585e+01 1.8633253960e+00
4.9837708839e+01 1.8599888809e+00
5.1050155822e+01 1.8562288992e+00
5.2279993564e+01 1.8520976177e+00
5.3527641025e+01 1.8476522888e+00
5.4793523226e+01 1.8428958669e+00
5.6078071405e+01 1.8377794908e+00
5.7381723156e+01 1.8322417705e+00
5.8704922581e+01 1.8262482440e+00
6.0048120441e+01 1.8198320915e+00
6.1411774312e+01 1.8130913654e+00
6.2796348734e+01 1.8061416154e+00
6.4202315379e+01 1.7990605274e+00
6.5630153203e+01 1.7918956201e+00
6.7080348613e+01 1.7846970529e+00
6.8553395635e+01 1.7775158486e+00
7.0049796075e+01 1.7703417569e+00
7.1570059699e+01 1.7630732865e+00
7.3114704399e+01 1.7555407617e+00
7.4684256376e+01 1.7476071947e+00
7.6279250313e+01 1.7392508051e+00
7.7900229560e+01 1.7305593662e+00
7.9547746322e+01 1.7216339239e+00
8.1222361842e+01 1.7125858384e+00
8.2924646595e+01 1.7035481012e+00
8.4655180482e+01 1.6946126475e+00
8.6414553026e+01 1.6857325640e+00
8.8203363577e+01 1.6767673531e+00
9.0022221510e+01 1.6675902955e+00
9.1871746439e+01 1.6581322247e+00
9.3752568424e+01 1.6483756612e+00
9.5665328185e+01 1.6383914451e+00
9.7610677324e+01 1.6283319223e+00
9.9589278544e+01 1.6183190513e+00
1.0160180588e+02 1.6082969222e+00
1.0364894491e+02 1.5982338918e+00
1.0573139302e+02 1.5882800406e+00
1.0784985962e+02 1.5785541362e+00
1.1000506638e+02 1.5690376894e+00
1.1219774750e+02 1.5596943652e+00
1.1442864993e+02 1.5505548990e+00
1.1669853366e+02 1.5417813148e+00
1.1900817195e+02 1.5335085051e+00
1.2135835159e+02 1.5256213623e+00
1.2374987321e+02 1.5177073287e+00
1.2618355149e+02 1.5093415894e+00
1.2866021550e+02 1.5004477039e+00
1.3118070893e+02 1.4911022283e+00
1.3374589042e+02 1.4812166640e+00
1.3635663383e+02 1.4708014969e+00
1.3901382852e+02 1.4600431674e+00
1.4171837970e+02 1.4490869691e+00
1.4447120871e+02 1.4379887854e+00
1.4727325332e+02 1.4268367015e+00
1.5012546808e+02 1.4158253833e+00
1.5302882462e+02 1.4051075391e+00
1.5598431200e+02 1.3944882533e+00
1.5899293705e+02 1.3836821108e+00
1.6205572468e+02 1.3725183655e+00
1.6517371825e+02 1.3609826112e+00
1.6834797995e+02 1.3488106477e+00
1.7157959112e+02 1.3355782093e+00
1.7486965264e+02 1.3210810355e+00
1.7821928531e+02 1.3058217773e+00
1.8162963021e+02 1.2905505825e+00
1.8510184912e+02 1.2751933008e+00
1.8863712487e+02 1.2595564166e+00
1.9223666179e+02 1.2440341004e+00
1.9590168612e+02 1.2287684819e+00
1.9963344636e+02 1.2130747774e+00
2.0343321380e+02 1.1963770581e+00
2.0730228285e+02 1.1788519562e+00
2.1124197156e+02 1.1605604513e+00
2.1525362201e+02 1.1411971025e+00
2.1933860083e+02 1.1208348322e+00
2.2349829959e+02 1.1001594845e+00
2.2773413535e+02 1.0794356846e+00
2.3204755109e+02 1.0587883422e+00
2.3644001621e+02 1.0383599282e+00
2.4091302705e+02 1.0180261608e+00
2.4546810739e+02 9.9707491549e-01
2.5010680897e+02 9.7503789549e-01
2.5483071201e+02 9.5196132925e-01
2.5964142574e+02 9.2798074582e-01
2.6454058900e+02 9.0353023761e-01
2.6952987074e+02 8.7858380362e-01
2.7461097059e+02 8.5284391556e-01
2.7978561950e+02 8.2650193477e-01
2.8505558025e+02 7.9944981684e-01
2.9042264812e+02 7.7172819254e-01
2.9588865145e+02 7.4326695848e-01
3.0145545230e+02 7.1417256706e-01
3.0712494704e+02 6.8430826769e-01
3.1289906706e+02 6.5388161465e-01
3.1877977936e+02 6.2287293328e-01
3.2476908727e+02 5.9131011511e-01
3.3086903110e+02 5.6015692021e-01
3.3708168886e+02 5.2974437652e-01
3.4340917693e+02 4.9983887236e-01
3.4985365079e+02 4.6999204152e-01
3.5641730571e+02 4.3990749070e-01
3.6310237742e+02 4.1030598072e-01
3.6991114271e+02 3.8108818831e-01
3.7684591986e+02 3.5197175953e-01
3.8390906882e+02 3.2281432042e-01
3.9110299071e+02 2.9414543090e-01
3.9843012636e+02 2.6651231747e-01
4.0589295306e+02 2.4050657132e-01
4.1349397829e+02 2.1589444494e-01
4.2123572889e+02 1.9237214899e-01
4.2912073304e+02 1.7006129564e-01
4.3715149217e+02 1.4943750727e-01
4.4533043852e+02 1.3074636550e-01
4.5365987429e+02 1.1368925857e-01
4.6214188770e+02 9.7890920703e-02
4.7077824235e+02 8.3297995868e-02
4.7957023817e+02 7.0445103021e-02
4.8851854519e+02 5.9295498447e-02
4.9762301594e+02 4.9639761341e-02
5.0688248733e+02 4.1275949529e-02
5.1629458829e+02 3.3869919138e-02
5.2585557360e+02 2.7429045837e-02
5.3556020708e+02 2.2170194189e-02
5.4540171575e+02 1.7957864294e-02
5.5537183282e+02 1.4523079206e-02
5.6546093828e+02 1.1776265877e-02
5.7565829575e+02 9.5688808566e-03
5.8595237151e+02 7.8007362045e-03
5.9633121136e+02 6.3696315965e-03
6.0678284256e+02 5.2633903027e-03
6.1729566514e+02 4.3976663983e-03
6.2785879892e+02 3.7056273637e-03
6.3846235889e+02 3.1512710711e-03
6.4909764242e+02 2.7062194110e-03
6.5975722295e+02 2.3535147979e-03
6.7043495588e+02 2.0705076265e-03
6.8112591136e+02 1.8379642297e-03
6.9182625336e+02 1.6391556058e-03
7.0253308669e+02 1.4720441795e-03
7.1324429176e+02 1.3354934735e-03
7.2395836319e+02 1.2198696543e-03
7.3467426374e+02 1.1193509037e-03
7.4539130004e+02 1.0312046812e-03
7.5610902239e+02 9.5373869292e-04
7.6682714778e+02 8.8586196529e-04
7.7754550345e+02 8.2662617971e-04
7.8826398703e+02 7.7456116816e-04
7.9898253968e+02 7.2856754965e-04
8.0970112858e+02 6.8784187719e-04
8.2041973597e+02 6.5166112353e-04
8.3113835253e+02 6.1946088071e-04
8.4185697350e+02 5.9070692735e-04
8.5257559653e+02 5.6498569702e-04
8.6329422051e+02 5.4190414024e-04
8.7401284489e+02 5.2117021751e-04
8.8473146946e+02 5.0250175832e-04
8.9545009410e+02 4.8569427691e-04
9.0616871877e+02 4.7053961670e-04
9.1688734345e+02 4.5689124597e-04
9.2760596814e+02 4.4459420589e-04
9.3832459282e+02 4.3354853234e-04
9.4904321751e+02 4.2363920752e-04
9.5976184220e+02 4.1479067570e-04
9.7048046689e+02 4.0689802170e-04
9.8119909158e+02 3.9988065495e-04
9.9191771626e+02 3.9362677866e-04
1.0026363410e+03 3.8805270553e-04
1.0133549656e+03 3.8305932891e-04
1.0240735903e+03 3.7858557846e-04
1.0347922150e+03 3.7456363948e-04
1.0455108397e+03 3.7095856796e-04
1.0562294644e+03 3.6772316222e-04
1.0669480891e+03 3.6483283929e-04
1.0776667138e+03 3.6224573216e-04
1.0883853385e+03 3.5993993793e-04
1.0991039631e+03 3.5787397536e-04
1.1098225878e+03 3.5602905796e-04
1.1205412125e+03 3.5436522329e-04
1.1312598372e+03 3.5287129213e-04
1.1419784619e+03 3.5151314090e-04
1.1526970866e+03 3.5029132846e-04
1.1634157113e+03 3.4917735655e-04
1.1741343360e+03 3.4818178485e-04
1.1848529607e+03 3.4727849873e-04
1.1955715853e+03 3.4648867268e-04
1.2062902100e+03 3.4578966833e-04
1.2170088347e+03 3.4521225461e-04
1.2277274594e+03 3.4472947514e-04
1.2384460841e+03 3.4436949107e-04
1.2491647088e+03 3.4408992841e-04
1.2598833335e+03 3.4391316387e-04
1.2706019582e+03 3.4378620972e-04
1.2813205828e+03 3.4373626764e-04
1.2920392075e+03 3.4370803337e-04
1.3027578322e+03 3.4373953920e-04
1.3134764569e+03 3.4377363671e-04
1.3241950816e+03 3.4386134538e-04
1.3349137063e+03 3.4394483800e-04
1.3456323310e+03 3.4409120045e-04
1.3563509557e+03 3.4423938012e-04
1.3670695803e+03 3.4446531620e-04
1.3777882050e+03 3.4469464973e-04
1.3885068297e+03 3.4500471034e-04
1.3992254544e+03 3.4530718676e-04
1.4099440791e+03 3.4568316829e-04
1.4206627038e+03 3.4603610706e-04
1.4313813285e+03 3.4645502416e-04
1.4420999532e+03 3.4683998343e-04
1.4528185779e+03 3.4728884287e-04
1.4635372025e+03 3.4769771481e-04
1.4742558272e+03 3.4816937614e-04
1.4849744519e+03 3.4859424348e-04
1.4956930766e+03 3.4907921371e-04
1.5064117013e+03 3.4951187380e-04
1.5171303260e+03 3.5000526980e-04
1.5278489507e+03 3.5044424845e-04
1.5385675754e+03 3.5094489701e-04
1.5492862000e+03 3.5138435418e-04
1.5600048247e+03 3.5187931884e-04
1.5707234494e+03 3.5229792465e-04
1.5814420741e+03 3.5276092496e-04
1.5921606988e+03 3.5313142133e-04
1.6028793235e+03 3.5354048933e-04
1.6135979482e+03 3.5384862559e-04
1.6243165729e+03 3.5419622281e-04
1.6350351976e+03 3.5443724325e-04
1.6457538222e+03 3.5471901723e-04
1.6564724469e+03 3.5489125493e-04
1.6671910716e+03 3.5511314320e-04
1.6779096963e+03 3.5523570646e-04
1.6886283210e+03 3.5543076231e-04
1.6993469457e+03 3.5554685126e-04
1.7100655704e+03 3.5576000256e-04
1.7207841951e+03 3.5590754140e-04
1.7315028197e+03 3.5616331398e-04
1.7422214444e+03 3.5635082327e-04
1.7529400691e+03 3.5664474506e-04
1.7636586938e+03 3.5686118049e-04
1.7743773185e+03 3.5718522474e-04
1.7850959432e+03 3.5743066942e-04
1.7958145679e+03 3.5779371831e-04
1.8065331926e+03 3.5807814941e-04
1.8172518173e+03 3.5848373434e-04
1.8279704419e+03 3.5879688292e-04
1.8386890666e+03 3.5922024200e-04
1.8494076913e+03 3.5952510700e-04
1.8601263160e+03 3.5992351695e-04
1.8708449407e+03 3.6017908734e-04
1.8815635654e+03 3.6051900593e-04
1.8922821901e+03 3.6070246921e-04
1.9030008148e+03 3.6096897814e-04
1.9137194394e+03 3.6107077909e-04
1.9244380641e+03 3.6125368822e-04
1.9351566888e+03 3.6126245820e-04
1.9458753135e+03 3.6134662377e-04
1.9565939382e+03 3.6124741922e-04
1.9673125629e+03 3.6121930264e-04
1.9780311876e+03 3.6100669171e-04
1.9887498123e+03 3.6087021035e-04
1.9994684369e+03 3.6056169065e-04
2.0101870616e+03 3.6034442650e-04
2.0209056863e+03 3.5997621590e-04
2.0316243110e+03 3.5971515178e-04
2.0423429357e+03 3.5932094689e-04
2.0530615604e+03 3.5904142738e-04
2.0637801851e+03 3.5863919061e-04
2.0744988098e+03 3.5835419789e-04
2.0852174345e+03 3.5795782999e-04
2.0959360591e+03 3.5768661089e-04
2.1066546838e+03 3.5732431011e-04
2.1173733085e+03 3.5710434213e-04
2.1280919332e+03 3.5682107127e-04
2.1388105579e+03 3.5670344162e-04
2.1495291826e+03 3.5655127909e-04
2.1602478073e+03 3.5658956139e-04
2.1709664320e+03 3.5661631376e-04
2.1816850566e+03 3.5685809800e-04
2.1924036813e+03 3.5710482457e-04
2.2031223060e+03 3.5759775301e-04
2.2138409307e+03 3.5811523569e-04
2.2245595554e+03 3.5893008136e-04
2.2352781801e+03 3.5980175213e-04
2.2459968048e+03 3.6104310081e-04
2.2567154295e+03 3.6237731128e-04
2.2674340542e+03 3.6415929495e-04
2.2781526788e+03 3.6605948259e-04
2.2888713035e+03 3.6848195636e-04
2.2995899282e+03 3.7103456802e-04
2.3103085529e+03 3.7418034835e-04
2.3210271776e+03 3.7745699047e-04
2.3317458023e+03 3.8139239435e-04
2.3424644270e+03 3.8544616840e-04
2.3531830517e+03 3.9020985563e-04
2.3639016763e+03 3.9505902741e-04
2.3746203010e+03 4.0064437429e-04
2.3853389257e+03 4.0626114485e-04
2.3960575504e+03 4.1261557336e-04
2.4067761751e+03 4.1893948359e-04
2.4174947998e+03 4.2599076972e-04
2.4282134245e+03 4.3296676661e-04
2.4389320492e+03 4.4066740679e-04
2.4496506739e+03 4.4829103129e-04
2.4603692985e+03 4.5665760723e-04
2.4710879232e+03 4.6500450817e-04
2.4818065479e+03 4.7413703809e-04
2.4925251726e+03 4.8337199604e-04
2.5032437973e+03 4.9345394926e-04
2.5139624220e+03 5.0381900935e-04
2.5246810467e+03 5.1509469896e-04
2.5353996714e+03 5.2687724017e-04
2.5461182960e+03 5.3961966785e-04
2.5568369207e+03 5.5312392428e-04
2.5675555454e+03 5.6761336267e-04
2.5782741701e+03 5.8313655038e-04
2.5889927948e+03 5.9962772233e-04
2.5997114195e+03 6.1740179608e-04
2.6104300442e+03 6.3604387181e-04
2.6211486689e+03 6.5612580406e-04
2.6318672935e+03 6.7684688486e-04
2.6425859182e+03 6.9898374300e-04
2.6533045429e+03 7.2136015311e-04
2.6640231676e+03 7.4482760654e-04
2.6747417923e+03 7.6792092695e-04
2.6854604170e+03 7.9132059416e-04
2.6961790417e+03 8.1348545470e-04
2.7068976664e+03 8.3455850941e-04
2.7176162911e+03 8.5334883484e-04
2.7283349157e+03 8.6906127570e-04
2.7390535404e+03 8.8156874774e-04
2.7497721651e+03 8.8894934562e-04
2.7604907898e+03 8.9369293554e-04
