# Two-point auto-correlation R_33 (Cartesian) — case DNS_re250_mr02_11 (MR02), y^+ = 15
# Definition: R_{ij}(Δz; y) = < u_i''(x,y,z) u_j''(x,y,z+Δz) > / < u_i''(x,y,z)^2 >
# Columns: delta_z_plus    R
0.0000000000e+00 1.0000000000e+00
3.5969522218e+00 9.7850558127e-01
7.1939044435e+00 9.1960446873e-01
1.0790856665e+01 8.3545295263e-01
1.4387808887e+01 7.3844376737e-01
1.7984761109e+01 6.3816667449e-01
2.1581713331e+01 5.4098800021e-01
2.5178665552e+01 4.5069888317e-01
2.8775617774e+01 3.6926034898e-01
3.2372569996e+01 2.9742902711e-01
3.5969522218e+01 2.3517951260e-01
3.9566474439e+01 1.8204305313e-01
4.3163426661e+01 1.3732759583e-01
4.6760378883e+01 1.0023877516e-01
5.0357331105e+01 6.9913106138e-02
5.3954283326e+01 4.5448096778e-02
5.7551235548e+01 2.5942449620e-02
6.1148187770e+01 1.0546695318e-02
6.4745139992e+01 -1.4914001865e-03
6.8342092214e+01 -1.0798764800e-02
7.1939044435e+01 -1.7875944035e-02
7.5535996657e+01 -2.3117118226e-02
7.9132948879e+01 -2.6839814030e-02
8.2729901101e+01 -2.9307041452e-02
8.6326853322e+01 -3.0757986808e-02
8.9923805544e+01 -3.1427550391e-02
9.3520757766e+01 -3.1544907042e-02
9.7117709988e+01 -3.1309644862e-02
1.0071466221e+02 -3.0865187483e-02
1.0431161443e+02 -3.0303520409e-02
1.0790856665e+02 -2.9692627751e-02
1.1150551887e+02 -2.9096056226e-02
1.1510247110e+02 -2.8571014287e-02
1.1869942332e+02 -2.8147227785e-02
1.2229637554e+02 -2.7815021545e-02
1.2589332776e+02 -2.7528542305e-02
1.2949027998e+02 -2.7232913224e-02
1.3308723221e+02 -2.6901260255e-02
1.3668418443e+02 -2.6552905330e-02
1.4028113665e+02 -2.6238460335e-02
1.4387808887e+02 -2.6014849223e-02
1.4747504109e+02 -2.5916452178e-02
1.5107199331e+02 -2.5934540252e-02
1.5466894554e+02 -2.6021376507e-02
1.5826589776e+02 -2.6113384905e-02
1.6186284998e+02 -2.6157359410e-02
1.6545980220e+02 -2.6127872533e-02
1.6905675442e+02 -2.6032309173e-02
1.7265370664e+02 -2.5901409166e-02
1.7625065887e+02 -2.5775143357e-02
1.7984761109e+02 -2.5697498270e-02
1.8344456331e+02 -2.5709180266e-02
1.8704151553e+02 -2.5835368235e-02
1.9063846775e+02 -2.6081738849e-02
1.9423541998e+02 -2.6432385503e-02
1.9783237220e+02 -2.6844734380e-02
2.0142932442e+02 -2.7258624674e-02
2.0502627664e+02 -2.7619070343e-02
2.0862322886e+02 -2.7905234289e-02
2.1222018108e+02 -2.8130405467e-02
2.1581713331e+02 -2.8313761101e-02
2.1941408553e+02 -2.8464156998e-02
2.2301103775e+02 -2.8585221608e-02
2.2660798997e+02 -2.8689178592e-02
2.3020494219e+02 -2.8799444910e-02
2.3380189441e+02 -2.8937507142e-02
2.3739884664e+02 -2.9104351446e-02
2.4099579886e+02 -2.9273689524e-02
2.4459275108e+02 -2.9394230917e-02
2.4818970330e+02 -2.9395108057e-02
2.5178665552e+02 -2.9200878659e-02
2.5538360775e+02 -2.8758942758e-02
2.5898055997e+02 -2.8055702393e-02
2.6257751219e+02 -2.7121892590e-02
2.6617446441e+02 -2.6028568834e-02
2.6977141663e+02 -2.4871209662e-02
2.7336836885e+02 -2.3735065548e-02
2.7696532108e+02 -2.2669441338e-02
2.8056227330e+02 -2.1696771009e-02
2.8415922552e+02 -2.0827582919e-02
2.8775617774e+02 -2.0061747891e-02
2.9135312996e+02 -1.9372989795e-02
2.9495008218e+02 -1.8710082613e-02
2.9854703441e+02 -1.8021503200e-02
3.0214398663e+02 -1.7284358778e-02
3.0574093885e+02 -1.6512204270e-02
3.0933789107e+02 -1.5736793878e-02
3.1293484329e+02 -1.4988128730e-02
3.1653179552e+02 -1.4288257821e-02
3.2012874774e+02 -1.3650645538e-02
3.2372569996e+02 -1.3089583372e-02
3.2732265218e+02 -1.2624381480e-02
3.3091960440e+02 -1.2274594478e-02
3.3451655662e+02 -1.2054005307e-02
3.3811350885e+02 -1.1960436011e-02
3.4171046107e+02 -1.1979975128e-02
3.4530741329e+02 -1.2103968490e-02
3.4890436551e+02 -1.2329695494e-02
3.5250131773e+02 -1.2652055301e-02
3.5609826995e+02 -1.3054425843e-02
3.5969522218e+02 -1.3491878471e-02
3.6329217440e+02 -1.3886749897e-02
3.6688912662e+02 -1.4144950447e-02
3.7048607884e+02 -1.4185224775e-02
3.7408303106e+02 -1.3965624406e-02
3.7767998329e+02 -1.3481359153e-02
3.8127693551e+02 -1.2742088599e-02
3.8487388773e+02 -1.1760724154e-02
3.8847083995e+02 -1.0554658185e-02
3.9206779217e+02 -9.1552739594e-03
3.9566474439e+02 -7.6323321839e-03
3.9926169662e+02 -6.0946464911e-03
4.0285864884e+02 -4.6644556437e-03
4.0645560106e+02 -3.4468799826e-03
4.1005255328e+02 -2.5147942356e-03
4.1364950550e+02 -1.9170001799e-03
4.1724645772e+02 -1.6852401777e-03
4.2084340995e+02 -1.8290698037e-03
4.2444036217e+02 -2.3211091460e-03
4.2803731439e+02 -3.0884603016e-03
4.3163426661e+02 -4.0257437295e-03
4.3523121883e+02 -5.0181444893e-03
4.3882817106e+02 -5.9500105466e-03
4.4242512328e+02 -6.7094331889e-03
4.4602207550e+02 -7.2014584380e-03
4.4961902772e+02 -7.3649347642e-03
4.5321597994e+02 -7.1822736661e-03
4.5681293216e+02 -6.6810569674e-03
4.6040988439e+02 -5.9198500336e-03
4.6400683661e+02 -4.9681528257e-03
4.6760378883e+02 -3.8954211055e-03
4.7120074105e+02 -2.7666475464e-03
4.7479769327e+02 -1.6361254088e-03
4.7839464549e+02 -5.4424809167e-04
4.8199159772e+02 4.7935894697e-04
4.8558854994e+02 1.4145040687e-03
4.8918550216e+02 2.2506644696e-03
4.9278245438e+02 2.9867775269e-03
4.9637940660e+02 3.6257827288e-03
4.9997635883e+02 4.1613830567e-03
5.0357331105e+02 4.5711264320e-03
5.0717026327e+02 4.8178077664e-03
5.1076721549e+02 4.8647578304e-03
5.1436416771e+02 4.6954819709e-03
5.1796111993e+02 4.3031389257e-03
5.2155807216e+02 3.6759250501e-03
5.2515502438e+02 2.8124109055e-03
5.2875197660e+02 1.7479168633e-03
5.3234892882e+02 5.5330327392e-04
5.3594588104e+02 -6.8250116355e-04
5.3954283326e+02 -1.8703241367e-03
5.4313978549e+02 -2.9420406385e-03
5.4673673771e+02 -3.8619301141e-03
5.5033368993e+02 -4.6173810804e-03
5.5393064215e+02 -5.1969160047e-03
5.5752759437e+02 -5.5751631386e-03
5.6112454660e+02 -5.7272509448e-03
5.6472149882e+02 -5.6552792487e-03
5.6831845104e+02 -5.3957310206e-03
5.7191540326e+02 -5.0008663554e-03
5.7551235548e+02 -4.5155288323e-03
5.7910930770e+02 -3.9696771767e-03
5.8270625993e+02 -3.3887587631e-03
5.8630321215e+02 -2.8089376524e-03
5.8990016437e+02 -2.2735542868e-03
5.9349711659e+02 -1.8236205936e-03
5.9709406881e+02 -1.4927807760e-03
6.0069102103e+02 -1.2989353002e-03
6.0428797326e+02 -1.2390883745e-03
6.0788492548e+02 -1.2841830391e-03
6.1148187770e+02 -1.3816631662e-03
6.1507882992e+02 -1.4671113273e-03
6.1867578214e+02 -1.4808325152e-03
6.2227273437e+02 -1.3839036956e-03
6.2586968659e+02 -1.1698297096e-03
6.2946663881e+02 -8.5165155894e-04
6.3306359103e+02 -4.5071573184e-04
6.3666054325e+02 -2.0851694370e-07
6.4025749547e+02 4.5230556141e-04
6.4385444770e+02 8.5751681914e-04
6.4745139992e+02 1.1842803844e-03
6.5104835214e+02 1.4195674528e-03
6.5464530436e+02 1.5598222935e-03
6.5824225658e+02 1.5969623778e-03
6.6183920880e+02 1.5001120008e-03
6.6543616103e+02 1.2248637701e-03
6.6903311325e+02 7.4469507338e-04
6.7263006547e+02 8.1550685001e-05
6.7622701769e+02 -6.9388415512e-04
6.7982396991e+02 -1.4850487663e-03
6.8342092214e+02 -2.2059835507e-03
6.8701787436e+02 -2.8233552385e-03
6.9061482658e+02 -3.3674414148e-03
6.9421177880e+02 -3.9001270975e-03
6.9780873102e+02 -4.4693902193e-03
7.0140568324e+02 -5.0912254482e-03
7.0500263547e+02 -5.7561320255e-03
7.0859958769e+02 -6.4474718623e-03
7.1219653991e+02 -7.1476989461e-03
7.1579349213e+02 -7.8268538471e-03
7.1939044435e+02 -8.4357007795e-03
7.2298739657e+02 -8.9196908884e-03
7.2658434880e+02 -9.2383180556e-03
7.3018130102e+02 -9.3739004812e-03
7.3377825324e+02 -9.3361138719e-03
7.3737520546e+02 -9.1525225551e-03
7.4097215768e+02 -8.8488093711e-03
7.4456910991e+02 -8.4456739699e-03
7.4816606213e+02 -7.9732527938e-03
7.5176301435e+02 -7.4678269022e-03
7.5535996657e+02 -6.9555337213e-03
7.5895691879e+02 -6.4425664905e-03
7.6255387101e+02 -5.9175787982e-03
7.6615082324e+02 -5.3653274068e-03
7.6974777546e+02 -4.7817129169e-03
7.7334472768e+02 -4.1802000917e-03
7.7694167990e+02 -3.5856576308e-03
7.8053863212e+02 -3.0210867828e-03
7.8413558434e+02 -2.5039744291e-03
7.8773253657e+02 -2.0499939483e-03
7.9132948879e+02 -1.6709774452e-03
7.9492644101e+02 -1.3688608739e-03
7.9852339323e+02 -1.1377987048e-03
8.0212034545e+02 -9.7236681931e-04
8.0571729768e+02 -8.7654989600e-04
8.0931424990e+02 -8.6002354012e-04
8.1291120212e+02 -9.2207722901e-04
8.1650815434e+02 -1.0381615824e-03
8.2010510656e+02 -1.1772375885e-03
8.2370205878e+02 -1.3174668382e-03
8.2729901101e+02 -1.4410446897e-03
8.3089596323e+02 -1.5228266791e-03
8.3449291545e+02 -1.5326983816e-03
8.3808986767e+02 -1.4498250001e-03
8.4168681989e+02 -1.2819286420e-03
8.4528377211e+02 -1.0631721998e-03
8.4888072434e+02 -8.2771217897e-04
8.5247767656e+02 -5.9704816238e-04
8.5607462878e+02 -3.9836830273e-04
8.5967158100e+02 -2.8292785835e-04
8.6326853322e+02 -3.1455333917e-04
8.6686548545e+02 -5.3423371369e-04
8.7046243767e+02 -9.3933548129e-04
8.7405938989e+02 -1.4957330184e-03
8.7765634211e+02 -2.1500482486e-03
8.8125329433e+02 -2.8227449734e-03
8.8485024655e+02 -3.4087120982e-03
8.8844719878e+02 -3.8058958168e-03
8.9204415100e+02 -3.9513491030e-03
8.9564110322e+02 -3.8361022448e-03
8.9923805544e+02 -3.5004625645e-03
9.0283500766e+02 -3.0088683430e-03
9.0643195988e+02 -2.4283201687e-03
9.1002891211e+02 -1.8284382844e-03
9.1362586433e+02 -1.2912130734e-03
9.1722281655e+02 -9.1248327085e-04
9.2081976877e+02 -7.7510485628e-04
9.2441672099e+02 -9.1248327085e-04
9.2801367322e+02 -1.2912130734e-03
9.3161062544e+02 -1.8284382844e-03
9.3520757766e+02 -2.4283201687e-03
9.3880452988e+02 -3.0088683430e-03
9.4240148210e+02 -3.5004625645e-03
9.4599843432e+02 -3.8361022448e-03
9.4959538655e+02 -3.9513491030e-03
9.5319233877e+02 -3.8058958168e-03
9.5678929099e+02 -3.4087120982e-03
9.6038624321e+02 -2.8227449734e-03
9.6398319543e+02 -2.1500482486e-03
9.6758014765e+02 -1.4957330184e-03
9.7117709988e+02 -9.3933548129e-04
9.7477405210e+02 -5.3423371369e-04
9.7837100432e+02 -3.1455333917e-04
9.8196795654e+02 -2.8292785835e-04
9.8556490876e+02 -3.9836830273e-04
9.8916186099e+02 -5.9704816238e-04
9.9275881321e+02 -8.2771217897e-04
9.9635576543e+02 -1.0631721998e-03
9.9995271765e+02 -1.2819286420e-03
1.0035496699e+03 -1.4498250001e-03
1.0071466221e+03 -1.5326983816e-03
1.0107435743e+03 -1.5228266791e-03
1.0143405265e+03 -1.4410446897e-03
1.0179374788e+03 -1.3174668382e-03
1.0215344310e+03 -1.1772375885e-03
1.0251313832e+03 -1.0381615824e-03
1.0287283354e+03 -9.2207722901e-04
1.0323252876e+03 -8.6002354012e-04
1.0359222399e+03 -8.7654989600e-04
1.0395191921e+03 -9.7236681931e-04
1.0431161443e+03 -1.1377987048e-03
1.0467130965e+03 -1.3688608739e-03
1.0503100488e+03 -1.6709774452e-03
1.0539070010e+03 -2.0499939483e-03
1.0575039532e+03 -2.5039744291e-03
1.0611009054e+03 -3.0210867828e-03
1.0646978576e+03 -3.5856576308e-03
1.0682948099e+03 -4.1802000917e-03
1.0718917621e+03 -4.7817129169e-03
1.0754887143e+03 -5.3653274068e-03
1.0790856665e+03 -5.9175787982e-03
1.0826826188e+03 -6.4425664905e-03
1.0862795710e+03 -6.9555337213e-03
1.0898765232e+03 -7.4678269022e-03
1.0934734754e+03 -7.9732527938e-03
1.0970704276e+03 -8.4456739699e-03
1.1006673799e+03 -8.8488093711e-03
1.1042643321e+03 -9.1525225551e-03
1.1078612843e+03 -9.3361138719e-03
1.1114582365e+03 -9.3739004812e-03
1.1150551887e+03 -9.2383180556e-03
1.1186521410e+03 -8.9196908884e-03
1.1222490932e+03 -8.4357007795e-03
1.1258460454e+03 -7.8268538471e-03
1.1294429976e+03 -7.1476989461e-03
1.1330399499e+03 -6.4474718623e-03
1.1366369021e+03 -5.7561320255e-03
1.1402338543e+03 -5.0912254482e-03
1.1438308065e+03 -4.4693902193e-03
1.1474277587e+03 -3.9001270975e-03
1.1510247110e+03 -3.3674414148e-03
1.1546216632e+03 -2.8233552385e-03
1.1582186154e+03 -2.2059835507e-03
1.1618155676e+03 -1.4850487663e-03
1.1654125199e+03 -6.9388415512e-04
1.1690094721e+03 8.1550685001e-05
1.1726064243e+03 7.4469507338e-04
1.1762033765e+03 1.2248637701e-03
1.1798003287e+03 1.5001120008e-03
1.1833972810e+03 1.5969623778e-03
1.1869942332e+03 1.5598222935e-03
1.1905911854e+03 1.4195674528e-03
1.1941881376e+03 1.1842803844e-03
1.1977850898e+03 8.5751681914e-04
1.2013820421e+03 4.5230556141e-04
1.2049789943e+03 -2.0851694371e-07
1.2085759465e+03 -4.5071573184e-04
1.2121728987e+03 -8.5165155894e-04
1.2157698510e+03 -1.1698297096e-03
1.2193668032e+03 -1.3839036956e-03
1.2229637554e+03 -1.4808325152e-03
1.2265607076e+03 -1.4671113273e-03
1.2301576598e+03 -1.3816631662e-03
1.2337546121e+03 -1.2841830391e-03
1.2373515643e+03 -1.2390883745e-03
1.2409485165e+03 -1.2989353002e-03
1.2445454687e+03 -1.4927807760e-03
1.2481424210e+03 -1.8236205936e-03
1.2517393732e+03 -2.2735542868e-03
1.2553363254e+03 -2.8089376524e-03
1.2589332776e+03 -3.3887587631e-03
1.2625302298e+03 -3.9696771767e-03
1.2661271821e+03 -4.5155288323e-03
1.2697241343e+03 -5.0008663554e-03
1.2733210865e+03 -5.3957310206e-03
1.2769180387e+03 -5.6552792487e-03
1.2805149909e+03 -5.7272509448e-03
1.2841119432e+03 -5.5751631386e-03
1.2877088954e+03 -5.1969160047e-03
1.2913058476e+03 -4.6173810804e-03
1.2949027998e+03 -3.8619301141e-03
1.2984997521e+03 -2.9420406385e-03
1.3020967043e+03 -1.8703241367e-03
1.3056936565e+03 -6.8250116355e-04
1.3092906087e+03 5.5330327392e-04
1.3128875609e+03 1.7479168633e-03
1.3164845132e+03 2.8124109055e-03
1.3200814654e+03 3.6759250501e-03
1.3236784176e+03 4.3031389257e-03
1.3272753698e+03 4.6954819709e-03
1.3308723221e+03 4.8647578304e-03
1.3344692743e+03 4.8178077664e-03
1.3380662265e+03 4.5711264320e-03
1.3416631787e+03 4.1613830567e-03
1.3452601309e+03 3.6257827288e-03
1.3488570832e+03 2.9867775269e-03
1.3524540354e+03 2.2506644696e-03
1.3560509876e+03 1.4145040687e-03
1.3596479398e+03 4.7935894697e-04
1.3632448920e+03 -5.4424809167e-04
1.3668418443e+03 -1.6361254088e-03
1.3704387965e+03 -2.7666475464e-03
1.3740357487e+03 -3.8954211055e-03
1.3776327009e+03 -4.9681528257e-03
1.3812296532e+03 -5.9198500336e-03
1.3848266054e+03 -6.6810569674e-03
1.3884235576e+03 -7.1822736661e-03
1.3920205098e+03 -7.3649347642e-03
1.3956174620e+03 -7.2014584380e-03
1.3992144143e+03 -6.7094331889e-03
1.4028113665e+03 -5.9500105466e-03
1.4064083187e+03 -5.0181444893e-03
1.4100052709e+03 -4.0257437295e-03
1.4136022232e+03 -3.0884603016e-03
1.4171991754e+03 -2.3211091460e-03
1.4207961276e+03 -1.8290698037e-03
1.4243930798e+03 -1.6852401777e-03
1.4279900320e+03 -1.9170001799e-03
1.4315869843e+03 -2.5147942356e-03
1.4351839365e+03 -3.4468799826e-03
1.4387808887e+03 -4.6644556437e-03
1.4423778409e+03 -6.0946464911e-03
1.4459747931e+03 -7.6323321839e-03
1.4495717454e+03 -9.1552739594e-03
1.4531686976e+03 -1.0554658185e-02
1.4567656498e+03 -1.1760724154e-02
1.4603626020e+03 -1.2742088599e-02
1.4639595543e+03 -1.3481359153e-02
1.4675565065e+03 -1.3965624406e-02
1.4711534587e+03 -1.4185224775e-02
1.4747504109e+03 -1.4144950447e-02
1.4783473631e+03 -1.3886749897e-02
1.4819443154e+03 -1.3491878471e-02
1.4855412676e+03 -1.3054425843e-02
1.4891382198e+03 -1.2652055301e-02
1.4927351720e+03 -1.2329695494e-02
1.4963321243e+03 -1.2103968490e-02
1.4999290765e+03 -1.1979975128e-02
1.5035260287e+03 -1.1960436011e-02
1.5071229809e+03 -1.2054005307e-02
1.5107199331e+03 -1.2274594478e-02
1.5143168854e+03 -1.2624381480e-02
1.5179138376e+03 -1.3089583372e-02
1.5215107898e+03 -1.3650645538e-02
1.5251077420e+03 -1.4288257821e-02
1.5287046943e+03 -1.4988128730e-02
1.5323016465e+03 -1.5736793878e-02
1.5358985987e+03 -1.6512204270e-02
1.5394955509e+03 -1.7284358778e-02
1.5430925031e+03 -1.8021503200e-02
1.5466894554e+03 -1.8710082613e-02
1.5502864076e+03 -1.9372989795e-02
1.5538833598e+03 -2.0061747891e-02
1.5574803120e+03 -2.0827582919e-02
1.5610772642e+03 -2.1696771009e-02
1.5646742165e+03 -2.2669441338e-02
1.5682711687e+03 -2.3735065548e-02
1.5718681209e+03 -2.4871209662e-02
1.5754650731e+03 -2.6028568834e-02
1.5790620254e+03 -2.7121892590e-02
1.5826589776e+03 -2.8055702393e-02
1.5862559298e+03 -2.8758942758e-02
1.5898528820e+03 -2.9200878659e-02
1.5934498342e+03 -2.9395108057e-02
1.5970467865e+03 -2.9394230917e-02
1.6006437387e+03 -2.9273689524e-02
1.6042406909e+03 -2.9104351446e-02
1.6078376431e+03 -2.8937507142e-02
1.6114345954e+03 -2.8799444910e-02
1.6150315476e+03 -2.8689178592e-02
1.6186284998e+03 -2.8585221608e-02
1.6222254520e+03 -2.8464156998e-02
1.6258224042e+03 -2.8313761101e-02
1.6294193565e+03 -2.8130405467e-02
1.6330163087e+03 -2.7905234289e-02
1.6366132609e+03 -2.7619070343e-02
1.6402102131e+03 -2.7258624674e-02
1.6438071653e+03 -2.6844734380e-02
1.6474041176e+03 -2.6432385503e-02
1.6510010698e+03 -2.6081738849e-02
1.6545980220e+03 -2.5835368235e-02
1.6581949742e+03 -2.5709180266e-02
1.6617919265e+03 -2.5697498270e-02
1.6653888787e+03 -2.5775143357e-02
1.6689858309e+03 -2.5901409166e-02
1.6725827831e+03 -2.6032309173e-02
1.6761797353e+03 -2.6127872533e-02
1.6797766876e+03 -2.6157359410e-02
1.6833736398e+03 -2.6113384905e-02
1.6869705920e+03 -2.6021376507e-02
1.6905675442e+03 -2.5934540252e-02
1.6941644965e+03 -2.5916452178e-02
1.6977614487e+03 -2.6014849223e-02
1.7013584009e+03 -2.6238460335e-02
1.7049553531e+03 -2.6552905330e-02
1.7085523053e+03 -2.6901260255e-02
1.7121492576e+03 -2.7232913224e-02
1.7157462098e+03 -2.7528542305e-02
1.7193431620e+03 -2.7815021545e-02
1.7229401142e+03 -2.8147227785e-02
1.7265370664e+03 -2.8571014287e-02
1.7301340187e+03 -2.9096056226e-02
1.7337309709e+03 -2.9692627751e-02
1.7373279231e+03 -3.0303520409e-02
1.7409248753e+03 -3.0865187483e-02
1.7445218276e+03 -3.1309644862e-02
1.7481187798e+03 -3.1544907042e-02
1.7517157320e+03 -3.1427550391e-02
1.7553126842e+03 -3.0757986808e-02
1.7589096364e+03 -2.9307041452e-02
1.7625065887e+03 -2.6839814030e-02
1.7661035409e+03 -2.3117118226e-02
1.7697004931e+03 -1.7875944035e-02
1.7732974453e+03 -1.0798764800e-02
1.7768943976e+03 -1.4914001865e-03
1.7804913498e+03 1.0546695318e-02
1.7840883020e+03 2.5942449620e-02
1.7876852542e+03 4.5448096778e-02
1.7912822064e+03 6.9913106138e-02
1.7948791587e+03 1.0023877516e-01
1.7984761109e+03 1.3732759583e-01
1.8020730631e+03 1.8204305313e-01
1.8056700153e+03 2.3517951260e-01
1.8092669675e+03 2.9742902711e-01
1.8128639198e+03 3.6926034898e-01
1.8164608720e+03 4.5069888317e-01
1.8200578242e+03 5.4098800021e-01
1.8236547764e+03 6.3816667449e-01
1.8272517287e+03 7.3844376737e-01
1.8308486809e+03 8.3545295263e-01
1.8344456331e+03 9.1960446873e-01
1.8380425853e+03 9.7850558127e-01
