# Two-point auto-correlation R_11 (Cartesian) — case DNS_re250_mr02_11 (MR02), y^+ = 15
# Definition: R_{ij}(Δz; y) = < u_i''(x,y,z) u_j''(x,y,z+Δz) > / < u_i''(x,y,z)^2 >
# Columns: delta_z_plus    R
0.0000000000e+00 1.0000000000e+00
3.5969522218e+00 9.6779570569e-01
7.1939044435e+00 8.8187957601e-01
1.0790856665e+01 7.6465852152e-01
1.4387808887e+01 6.3620136922e-01
1.7984761109e+01 5.0977916840e-01
2.1581713331e+01 3.9298492566e-01
2.5178665552e+01 2.8958034690e-01
2.8775617774e+01 2.0090600801e-01
3.2372569996e+01 1.2683755257e-01
3.5969522218e+01 6.6421821125e-02
3.9566474439e+01 1.8311317866e-02
4.3163426661e+01 -1.8974031979e-02
4.6760378883e+01 -4.6948405983e-02
5.0357331105e+01 -6.7135713729e-02
5.3954283326e+01 -8.1005854854e-02
5.7551235548e+01 -8.9874243792e-02
6.1148187770e+01 -9.4832305674e-02
6.4745139992e+01 -9.6759907171e-02
6.8342092214e+01 -9.6381579734e-02
7.1939044435e+01 -9.4324037998e-02
7.5535996657e+01 -9.1132611097e-02
7.9132948879e+01 -8.7230275410e-02
8.2729901101e+01 -8.2897942205e-02
8.6326853322e+01 -7.8317547038e-02
8.9923805544e+01 -7.3621789645e-02
9.3520757766e+01 -6.8892286389e-02
9.7117709988e+01 -6.4142850776e-02
1.0071466221e+02 -5.9342799361e-02
1.0431161443e+02 -5.4474608849e-02
1.0790856665e+02 -4.9603377144e-02
1.1150551887e+02 -4.4900969899e-02
1.1510247110e+02 -4.0586350845e-02
1.1869942332e+02 -3.6831111877e-02
1.2229637554e+02 -3.3711512914e-02
1.2589332776e+02 -3.1224909052e-02
1.2949027998e+02 -2.9333643216e-02
1.3308723221e+02 -2.7990138026e-02
1.3668418443e+02 -2.7124521053e-02
1.4028113665e+02 -2.6660524489e-02
1.4387808887e+02 -2.6555053827e-02
1.4747504109e+02 -2.6787569081e-02
1.5107199331e+02 -2.7321720153e-02
1.5466894554e+02 -2.8086881141e-02
1.5826589776e+02 -2.8984255131e-02
1.6186284998e+02 -2.9891197501e-02
1.6545980220e+02 -3.0666104212e-02
1.6905675442e+02 -3.1206982111e-02
1.7265370664e+02 -3.1516861886e-02
1.7625065887e+02 -3.1671049003e-02
1.7984761109e+02 -3.1732441947e-02
1.8344456331e+02 -3.1729925251e-02
1.8704151553e+02 -3.1672147951e-02
1.9063846775e+02 -3.1540853681e-02
1.9423541998e+02 -3.1292421207e-02
1.9783237220e+02 -3.0909340342e-02
2.0142932442e+02 -3.0437036592e-02
2.0502627664e+02 -2.9941771008e-02
2.0862322886e+02 -2.9454676766e-02
2.1222018108e+02 -2.8960803827e-02
2.1581713331e+02 -2.8427665282e-02
2.1941408553e+02 -2.7832781174e-02
2.2301103775e+02 -2.7167683320e-02
2.2660798997e+02 -2.6458383286e-02
2.3020494219e+02 -2.5782396094e-02
2.3380189441e+02 -2.5230861766e-02
2.3739884664e+02 -2.4854417884e-02
2.4099579886e+02 -2.4634644763e-02
2.4459275108e+02 -2.4503008626e-02
2.4818970330e+02 -2.4398628254e-02
2.5178665552e+02 -2.4282695977e-02
2.5538360775e+02 -2.4107633852e-02
2.5898055997e+02 -2.3821917961e-02
2.6257751219e+02 -2.3394944371e-02
2.6617446441e+02 -2.2815799079e-02
2.6977141663e+02 -2.2093715679e-02
2.7336836885e+02 -2.1277480752e-02
2.7696532108e+02 -2.0468046004e-02
2.8056227330e+02 -1.9772315747e-02
2.8415922552e+02 -1.9214225939e-02
2.8775617774e+02 -1.8722626295e-02
2.9135312996e+02 -1.8215280280e-02
2.9495008218e+02 -1.7645889238e-02
2.9854703441e+02 -1.6980463332e-02
3.0214398663e+02 -1.6191022866e-02
3.0574093885e+02 -1.5269103406e-02
3.0933789107e+02 -1.4228157895e-02
3.1293484329e+02 -1.3105452032e-02
3.1653179552e+02 -1.1962062624e-02
3.2012874774e+02 -1.0865124496e-02
3.2372569996e+02 -9.8535303580e-03
3.2732265218e+02 -8.9164818436e-03
3.3091960440e+02 -8.0069952945e-03
3.3451655662e+02 -7.0788720609e-03
3.3811350885e+02 -6.1278753877e-03
3.4171046107e+02 -5.2177459573e-03
3.4530741329e+02 -4.4654446800e-03
3.4890436551e+02 -3.9803494689e-03
3.5250131773e+02 -3.7977372259e-03
3.5609826995e+02 -3.8503194790e-03
3.5969522218e+02 -3.9909564172e-03
3.6329217440e+02 -4.0524311500e-03
3.6688912662e+02 -3.9235409404e-03
3.7048607884e+02 -3.6015789494e-03
3.7408303106e+02 -3.1673010757e-03
3.7767998329e+02 -2.7130550457e-03
3.8127693551e+02 -2.2938940563e-03
3.8487388773e+02 -1.9156179520e-03
3.8847083995e+02 -1.5494617853e-03
3.9206779217e+02 -1.1675227663e-03
3.9566474439e+02 -7.6616875700e-04
3.9926169662e+02 -3.6877923609e-04
4.0285864884e+02 -2.8590728672e-05
4.0645560106e+02 1.6970847789e-04
4.1005255328e+02 1.4834357849e-04
4.1364950550e+02 -1.0726250027e-04
4.1724645772e+02 -5.3911438563e-04
4.2084340995e+02 -1.0491185450e-03
4.2444036217e+02 -1.5096216559e-03
4.2803731439e+02 -1.7882508184e-03
4.3163426661e+02 -1.8255395938e-03
4.3523121883e+02 -1.6569061500e-03
4.3882817106e+02 -1.3231087814e-03
4.4242512328e+02 -7.9051027008e-04
4.4602207550e+02 2.9412653786e-05
4.4961902772e+02 1.1970973080e-03
4.5321597994e+02 2.6793103870e-03
4.5681293216e+02 4.3592654444e-03
4.6040988439e+02 6.0925815543e-03
4.6400683661e+02 7.7367875748e-03
4.6760378883e+02 9.1578399286e-03
4.7120074105e+02 1.0262535090e-02
4.7479769327e+02 1.1024131795e-02
4.7839464549e+02 1.1449257071e-02
4.8199159772e+02 1.1527781577e-02
4.8558854994e+02 1.1242426861e-02
4.8918550216e+02 1.0621640356e-02
4.9278245438e+02 9.7472198903e-03
4.9637940660e+02 8.7113778426e-03
4.9997635883e+02 7.6026350288e-03
5.0357331105e+02 6.5345644526e-03
5.0717026327e+02 5.6306298303e-03
5.1076721549e+02 4.9666190434e-03
5.1436416771e+02 4.5397244242e-03
5.1796111993e+02 4.2820321794e-03
5.2155807216e+02 4.0945766720e-03
5.2515502438e+02 3.8739513673e-03
5.2875197660e+02 3.5398159579e-03
5.3234892882e+02 3.0392251256e-03
5.3594588104e+02 2.3314852513e-03
5.3954283326e+02 1.3998546404e-03
5.4313978549e+02 2.7323536016e-04
5.4673673771e+02 -9.7249633221e-04
5.5033368993e+02 -2.2463225394e-03
5.5393064215e+02 -3.4599772537e-03
5.5752759437e+02 -4.5032220414e-03
5.6112454660e+02 -5.2552091442e-03
5.6472149882e+02 -5.6476836279e-03
5.6831845104e+02 -5.6920509037e-03
5.7191540326e+02 -5.4468250679e-03
5.7551235548e+02 -4.9782907061e-03
5.7910930770e+02 -4.3537566532e-03
5.8270625993e+02 -3.6403898779e-03
5.8630321215e+02 -2.8798024911e-03
5.8990016437e+02 -2.0762742361e-03
5.9349711659e+02 -1.2212141731e-03
5.9709406881e+02 -3.2349478224e-04
6.0069102103e+02 5.6825197078e-04
6.0428797326e+02 1.3689402085e-03
6.0788492548e+02 2.0002975541e-03
6.1148187770e+02 2.4396999804e-03
6.1507882992e+02 2.7232579121e-03
6.1867578214e+02 2.9186940331e-03
6.2227273437e+02 3.1012193965e-03
6.2586968659e+02 3.3193579997e-03
6.2946663881e+02 3.5643390605e-03
6.3306359103e+02 3.7929482109e-03
6.3666054325e+02 3.9803460643e-03
6.4025749547e+02 4.1352248044e-03
6.4385444770e+02 4.2695665220e-03
6.4745139992e+02 4.3750408755e-03
6.5104835214e+02 4.4322787834e-03
6.5464530436e+02 4.4144578095e-03
6.5824225658e+02 4.2841024220e-03
6.6183920880e+02 4.0221802111e-03
6.6543616103e+02 3.6495330849e-03
6.6903311325e+02 3.2172698825e-03
6.7263006547e+02 2.8027029398e-03
6.7622701769e+02 2.4933455873e-03
6.7982396991e+02 2.3455357529e-03
6.8342092214e+02 2.3587517136e-03
6.8701787436e+02 2.4811856086e-03
6.9061482658e+02 2.6217876429e-03
6.9421177880e+02 2.6696058565e-03
6.9780873102e+02 2.5496280016e-03
7.0140568324e+02 2.2617277168e-03
7.0500263547e+02 1.8572907946e-03
7.0859958769e+02 1.4061018892e-03
7.1219653991e+02 9.7597475811e-04
7.1579349213e+02 6.1071217025e-04
7.1939044435e+02 3.2773147389e-04
7.2298739657e+02 1.2893581580e-04
7.2658434880e+02 -4.2577976208e-06
7.3018130102e+02 -9.4448369739e-05
7.3377825324e+02 -1.3703951420e-04
7.3737520546e+02 -1.0748115886e-04
7.4097215768e+02 3.3341315030e-05
7.4456910991e+02 3.3605190580e-04
7.4816606213e+02 8.1989399031e-04
7.5176301435e+02 1.4376270041e-03
7.5535996657e+02 2.0902288049e-03
7.5895691879e+02 2.6526319202e-03
7.6255387101e+02 3.0058063625e-03
7.6615082324e+02 3.0727101273e-03
7.6974777546e+02 2.8363703098e-03
7.7334472768e+02 2.3473720249e-03
7.7694167990e+02 1.7191777106e-03
7.8053863212e+02 1.0862471623e-03
7.8413558434e+02 5.4134956688e-04
7.8773253657e+02 1.2274337868e-04
7.9132948879e+02 -1.5421514605e-04
7.9492644101e+02 -2.8392399692e-04
7.9852339323e+02 -2.8097081069e-04
8.0212034545e+02 -1.9440901202e-04
8.0571729768e+02 -9.8263867804e-05
8.0931424990e+02 -5.3229502979e-05
8.1291120212e+02 -7.8171191756e-05
8.1650815434e+02 -1.5427703733e-04
8.2010510656e+02 -2.6703491628e-04
8.2370205878e+02 -4.1878046920e-04
8.2729901101e+02 -5.8282047260e-04
8.3089596323e+02 -6.9741310248e-04
8.3449291545e+02 -7.1513729225e-04
8.3808986767e+02 -6.5147240230e-04
8.4168681989e+02 -5.8904098815e-04
8.4528377211e+02 -6.2613875587e-04
8.4888072434e+02 -8.1952746910e-04
8.5247767656e+02 -1.1583811278e-03
8.5607462878e+02 -1.5846538476e-03
8.5967158100e+02 -2.0327733607e-03
8.6326853322e+02 -2.4497739498e-03
8.6686548545e+02 -2.8156167565e-03
8.7046243767e+02 -3.1580677377e-03
8.7405938989e+02 -3.5281941318e-03
8.7765634211e+02 -3.9477576278e-03
8.8125329433e+02 -4.3865302204e-03
8.8485024655e+02 -4.8000511720e-03
8.8844719878e+02 -5.1661664402e-03
8.9204415100e+02 -5.4756884861e-03
8.9564110322e+02 -5.7231639967e-03
8.9923805544e+02 -5.9170639853e-03
9.0283500766e+02 -6.0842388552e-03
9.0643195988e+02 -6.2548778395e-03
9.1002891211e+02 -6.4402729323e-03
9.1362586433e+02 -6.6239071103e-03
9.1722281655e+02 -6.7651454444e-03
9.2081976877e+02 -6.8188417108e-03
9.2441672099e+02 -6.7651454444e-03
9.2801367322e+02 -6.6239071103e-03
9.3161062544e+02 -6.4402729323e-03
9.3520757766e+02 -6.2548778395e-03
9.3880452988e+02 -6.0842388552e-03
9.4240148210e+02 -5.9170639853e-03
9.4599843432e+02 -5.7231639967e-03
9.4959538655e+02 -5.4756884861e-03
9.5319233877e+02 -5.1661664402e-03
9.5678929099e+02 -4.8000511720e-03
9.6038624321e+02 -4.3865302204e-03
9.6398319543e+02 -3.9477576278e-03
9.6758014765e+02 -3.5281941318e-03
9.7117709988e+02 -3.1580677377e-03
9.7477405210e+02 -2.8156167565e-03
9.7837100432e+02 -2.4497739498e-03
9.8196795654e+02 -2.0327733607e-03
9.8556490876e+02 -1.5846538476e-03
9.8916186099e+02 -1.1583811278e-03
9.9275881321e+02 -8.1952746910e-04
9.9635576543e+02 -6.2613875587e-04
9.9995271765e+02 -5.8904098815e-04
1.0035496699e+03 -6.5147240230e-04
1.0071466221e+03 -7.1513729225e-04
1.0107435743e+03 -6.9741310248e-04
1.0143405265e+03 -5.8282047260e-04
1.0179374788e+03 -4.1878046920e-04
1.0215344310e+03 -2.6703491628e-04
1.0251313832e+03 -1.5427703733e-04
1.0287283354e+03 -7.8171191756e-05
1.0323252876e+03 -5.3229502979e-05
1.0359222399e+03 -9.8263867804e-05
1.0395191921e+03 -1.9440901202e-04
1.0431161443e+03 -2.8097081069e-04
1.0467130965e+03 -2.8392399692e-04
1.0503100488e+03 -1.5421514605e-04
1.0539070010e+03 1.2274337868e-04
1.0575039532e+03 5.4134956688e-04
1.0611009054e+03 1.0862471623e-03
1.0646978576e+03 1.7191777106e-03
1.0682948099e+03 2.3473720249e-03
1.0718917621e+03 2.8363703098e-03
1.0754887143e+03 3.0727101273e-03
1.0790856665e+03 3.0058063625e-03
1.0826826188e+03 2.6526319202e-03
1.0862795710e+03 2.0902288049e-03
1.0898765232e+03 1.4376270041e-03
1.0934734754e+03 8.1989399031e-04
1.0970704276e+03 3.3605190580e-04
1.1006673799e+03 3.3341315030e-05
1.1042643321e+03 -1.0748115886e-04
1.1078612843e+03 -1.3703951420e-04
1.1114582365e+03 -9.4448369739e-05
1.1150551887e+03 -4.2577976208e-06
1.1186521410e+03 1.2893581580e-04
1.1222490932e+03 3.2773147389e-04
1.1258460454e+03 6.1071217025e-04
1.1294429976e+03 9.7597475811e-04
1.1330399499e+03 1.4061018892e-03
1.1366369021e+03 1.8572907946e-03
1.1402338543e+03 2.2617277168e-03
1.1438308065e+03 2.5496280016e-03
1.1474277587e+03 2.6696058565e-03
1.1510247110e+03 2.6217876429e-03
1.1546216632e+03 2.4811856086e-03
1.1582186154e+03 2.3587517136e-03
1.1618155676e+03 2.3455357529e-03
1.1654125199e+03 2.4933455873e-03
1.1690094721e+03 2.8027029398e-03
1.1726064243e+03 3.2172698825e-03
1.1762033765e+03 3.6495330849e-03
1.1798003287e+03 4.0221802111e-03
1.1833972810e+03 4.2841024220e-03
1.1869942332e+03 4.4144578095e-03
1.1905911854e+03 4.4322787834e-03
1.1941881376e+03 4.3750408755e-03
1.1977850898e+03 4.2695665220e-03
1.2013820421e+03 4.1352248044e-03
1.2049789943e+03 3.9803460643e-03
1.2085759465e+03 3.7929482109e-03
1.2121728987e+03 3.5643390605e-03
1.2157698510e+03 3.3193579997e-03
1.2193668032e+03 3.1012193965e-03
1.2229637554e+03 2.9186940331e-03
1.2265607076e+03 2.7232579121e-03
1.2301576598e+03 2.4396999804e-03
1.2337546121e+03 2.0002975541e-03
1.2373515643e+03 1.3689402085e-03
1.2409485165e+03 5.6825197078e-04
1.2445454687e+03 -3.2349478224e-04
1.2481424210e+03 -1.2212141731e-03
1.2517393732e+03 -2.0762742361e-03
1.2553363254e+03 -2.8798024911e-03
1.2589332776e+03 -3.6403898779e-03
1.2625302298e+03 -4.3537566532e-03
1.2661271821e+03 -4.9782907061e-03
1.2697241343e+03 -5.4468250679e-03
1.2733210865e+03 -5.6920509037e-03
1.2769180387e+03 -5.6476836279e-03
1.2805149909e+03 -5.2552091442e-03
1.2841119432e+03 -4.5032220414e-03
1.2877088954e+03 -3.4599772537e-03
1.2913058476e+03 -2.2463225394e-03
1.2949027998e+03 -9.7249633221e-04
1.2984997521e+03 2.7323536016e-04
1.3020967043e+03 1.3998546404e-03
1.3056936565e+03 2.3314852513e-03
1.3092906087e+03 3.0392251256e-03
1.3128875609e+03 3.5398159579e-03
1.3164845132e+03 3.8739513673e-03
1.3200814654e+03 4.0945766720e-03
1.3236784176e+03 4.2820321794e-03
1.3272753698e+03 4.5397244242e-03
1.3308723221e+03 4.9666190434e-03
1.3344692743e+03 5.6306298303e-03
1.3380662265e+03 6.5345644526e-03
1.3416631787e+03 7.6026350288e-03
1.3452601309e+03 8.7113778426e-03
1.3488570832e+03 9.7472198903e-03
1.3524540354e+03 1.0621640356e-02
1.3560509876e+03 1.1242426861e-02
1.3596479398e+03 1.1527781577e-02
1.3632448920e+03 1.1449257071e-02
1.3668418443e+03 1.1024131795e-02
1.3704387965e+03 1.0262535090e-02
1.3740357487e+03 9.1578399286e-03
1.3776327009e+03 7.7367875748e-03
1.3812296532e+03 6.0925815543e-03
1.3848266054e+03 4.3592654444e-03
1.3884235576e+03 2.6793103870e-03
1.3920205098e+03 1.1970973080e-03
1.3956174620e+03 2.9412653786e-05
1.3992144143e+03 -7.9051027008e-04
1.4028113665e+03 -1.3231087814e-03
1.4064083187e+03 -1.6569061500e-03
1.4100052709e+03 -1.8255395938e-03
1.4136022232e+03 -1.7882508184e-03
1.4171991754e+03 -1.5096216559e-03
1.4207961276e+03 -1.0491185450e-03
1.4243930798e+03 -5.3911438563e-04
1.4279900320e+03 -1.0726250027e-04
1.4315869843e+03 1.4834357849e-04
1.4351839365e+03 1.6970847789e-04
1.4387808887e+03 -2.8590728672e-05
1.4423778409e+03 -3.6877923609e-04
1.4459747931e+03 -7.6616875700e-04
1.4495717454e+03 -1.1675227663e-03
1.4531686976e+03 -1.5494617853e-03
1.4567656498e+03 -1.9156179520e-03
1.4603626020e+03 -2.2938940563e-03
1.4639595543e+03 -2.7130550457e-03
1.4675565065e+03 -3.1673010757e-03
1.4711534587e+03 -3.6015789494e-03
1.4747504109e+03 -3.9235409404e-03
1.4783473631e+03 -4.0524311500e-03
1.4819443154e+03 -3.9909564172e-03
1.4855412676e+03 -3.8503194790e-03
1.4891382198e+03 -3.7977372259e-03
1.4927351720e+03 -3.9803494689e-03
1.4963321243e+03 -4.4654446800e-03
1.4999290765e+03 -5.2177459573e-03
1.5035260287e+03 -6.1278753877e-03
1.5071229809e+03 -7.0788720609e-03
1.5107199331e+03 -8.0069952945e-03
1.5143168854e+03 -8.9164818436e-03
1.5179138376e+03 -9.8535303580e-03
1.5215107898e+03 -1.0865124496e-02
1.5251077420e+03 -1.1962062624e-02
1.5287046943e+03 -1.3105452032e-02
1.5323016465e+03 -1.4228157895e-02
1.5358985987e+03 -1.5269103406e-02
1.5394955509e+03 -1.6191022866e-02
1.5430925031e+03 -1.6980463332e-02
1.5466894554e+03 -1.7645889238e-02
1.5502864076e+03 -1.8215280280e-02
1.5538833598e+03 -1.8722626295e-02
1.5574803120e+03 -1.9214225939e-02
1.5610772642e+03 -1.9772315747e-02
1.5646742165e+03 -2.0468046004e-02
1.5682711687e+03 -2.1277480752e-02
1.5718681209e+03 -2.2093715679e-02
1.5754650731e+03 -2.2815799079e-02
1.5790620254e+03 -2.3394944371e-02
1.5826589776e+03 -2.3821917961e-02
1.5862559298e+03 -2.4107633852e-02
1.5898528820e+03 -2.4282695977e-02
1.5934498342e+03 -2.4398628254e-02
1.5970467865e+03 -2.4503008626e-02
1.6006437387e+03 -2.4634644763e-02
1.6042406909e+03 -2.4854417884e-02
1.6078376431e+03 -2.5230861766e-02
1.6114345954e+03 -2.5782396094e-02
1.6150315476e+03 -2.6458383286e-02
1.6186284998e+03 -2.7167683320e-02
1.6222254520e+03 -2.7832781174e-02
1.6258224042e+03 -2.8427665282e-02
1.6294193565e+03 -2.8960803827e-02
1.6330163087e+03 -2.9454676766e-02
1.6366132609e+03 -2.9941771008e-02
1.6402102131e+03 -3.0437036592e-02
1.6438071653e+03 -3.0909340342e-02
1.6474041176e+03 -3.1292421207e-02
1.6510010698e+03 -3.1540853681e-02
1.6545980220e+03 -3.1672147951e-02
1.6581949742e+03 -3.1729925251e-02
1.6617919265e+03 -3.1732441947e-02
1.6653888787e+03 -3.1671049003e-02
1.6689858309e+03 -3.1516861886e-02
1.6725827831e+03 -3.1206982111e-02
1.6761797353e+03 -3.0666104212e-02
1.6797766876e+03 -2.9891197501e-02
1.6833736398e+03 -2.8984255131e-02
1.6869705920e+03 -2.8086881141e-02
1.6905675442e+03 -2.7321720153e-02
1.6941644965e+03 -2.6787569081e-02
1.6977614487e+03 -2.6555053827e-02
1.7013584009e+03 -2.6660524489e-02
1.7049553531e+03 -2.7124521053e-02
1.7085523053e+03 -2.7990138026e-02
1.7121492576e+03 -2.9333643216e-02
1.7157462098e+03 -3.1224909052e-02
1.7193431620e+03 -3.3711512914e-02
1.7229401142e+03 -3.6831111877e-02
1.7265370664e+03 -4.0586350845e-02
1.7301340187e+03 -4.4900969899e-02
1.7337309709e+03 -4.9603377144e-02
1.7373279231e+03 -5.4474608849e-02
1.7409248753e+03 -5.9342799361e-02
1.7445218276e+03 -6.4142850776e-02
1.7481187798e+03 -6.8892286389e-02
1.7517157320e+03 -7.3621789645e-02
1.7553126842e+03 -7.8317547038e-02
1.7589096364e+03 -8.2897942205e-02
1.7625065887e+03 -8.7230275410e-02
1.7661035409e+03 -9.1132611097e-02
1.7697004931e+03 -9.4324037998e-02
1.7732974453e+03 -9.6381579734e-02
1.7768943976e+03 -9.6759907171e-02
1.7804913498e+03 -9.4832305674e-02
1.7840883020e+03 -8.9874243792e-02
1.7876852542e+03 -8.1005854854e-02
1.7912822064e+03 -6.7135713729e-02
1.7948791587e+03 -4.6948405983e-02
1.7984761109e+03 -1.8974031979e-02
1.8020730631e+03 1.8311317866e-02
1.8056700153e+03 6.6421821125e-02
1.8092669675e+03 1.2683755257e-01
1.8128639198e+03 2.0090600801e-01
1.8164608720e+03 2.8958034690e-01
1.8200578242e+03 3.9298492566e-01
1.8236547764e+03 5.0977916840e-01
1.8272517287e+03 6.3620136922e-01
1.8308486809e+03 7.6465852152e-01
1.8344456331e+03 8.8187957601e-01
1.8380425853e+03 9.6779570569e-01
