# Rotated Reynolds stress Morkovin's scaling
# Columns: y_plus    -rho u''v''rotated/tau_wall
3.8646263475e-01 1.1474806421e-04
1.1533752036e+00 2.0672083127e-03
1.9209634831e+00 8.9952183394e-03
2.6894093988e+00 2.3767394340e-02
3.4589138713e+00 4.8124901222e-02
4.2296938542e+00 8.2124232577e-02
5.0019793562e+00 1.2465973193e-01
5.7760106829e+00 1.7360638243e-01
6.5520360469e+00 2.2672776944e-01
7.3303096133e+00 2.8164899385e-01
8.1110899864e+00 3.3653638537e-01
8.8946390963e+00 3.8975751719e-01
9.6812214258e+00 4.4035323990e-01
1.0471103504e+01 4.8754080361e-01
1.1264553601e+01 5.3108948999e-01
1.2061841567e+01 5.7078829637e-01
1.2863238767e+01 6.0680933193e-01
1.3669018081e+01 6.3922657141e-01
1.4479453944e+01 6.6839482858e-01
1.5294822408e+01 6.9450753881e-01
1.6115401223e+01 7.1795615273e-01
1.6941469919e+01 7.3892715422e-01
1.7773309905e+01 7.5775850461e-01
1.8611204551e+01 7.7459314053e-01
1.9455439297e+01 7.8971885131e-01
2.0306301738e+01 8.0324922730e-01
2.1164081729e+01 8.1542493968e-01
2.2029071483e+01 8.2632546571e-01
2.2901565666e+01 8.3614721681e-01
2.3781861504e+01 8.4495131969e-01
2.4670258877e+01 8.5290973893e-01
2.5567060427e+01 8.6007249798e-01
2.6472571660e+01 8.6658190257e-01
2.7387101046e+01 8.7246897087e-01
2.8310960130e+01 8.7784796608e-01
2.9244463634e+01 8.8273615592e-01
3.0187929564e+01 8.8722068656e-01
3.1141679324e+01 8.9129672125e-01
3.2106037817e+01 8.9501850842e-01
3.3081333562e+01 8.9836291159e-01
3.4067898803e+01 9.0136899248e-01
3.5066069625e+01 9.0401793058e-01
3.6076186064e+01 9.0635235095e-01
3.7098592226e+01 9.0837107221e-01
3.8133636406e+01 9.1014433211e-01
3.9181671201e+01 9.1171477777e-01
4.0243053635e+01 9.1317246374e-01
4.1318145279e+01 9.1454635453e-01
4.2407312375e+01 9.1587578060e-01
4.3510925957e+01 9.1712996069e-01
4.4629361984e+01 9.1829237850e-01
4.5763001462e+01 9.1930655223e-01
4.6912230577e+01 9.2015537490e-01
4.8077440826e+01 9.2080779354e-01
4.9259029150e+01 9.2128788102e-01
5.0457398069e+01 9.2161371073e-01
5.1672955819e+01 9.2183957863e-01
5.2906116493e+01 9.2199028836e-01
5.4157300179e+01 9.2209918300e-01
5.5426933107e+01 9.2214998322e-01
5.6715447790e+01 9.2212111160e-01
5.8023283173e+01 9.2195528413e-01
5.9350884784e+01 9.2162377534e-01
6.0698704885e+01 9.2110188207e-01
6.2067202624e+01 9.2041423512e-01
6.3456844193e+01 9.1959349276e-01
6.4868102990e+01 9.1870152882e-01
6.6301459772e+01 9.1776473966e-01
6.7757402829e+01 9.1679064067e-01
6.9236428142e+01 9.1576183250e-01
7.0739039556e+01 9.1469271464e-01
7.2265748952e+01 9.1357358336e-01
7.3817076418e+01 9.1238176101e-01
7.5393550430e+01 9.1107992392e-01
7.6995708031e+01 9.0965911440e-01
7.8624095011e+01 9.0811377369e-01
8.0279266098e+01 9.0647133919e-01
8.1961785143e+01 9.0472407088e-01
8.3672225313e+01 9.0282212949e-01
8.5411169286e+01 9.0071277513e-01
8.7179209453e+01 8.9840913953e-01
8.8976948115e+01 8.9592335411e-01
9.0804997688e+01 8.9325712010e-01
9.2663980918e+01 8.9041183438e-01
9.4554531086e+01 8.8744705991e-01
9.6477292228e+01 8.8442253916e-01
9.8432919351e+01 8.8138545187e-01
1.0042207866e+02 8.7836463047e-01
1.0244544778e+02 8.7536592382e-01
1.0450371600e+02 8.7228033712e-01
1.0659758449e+02 8.6898073714e-01
1.0872776654e+02 8.6541126200e-01
1.1089498782e+02 8.6159821801e-01
1.1309998661e+02 8.5763807990e-01
1.1534351409e+02 8.5365911849e-01
1.1762633451e+02 8.4971084606e-01
1.1994922556e+02 8.4581669354e-01
1.2231297854e+02 8.4199654387e-01
1.2471839870e+02 8.3826308248e-01
1.2716630546e+02 8.3457678672e-01
1.2965753273e+02 8.3093403956e-01
1.3219292918e+02 8.2733545348e-01
1.3477335850e+02 8.2371498612e-01
1.3739969976e+02 8.1991966591e-01
1.4007284764e+02 8.1585399604e-01
1.4279371277e+02 8.1151222942e-01
1.4556322205e+02 8.0693505460e-01
1.4838231894e+02 8.0214065558e-01
1.5125196379e+02 7.9714704594e-01
1.5417313418e+02 7.9188567777e-01
1.5714682523e+02 7.8629095640e-01
1.6017404996e+02 7.8037777527e-01
1.6325583964e+02 7.7425936124e-01
1.6639324409e+02 7.6805067514e-01
1.6958733211e+02 7.6185575030e-01
1.7283919180e+02 7.5562518758e-01
1.7614993094e+02 7.4921558675e-01
1.7952067737e+02 7.4248964250e-01
1.8295257936e+02 7.3536489193e-01
1.8644680602e+02 7.2777328498e-01
1.9000454771e+02 7.1994226914e-01
1.9362701641e+02 7.1196935389e-01
1.9731544613e+02 7.0373868363e-01
2.0107109340e+02 6.9507026582e-01
2.0489523759e+02 6.8601869331e-01
2.0878918146e+02 6.7679794814e-01
2.1275425151e+02 6.6727616485e-01
2.1679179849e+02 6.5721851968e-01
2.2090319782e+02 6.4664579033e-01
2.2508985010e+02 6.3578363455e-01
2.2935318154e+02 6.2489533561e-01
2.3369464451e+02 6.1407630551e-01
2.3811571797e+02 6.0329417548e-01
2.4261790799e+02 5.9239909560e-01
2.4720274829e+02 5.8106176291e-01
2.5187180076e+02 5.6913237809e-01
2.5662665594e+02 5.5685287242e-01
2.6146893364e+02 5.4452434884e-01
2.6640028341e+02 5.3170104777e-01
2.7142238519e+02 5.1821578853e-01
2.7653694978e+02 5.0445633863e-01
2.8174571954e+02 4.9047355989e-01
2.8705046887e+02 4.7615656214e-01
2.9245300490e+02 4.6130263806e-01
2.9795516805e+02 4.4600924808e-01
3.0355883269e+02 4.3031825421e-01
3.0926590777e+02 4.1423055287e-01
3.1507833746e+02 3.9803809059e-01
3.2099810182e+02 3.8160116968e-01
3.2702721749e+02 3.6493411090e-01
3.3316773833e+02 3.4818760570e-01
3.3942175615e+02 3.3116541120e-01
3.4579140141e+02 3.1398655322e-01
3.5227884389e+02 2.9685414848e-01
3.5888629334e+02 2.7957476136e-01
3.6561600013e+02 2.6233171534e-01
3.7247025564e+02 2.4502120149e-01
3.7945139238e+02 2.2718420340e-01
3.8656178361e+02 2.0910014500e-01
3.9380384183e+02 1.9131351448e-01
4.0118001554e+02 1.7362614150e-01
4.0869278313e+02 1.5602968916e-01
4.1634464207e+02 1.3881941304e-01
4.2413809122e+02 1.2209764232e-01
4.3207560294e+02 1.0643322025e-01
4.4015958123e+02 9.2093027734e-02
4.4839230158e+02 7.9033297279e-02
4.5677582794e+02 6.7152455473e-02
4.6531190345e+02 5.6462840610e-02
4.7400181292e+02 4.7027352221e-02
4.8284621863e+02 3.8792415433e-02
4.9184497480e+02 3.1528898212e-02
5.0099693186e+02 2.5061961721e-02
5.1029974625e+02 1.9320453753e-02
5.1974971627e+02 1.4566355850e-02
5.2934166651e+02 1.0904939379e-02
5.3906890265e+02 8.0810776873e-03
5.4892325388e+02 5.8835137667e-03
5.5889521190e+02 4.1714246643e-03
5.6897416497e+02 2.8940554010e-03
5.7914871332e+02 1.9664811733e-03
5.8940704153e+02 1.2925957199e-03
5.9973731589e+02 8.8550142550e-04
6.1012807113e+02 6.4931130857e-04
6.2056855339e+02 4.6030217812e-04
6.3104899243e+02 3.1495471650e-04
6.4156078668e+02 2.1198281596e-04
6.5209659581e+02 1.4401996937e-04
6.6265034658e+02 1.1034436702e-04
6.7321716636e+02 9.2713461751e-05
6.8379326367e+02 7.8103471043e-05
6.9437577694e+02 6.8741359168e-05
7.0496261119e+02 6.2665303098e-05
7.1555227852e+02 5.8544669787e-05
7.2614375372e+02 5.7370597575e-05
7.3673635149e+02 5.2883970718e-05
7.4732962734e+02 4.5410501311e-05
7.5792330156e+02 4.1076869872e-05
7.6851720338e+02 3.9160563010e-05
7.7911123163e+02 3.7593609707e-05
7.8970532814e+02 3.6011220076e-05
8.0029946048e+02 3.4483142581e-05
8.1089361110e+02 3.3001292766e-05
8.2148777078e+02 3.1532974566e-05
8.3208193482e+02 3.0052815326e-05
8.4267610090e+02 2.8553278487e-05
8.5327026791e+02 2.7031874540e-05
8.6386443532e+02 2.5507160860e-05
8.7445860292e+02 2.3992949373e-05
8.8505277058e+02 2.2507708117e-05
8.9564693828e+02 2.1061210083e-05
9.0624110599e+02 1.9681799576e-05
9.1683527370e+02 1.8384753527e-05
9.2742944141e+02 1.7213326023e-05
9.3802360913e+02 1.6177956015e-05
9.4861777684e+02 1.5310658157e-05
9.5921194456e+02 1.4586990948e-05
9.6980611227e+02 1.3986985622e-05
9.8040027999e+02 1.3447118429e-05
9.9099444770e+02 1.2927755085e-05
1.0015886154e+03 1.2376598149e-05
1.0121827831e+03 1.1774303328e-05
1.0227769508e+03 1.1097347310e-05
1.0333711186e+03 1.0355913818e-05
1.0439652863e+03 9.5527712163e-06
1.0545594540e+03 8.7194018624e-06
1.0651536217e+03 7.8655585408e-06
1.0757477894e+03 7.0173002000e-06
1.0863419571e+03 6.1689369650e-06
1.0969361249e+03 5.3344224029e-06
1.1075302926e+03 4.5049549450e-06
1.1181244603e+03 3.6988859472e-06
1.1287186280e+03 2.9117722113e-06
1.1393127957e+03 2.1665547322e-06
1.1499069634e+03 1.4553863771e-06
1.1605011311e+03 7.9951356488e-07
1.1710952989e+03 1.7826419966e-07
1.1816894666e+03 -3.9729057980e-07
1.1922836343e+03 -9.6245801932e-07
1.2028778020e+03 -1.5092844664e-06
1.2134719697e+03 -2.0667503484e-06
1.2240661374e+03 -2.6133660002e-06
1.2346603051e+03 -3.1664072944e-06
1.2452544729e+03 -3.7042114205e-06
1.2558486406e+03 -4.2481622098e-06
1.2664428083e+03 -4.7812823306e-06
1.2770369760e+03 -5.3163417695e-06
1.2876311437e+03 -5.8257688023e-06
1.2982253114e+03 -6.3104123324e-06
1.3088194791e+03 -6.7478549046e-06
1.3194136469e+03 -7.1475350728e-06
1.3300078146e+03 -7.5026352201e-06
1.3406019823e+03 -7.8285044802e-06
1.3511961500e+03 -8.1278753898e-06
1.3617903177e+03 -8.4190543390e-06
1.3723844854e+03 -8.7138562187e-06
1.3829786531e+03 -9.0298172562e-06
1.3935728209e+03 -9.3780008580e-06
1.4041669886e+03 -9.7652461792e-06
1.4147611563e+03 -1.0191851249e-05
1.4253553240e+03 -1.0652173646e-05
1.4359494917e+03 -1.1140109368e-05
1.4465436594e+03 -1.1655143183e-05
1.4571378272e+03 -1.2200794605e-05
1.4677319949e+03 -1.2786784630e-05
1.4783261626e+03 -1.3412529088e-05
1.4889203303e+03 -1.4078662759e-05
1.4995144980e+03 -1.4768983926e-05
1.5101086657e+03 -1.5471862798e-05
1.5207028334e+03 -1.6161531644e-05
1.5312970012e+03 -1.6825267770e-05
1.5418911689e+03 -1.7446813305e-05
1.5524853366e+03 -1.8027309690e-05
1.5630795043e+03 -1.8564704507e-05
1.5736736720e+03 -1.9065024375e-05
1.5842678397e+03 -1.9533033500e-05
1.5948620074e+03 -1.9975385743e-05
1.6054561752e+03 -2.0409823129e-05
1.6160503429e+03 -2.0845055800e-05
1.6266445106e+03 -2.1309271244e-05
1.6372386783e+03 -2.1796667015e-05
1.6478328460e+03 -2.2323962952e-05
1.6584270137e+03 -2.2855123350e-05
1.6690211814e+03 -2.3393655324e-05
1.6796153492e+03 -2.3890508558e-05
1.6902095169e+03 -2.4352194600e-05
1.7008036846e+03 -2.4737866870e-05
1.7113978523e+03 -2.5070922161e-05
1.7219920200e+03 -2.5336732139e-05
1.7325861877e+03 -2.5578554691e-05
1.7431803555e+03 -2.5799863180e-05
1.7537745232e+03 -2.6043754474e-05
1.7643686909e+03 -2.6308499516e-05
1.7749628586e+03 -2.6619797703e-05
1.7855570263e+03 -2.6954844364e-05
1.7961511940e+03 -2.7326570118e-05
1.8067453617e+03 -2.7697846412e-05
1.8173395295e+03 -2.8092918023e-05
1.8279336972e+03 -2.8473651759e-05
1.8385278649e+03 -2.8890238715e-05
1.8491220326e+03 -2.9303769079e-05
1.8597162003e+03 -2.9784090951e-05
1.8703103680e+03 -3.0280832922e-05
1.8809045357e+03 -3.0864794528e-05
1.8914987035e+03 -3.1462064003e-05
1.9020928712e+03 -3.2131561992e-05
1.9126870389e+03 -3.2786404145e-05
1.9232812066e+03 -3.3485033375e-05
1.9338753743e+03 -3.4152118169e-05
1.9444695420e+03 -3.4850311126e-05
1.9550637097e+03 -3.5517691020e-05
1.9656578775e+03 -3.6206218315e-05
1.9762520452e+03 -3.6862697983e-05
1.9868462129e+03 -3.7527375249e-05
1.9974403806e+03 -3.8167293698e-05
2.0080345483e+03 -3.8818545549e-05
2.0186287160e+03 -3.9471599066e-05
2.0292228837e+03 -4.0147027989e-05
2.0398170515e+03 -4.0842929885e-05
2.0504112192e+03 -4.1544929540e-05
2.0610053869e+03 -4.2255793139e-05
2.0715995546e+03 -4.2932507994e-05
2.0821937223e+03 -4.3605989943e-05
2.0927878900e+03 -4.4220525007e-05
2.1033820578e+03 -4.4840795489e-05
2.1139762255e+03 -4.5384839081e-05
2.1245703932e+03 -4.5934119439e-05
2.1351645609e+03 -4.6377477774e-05
2.1457587286e+03 -4.6824381346e-05
2.1563528963e+03 -4.7155432027e-05
2.1669470640e+03 -4.7517183063e-05
2.1775412318e+03 -4.7782949261e-05
2.1881353995e+03 -4.8120723811e-05
2.1987295672e+03 -4.8385278731e-05
2.2093237349e+03 -4.8745711809e-05
2.2199179026e+03 -4.9040119599e-05
2.2305120703e+03 -4.9427667814e-05
2.2411062380e+03 -4.9750985967e-05
2.2517004058e+03 -5.0149883797e-05
2.2622945735e+03 -5.0495180569e-05
2.2728887412e+03 -5.0884107993e-05
2.2834829089e+03 -5.1229835383e-05
2.2940770766e+03 -5.1564327958e-05
2.3046712443e+03 -5.1867758079e-05
2.3152654120e+03 -5.2103092442e-05
2.3258595798e+03 -5.2338200488e-05
2.3364537475e+03 -5.2460977072e-05
2.3470479152e+03 -5.2634843157e-05
2.3576420829e+03 -5.2675957152e-05
2.3682362506e+03 -5.2834343890e-05
2.3788304183e+03 -5.2854987000e-05
2.3894245861e+03 -5.3047515427e-05
2.4000187538e+03 -5.3110094943e-05
2.4106129215e+03 -5.3387427849e-05
2.4212070892e+03 -5.3562181578e-05
2.4318012569e+03 -5.3966811429e-05
2.4423954246e+03 -5.4296193439e-05
2.4529895923e+03 -5.4825445948e-05
2.4635837601e+03 -5.5302608815e-05
2.4741779278e+03 -5.5912155697e-05
2.4847720955e+03 -5.6500867860e-05
2.4953662632e+03 -5.7141352897e-05
2.5059604309e+03 -5.7822853898e-05
2.5165545986e+03 -5.8471551556e-05
2.5271487663e+03 -5.9242794674e-05
2.5377429341e+03 -5.9861922120e-05
2.5483371018e+03 -6.0693322097e-05
2.5589312695e+03 -6.1195586588e-05
2.5695254372e+03 -6.2020633441e-05
2.5801196049e+03 -6.2265558240e-05
2.5907137726e+03 -6.3001710263e-05
2.6013079403e+03 -6.2851915010e-05
2.6119021081e+03 -6.3483746439e-05
2.6224962758e+03 -6.2917555380e-05
2.6330904435e+03 -6.3567083731e-05
2.6436846112e+03 -6.2738899206e-05
2.6542787789e+03 -6.3591631599e-05
2.6648729466e+03 -6.2747421781e-05
2.6754671143e+03 -6.3853284779e-05
2.6860612821e+03 -6.3231592924e-05
2.6966554498e+03 -6.4425504262e-05
2.7072496175e+03 -6.4252335135e-05
2.7178437852e+03 -6.5276136487e-05
2.7284379529e+03 -6.5762951235e-05
