# Rotated Reynolds stress Morkovin's scaling
# Columns: y_plus    rho u''w''rotated/tau_wall
3.8646263475e-01 -2.3237999135e-05
1.1533752036e+00 -2.3607742448e-04
1.9209634831e+00 -6.3122974432e-04
2.6894093988e+00 -1.0949206084e-03
3.4589138713e+00 -1.5342836965e-03
4.2296938542e+00 -1.9237268145e-03
5.0019793562e+00 -2.2806970922e-03
5.7760106829e+00 -2.6050770137e-03
6.5520360469e+00 -2.8509889473e-03
7.3303096133e+00 -2.9580172123e-03
8.1110899864e+00 -2.8844328301e-03
8.8946390963e+00 -2.6058127531e-03
9.6812214258e+00 -2.1122979115e-03
1.0471103504e+01 -1.4285298118e-03
1.1264553601e+01 -6.3409992069e-04
1.2061841567e+01 1.4086589176e-04
1.2863238767e+01 7.4964410638e-04
1.3669018081e+01 1.0762475609e-03
1.4479453944e+01 1.0690925622e-03
1.5294822408e+01 7.4100385154e-04
1.6115401223e+01 1.4539357119e-04
1.6941469919e+01 -6.4878727786e-04
1.7773309905e+01 -1.5688703436e-03
1.8611204551e+01 -2.5376765659e-03
1.9455439297e+01 -3.4714337857e-03
2.0306301738e+01 -4.2874756903e-03
2.1164081729e+01 -4.9250630421e-03
2.2029071483e+01 -5.3667059388e-03
2.2901565666e+01 -5.6380688614e-03
2.3781861504e+01 -5.7798515294e-03
2.4670258877e+01 -5.8156120851e-03
2.5567060427e+01 -5.7445252061e-03
2.6472571660e+01 -5.5619632558e-03
2.7387101046e+01 -5.2910608854e-03
2.8310960130e+01 -4.9967620439e-03
2.9244463634e+01 -4.7615010045e-03
3.0187929564e+01 -4.6450115961e-03
3.1141679324e+01 -4.6663979161e-03
3.2106037817e+01 -4.8086682314e-03
3.3081333562e+01 -5.0368911037e-03
3.4067898803e+01 -5.3220829836e-03
3.5066069625e+01 -5.6494866848e-03
3.6076186064e+01 -6.0118250947e-03
3.7098592226e+01 -6.4037968263e-03
3.8133636406e+01 -6.8228224059e-03
3.9181671201e+01 -7.2663569520e-03
4.0243053635e+01 -7.7136642769e-03
4.1318145279e+01 -8.1137925060e-03
4.2407312375e+01 -8.4029127361e-03
4.3510925957e+01 -8.5276470024e-03
4.4629361984e+01 -8.4635990268e-03
4.5763001462e+01 -8.2304557306e-03
4.6912230577e+01 -7.8812773905e-03
4.8077440826e+01 -7.4766442059e-03
4.9259029150e+01 -7.0728805051e-03
5.0457398069e+01 -6.7090068306e-03
5.1672955819e+01 -6.3966300482e-03
5.2906116493e+01 -6.1201112823e-03
5.4157300179e+01 -5.8634913336e-03
5.5426933107e+01 -5.6524335686e-03
5.6715447790e+01 -5.5509727461e-03
5.8023283173e+01 -5.6110210935e-03
5.9350884784e+01 -5.8569867875e-03
6.0698704885e+01 -6.3293526857e-03
6.2067202624e+01 -7.0863107051e-03
6.3456844193e+01 -8.1210303721e-03
6.4868102990e+01 -9.3285573452e-03
6.6301459772e+01 -1.0574142442e-02
6.7757402829e+01 -1.1751843629e-02
6.9236428142e+01 -1.2799746115e-02
7.0739039556e+01 -1.3708503295e-02
7.2265748952e+01 -1.4511636548e-02
7.3817076418e+01 -1.5258913757e-02
7.5393550430e+01 -1.5956376426e-02
7.6995708031e+01 -1.6538944162e-02
7.8624095011e+01 -1.6934650829e-02
8.0279266098e+01 -1.7094100394e-02
8.1961785143e+01 -1.6968235319e-02
8.3672225313e+01 -1.6560198691e-02
8.5411169286e+01 -1.5948147984e-02
8.7179209453e+01 -1.5276098891e-02
8.8976948115e+01 -1.4726049282e-02
9.0804997688e+01 -1.4393316727e-02
9.2663980918e+01 -1.4199129526e-02
9.4554531086e+01 -1.4015724258e-02
9.6477292228e+01 -1.3840154643e-02
9.8432919351e+01 -1.3799321598e-02
1.0042207866e+02 -1.3991614143e-02
1.0244544778e+02 -1.4382181237e-02
1.0450371600e+02 -1.4832602285e-02
1.0659758449e+02 -1.5152932200e-02
1.0872776654e+02 -1.5151519359e-02
1.1089498782e+02 -1.4683184540e-02
1.1309998661e+02 -1.3783832511e-02
1.1534351409e+02 -1.2644769852e-02
1.1762633451e+02 -1.1391214207e-02
1.1994922556e+02 -1.0060678178e-02
1.2231297854e+02 -8.7553404661e-03
1.2471839870e+02 -7.5383817076e-03
1.2716630546e+02 -6.3524596307e-03
1.2965753273e+02 -5.1428235470e-03
1.3219292918e+02 -4.0540533821e-03
1.3477335850e+02 -3.3498069537e-03
1.3739969976e+02 -3.1448514731e-03
1.4007284764e+02 -3.2671651471e-03
1.4279371277e+02 -3.5145115207e-03
1.4556322205e+02 -3.9451146440e-03
1.4838231894e+02 -4.6164679862e-03
1.5125196379e+02 -5.3392977051e-03
1.5417313418e+02 -5.7330374642e-03
1.5714682523e+02 -5.7222747159e-03
1.6017404996e+02 -5.4013576738e-03
1.6325583964e+02 -4.9796940561e-03
1.6639324409e+02 -4.8816137719e-03
1.6958733211e+02 -5.0582232245e-03
1.7283919180e+02 -5.3617834922e-03
1.7614993094e+02 -6.0107787170e-03
1.7952067737e+02 -6.7324219589e-03
1.8295257936e+02 -6.9447541790e-03
1.8644680602e+02 -6.6847463187e-03
1.9000454771e+02 -6.4639411124e-03
1.9362701641e+02 -6.5827626376e-03
1.9731544613e+02 -6.8736484602e-03
2.0107109340e+02 -6.9884858420e-03
2.0489523759e+02 -6.5974648673e-03
2.0878918146e+02 -5.7826738663e-03
2.1275425151e+02 -4.7095966084e-03
2.1679179849e+02 -3.3923144842e-03
2.2090319782e+02 -2.1469021166e-03
2.2508985010e+02 -1.0554020876e-03
2.2935318154e+02 -1.4730687162e-04
2.3369464451e+02 5.0257882979e-04
2.3811571797e+02 9.5520070402e-04
2.4261790799e+02 8.5019541706e-04
2.4720274829e+02 8.1309438253e-05
2.5187180076e+02 -9.8567880828e-04
2.5662665594e+02 -2.0626223859e-03
2.6146893364e+02 -2.6240461022e-03
2.6640028341e+02 -2.8696669228e-03
2.7142238519e+02 -2.9816565671e-03
2.7653694978e+02 -3.0961726014e-03
2.8174571954e+02 -3.7836520930e-03
2.8705046887e+02 -4.7771975815e-03
2.9245300490e+02 -5.6946269799e-03
2.9795516805e+02 -6.1421412039e-03
3.0355883269e+02 -5.9334571431e-03
3.0926590777e+02 -4.9187981928e-03
3.1507833746e+02 -3.8815231495e-03
3.2099810182e+02 -3.4361422681e-03
3.2702721749e+02 -2.8833931025e-03
3.3316773833e+02 -2.2303063933e-03
3.3942175615e+02 -1.3486397105e-03
3.4579140141e+02 -9.6898322421e-04
3.5227884389e+02 -1.3301411211e-03
3.5888629334e+02 -1.7388224178e-03
3.6561600013e+02 -1.8741614121e-03
3.7247025564e+02 -1.6414556085e-03
3.7945139238e+02 -8.9402248367e-04
3.8656178361e+02 -2.7662483507e-04
3.9380384183e+02 -1.4507534994e-05
4.0118001554e+02 2.9589042506e-04
4.0869278313e+02 5.3057655177e-04
4.1634464207e+02 2.9443957830e-04
4.2413809122e+02 1.2745476261e-05
4.3207560294e+02 9.2691585894e-05
4.4015958123e+02 1.7801565876e-04
4.4839230158e+02 9.5981700340e-05
4.5677582794e+02 -2.0146305644e-04
4.6531190345e+02 -5.3510198608e-04
4.7400181292e+02 -3.9497059677e-04
4.8284621863e+02 -2.0927290910e-04
4.9184497480e+02 -3.0048662773e-04
5.0099693186e+02 -5.6357639334e-04
5.1029974625e+02 -6.4475566856e-04
5.1974971627e+02 -5.8380615778e-04
5.2934166651e+02 -4.2312974379e-04
5.3906890265e+02 -2.0744863858e-04
5.4892325388e+02 -2.8197021564e-05
5.5889521190e+02 7.0215575879e-05
5.6897416497e+02 6.8465729152e-05
5.7914871332e+02 4.9350652619e-05
5.8940704153e+02 4.3973642583e-05
5.9973731589e+02 6.0746196218e-05
6.1012807113e+02 6.9224268031e-05
6.2056855339e+02 7.3510072007e-05
6.3104899243e+02 3.3003663711e-05
6.4156078668e+02 2.7184920016e-06
6.5209659581e+02 4.0388061692e-07
6.6265034658e+02 1.3397831876e-05
6.7321716636e+02 1.6823676301e-05
6.8379326367e+02 1.1160130120e-05
6.9437577694e+02 8.6442451292e-06
7.0496261119e+02 7.8438144977e-06
7.1555227852e+02 7.1976818873e-06
7.2614375372e+02 5.6422713983e-06
7.3673635149e+02 4.9176918471e-06
7.4732962734e+02 3.8799697968e-06
7.5792330156e+02 3.5810783683e-06
7.6851720338e+02 3.3110360232e-06
7.7911123163e+02 2.9639581380e-06
7.8970532814e+02 2.6651369780e-06
8.0029946048e+02 2.3967028964e-06
8.1089361110e+02 2.1146729757e-06
8.2148777078e+02 1.8275643438e-06
8.3208193482e+02 1.5368261165e-06
8.4267610090e+02 1.2764105597e-06
8.5327026791e+02 1.0486278231e-06
8.6386443532e+02 8.6092987956e-07
8.7445860292e+02 6.8051264795e-07
8.8505277058e+02 4.8652303308e-07
8.9564693828e+02 2.4029231521e-07
9.0624110599e+02 -5.9545366280e-08
9.1683527370e+02 -4.0825378803e-07
9.2742944141e+02 -7.5946020124e-07
9.3802360913e+02 -1.0795693138e-06
9.4861777684e+02 -1.3265644716e-06
9.5921194456e+02 -1.4977707272e-06
9.6980611227e+02 -1.5949077131e-06
9.8040027999e+02 -1.6500881650e-06
9.9099444770e+02 -1.6810079147e-06
1.0015886154e+03 -1.7126911968e-06
1.0121827831e+03 -1.7453210824e-06
1.0227769508e+03 -1.7872102836e-06
1.0333711186e+03 -1.8326009392e-06
1.0439652863e+03 -1.8910132565e-06
1.0545594540e+03 -1.9617127998e-06
1.0651536217e+03 -2.0579434248e-06
1.0757477894e+03 -2.1792893297e-06
1.0863419571e+03 -2.3359552383e-06
1.0969361249e+03 -2.5187811332e-06
1.1075302926e+03 -2.7289301291e-06
1.1181244603e+03 -2.9492324164e-06
1.1287186280e+03 -3.1811912615e-06
1.1393127957e+03 -3.4106915419e-06
1.1499069634e+03 -3.6457526474e-06
1.1605011311e+03 -3.8764203964e-06
1.1710952989e+03 -4.1168231264e-06
1.1816894666e+03 -4.3621957785e-06
1.1922836343e+03 -4.6292003764e-06
1.2028778020e+03 -4.9095025030e-06
1.2134719697e+03 -5.2082740998e-06
1.2240661374e+03 -5.5034230901e-06
1.2346603051e+03 -5.7854928672e-06
1.2452544729e+03 -6.0290767076e-06
1.2558486406e+03 -6.2264261256e-06
1.2664428083e+03 -6.3654098797e-06
1.2770369760e+03 -6.4474008785e-06
1.2876311437e+03 -6.4734001497e-06
1.2982253114e+03 -6.4505186595e-06
1.3088194791e+03 -6.3885669992e-06
1.3194136469e+03 -6.2969369937e-06
1.3300078146e+03 -6.1895325080e-06
1.3406019823e+03 -6.0723077162e-06
1.3511961500e+03 -5.9558371162e-06
1.3617903177e+03 -5.8368058370e-06
1.3723844854e+03 -5.7198390178e-06
1.3829786531e+03 -5.5956734213e-06
1.3935728209e+03 -5.4671000952e-06
1.4041669886e+03 -5.3237490547e-06
1.4147611563e+03 -5.1687770251e-06
1.4253553240e+03 -4.9938595083e-06
1.4359494917e+03 -4.8052764410e-06
1.4465436594e+03 -4.5986244130e-06
1.4571378272e+03 -4.3833213456e-06
1.4677319949e+03 -4.1583682100e-06
1.4783261626e+03 -3.9372998408e-06
1.4889203303e+03 -3.7242052895e-06
1.4995144980e+03 -3.5367923026e-06
1.5101086657e+03 -3.3796898619e-06
1.5207028334e+03 -3.2657566171e-06
1.5312970012e+03 -3.1895116880e-06
1.5418911689e+03 -3.1504169894e-06
1.5524853366e+03 -3.1296624923e-06
1.5630795043e+03 -3.1170570941e-06
1.5736736720e+03 -3.0883949433e-06
1.5842678397e+03 -3.0356455697e-06
1.5948620074e+03 -2.9390582132e-06
1.6054561752e+03 -2.8034477687e-06
1.6160503429e+03 -2.6199485524e-06
1.6266445106e+03 -2.4106203191e-06
1.6372386783e+03 -2.1761301072e-06
1.6478328460e+03 -1.9488831123e-06
1.6584270137e+03 -1.7272948655e-06
1.6690211814e+03 -1.5392796689e-06
1.6796153492e+03 -1.3703100723e-06
1.6902095169e+03 -1.2380522735e-06
1.7008036846e+03 -1.1183424593e-06
1.7113978523e+03 -1.0245459031e-06
1.7219920200e+03 -9.3118247948e-07
1.7325861877e+03 -8.5314385162e-07
1.7431803555e+03 -7.6846250274e-07
1.7537745232e+03 -6.9622204565e-07
1.7643686909e+03 -6.1761715702e-07
1.7749628586e+03 -5.5303228214e-07
1.7855570263e+03 -4.8099016916e-07
1.7961511940e+03 -4.2065120400e-07
1.8067453617e+03 -3.4778725418e-07
1.8173395295e+03 -2.8750404202e-07
1.8279336972e+03 -2.1775269558e-07
1.8385278649e+03 -1.7330239277e-07
1.8491220326e+03 -1.2878894790e-07
1.8597162003e+03 -1.2139513317e-07
1.8703103680e+03 -1.1410926874e-07
1.8809045357e+03 -1.4239137435e-07
1.8914987035e+03 -1.5815037221e-07
1.9020928712e+03 -1.9742710964e-07
1.9126870389e+03 -2.0826323047e-07
1.9232812066e+03 -2.3215706764e-07
1.9338753743e+03 -2.2080451074e-07
1.9444695420e+03 -2.2105026885e-07
1.9550637097e+03 -1.8774811699e-07
1.9656578775e+03 -1.6693147357e-07
1.9762520452e+03 -1.1702129636e-07
1.9868462129e+03 -8.1831275604e-08
1.9974403806e+03 -2.7404059778e-08
2.0080345483e+03 9.0218335587e-09
2.0186287160e+03 5.2954864929e-08
2.0292228837e+03 7.7434728336e-08
2.0398170515e+03 9.6221522338e-08
2.0504112192e+03 9.4447133761e-08
2.0610053869e+03 7.6414049965e-08
2.0715995546e+03 4.4076612839e-08
2.0821937223e+03 -4.0373469901e-09
2.0927878900e+03 -5.2294761457e-08
2.1033820578e+03 -1.1046808539e-07
2.1139762255e+03 -1.5717179029e-07
2.1245703932e+03 -2.1027448495e-07
2.1351645609e+03 -2.4735781695e-07
2.1457587286e+03 -2.9139955282e-07
2.1563528963e+03 -3.2163762127e-07
2.1669470640e+03 -3.6102555309e-07
2.1775412318e+03 -3.8796509111e-07
2.1881353995e+03 -4.2050451096e-07
2.1987295672e+03 -4.3721223263e-07
2.2093237349e+03 -4.5357253568e-07
2.2199179026e+03 -4.5226968815e-07
2.2305120703e+03 -4.4654176781e-07
2.2411062380e+03 -4.2270210463e-07
2.2517004058e+03 -3.8903773269e-07
2.2622945735e+03 -3.3558051219e-07
2.2728887412e+03 -2.6452470553e-07
2.2834829089e+03 -1.7103422662e-07
2.2940770766e+03 -4.9800701047e-08
2.3046712443e+03 9.7104297592e-08
2.3152654120e+03 2.8025655449e-07
2.3258595798e+03 4.8553520877e-07
2.3364537475e+03 7.2116433219e-07
2.3470479152e+03 9.5871443460e-07
2.3576420829e+03 1.2022214887e-06
2.3682362506e+03 1.4204891863e-06
2.3788304183e+03 1.6203256936e-06
2.3894245861e+03 1.7797427906e-06
2.4000187538e+03 1.9065502417e-06
2.4106129215e+03 1.9869465788e-06
2.4212070892e+03 2.0250904567e-06
2.4318012569e+03 2.0152805052e-06
2.4423954246e+03 1.9616843418e-06
2.4529895923e+03 1.8684443027e-06
2.4635837601e+03 1.7440537644e-06
2.4741779278e+03 1.6002055011e-06
2.4847720955e+03 1.4502408112e-06
2.4953662632e+03 1.3047136909e-06
2.5059604309e+03 1.1771268001e-06
2.5165545986e+03 1.0652641069e-06
2.5271487663e+03 9.8106493880e-07
2.5377429341e+03 9.0741469387e-07
2.5483371018e+03 8.6113555925e-07
2.5589312695e+03 8.1456843922e-07
2.5695254372e+03 7.9297050027e-07
2.5801196049e+03 7.5938714505e-07
2.5907137726e+03 7.4570985302e-07
2.6013079403e+03 7.0679745516e-07
2.6119021081e+03 6.7823664408e-07
2.6224962758e+03 6.0756720607e-07
2.6330904435e+03 5.3099912846e-07
2.6436846112e+03 3.9394161360e-07
2.6542787789e+03 2.3776706385e-07
2.6648729466e+03 1.7105737157e-08
2.6754671143e+03 -2.1420986673e-07
2.6860612821e+03 -4.8816861955e-07
2.6966554498e+03 -7.3548727511e-07
2.7072496175e+03 -9.8513852663e-07
2.7178437852e+03 -1.1579535381e-06
2.7284379529e+03 -1.2995274924e-06
