# Rotated two-point auto-correlation R_22^R (mean-aligned) — case DNS_re250_mr06_11 (MR06), y^+ = 15
# Definition: R_{ij}^R is computed by rotating (x,z) into the local mean-flow frame.
# Columns: delta_z_plus    R
0.0000000000e+00 1.0000000000e+00
3.6952202740e+00 9.1849017046e-01
7.3904405480e+00 7.1228888508e-01
1.1085660822e+01 4.6054779385e-01
1.4780881096e+01 2.2722310787e-01
1.8476101370e+01 4.3088744050e-02
2.2171321644e+01 -8.5392497979e-02
2.5866541918e+01 -1.6471626354e-01
2.9561762192e+01 -2.0607030019e-01
3.3256982466e+01 -2.2048065353e-01
3.6952202740e+01 -2.1693562489e-01
4.0647423014e+01 -2.0210135638e-01
4.4342643288e+01 -1.8069635762e-01
4.8037863562e+01 -1.5604155193e-01
5.1733083836e+01 -1.3049707530e-01
5.5428304110e+01 -1.0578010793e-01
5.9123524384e+01 -8.3112612002e-02
6.2818744658e+01 -6.3230171651e-02
6.6513964932e+01 -4.6433058254e-02
7.0209185206e+01 -3.2764916931e-02
7.3904405480e+01 -2.2194296410e-02
7.7599625754e+01 -1.4624692785e-02
8.1294846028e+01 -9.7458332614e-03
8.4990066302e+01 -6.9099893175e-03
8.8685286576e+01 -5.2393723907e-03
9.2380506850e+01 -3.9855828777e-03
9.6075727124e+01 -2.8003798985e-03
9.9770947398e+01 -1.5963684757e-03
1.0346616767e+02 -2.5058951432e-04
1.0716138795e+02 1.4025279442e-03
1.1085660822e+02 3.3581687026e-03
1.1455182849e+02 5.3512816469e-03
1.1824704877e+02 6.9405206638e-03
1.2194226904e+02 7.7129094318e-03
1.2563748932e+02 7.5718215331e-03
1.2933270959e+02 6.8001960252e-03
1.3302792986e+02 5.7485854952e-03
1.3672315014e+02 4.5634155713e-03
1.4041837041e+02 3.2712285979e-03
1.4411359069e+02 1.9506853600e-03
1.4780881096e+02 6.9347467525e-04
1.5150403123e+02 -4.7113624363e-04
1.5519925151e+02 -1.5079323857e-03
1.5889447178e+02 -2.3340272891e-03
1.6258969206e+02 -2.8721710915e-03
1.6628491233e+02 -3.0886301343e-03
1.6998013260e+02 -2.9713903695e-03
1.7367535288e+02 -2.4950374266e-03
1.7737057315e+02 -1.6576749856e-03
1.8106579343e+02 -5.6592880319e-04
1.8476101370e+02 5.2998834262e-04
1.8845623397e+02 1.3095556809e-03
1.9215145425e+02 1.5740396361e-03
1.9584667452e+02 1.3857733023e-03
1.9954189480e+02 9.7696911657e-04
2.0323711507e+02 5.3773282853e-04
2.0693233534e+02 1.1344948934e-04
2.1062755562e+02 -3.0031247793e-04
2.1432277589e+02 -5.9579348902e-04
2.1801799617e+02 -5.2858658719e-04
2.2171321644e+02 1.1439283680e-04
2.2540843671e+02 1.3343790573e-03
2.2910365699e+02 2.8878088364e-03
2.3279887726e+02 4.3392938520e-03
2.3649409754e+02 5.2081329372e-03
2.4018931781e+02 5.2061360348e-03
2.4388453808e+02 4.3248550241e-03
2.4757975836e+02 2.7333041117e-03
2.5127497863e+02 7.3054274660e-04
2.5497019891e+02 -1.2118721333e-03
2.5866541918e+02 -2.5298676942e-03
2.6236063945e+02 -2.8809071756e-03
2.6605585973e+02 -2.4159171229e-03
2.6975108000e+02 -1.6497611851e-03
2.7344630028e+02 -1.0849264573e-03
2.7714152055e+02 -1.0059452060e-03
2.8083674082e+02 -1.4783574018e-03
2.8453196110e+02 -2.3485640257e-03
2.8822718137e+02 -3.2518669049e-03
2.9192240165e+02 -3.7374245112e-03
2.9561762192e+02 -3.4727753872e-03
2.9931284219e+02 -2.3913183572e-03
3.0300806247e+02 -7.1110944782e-04
3.0670328274e+02 1.1564808392e-03
3.1039850302e+02 2.7361124448e-03
3.1409372329e+02 3.5946433439e-03
3.1778894356e+02 3.4862392681e-03
3.2148416384e+02 2.5242368629e-03
3.2517938411e+02 1.1293527589e-03
3.2887460439e+02 -2.7724855037e-04
3.3256982466e+02 -1.4554685314e-03
3.3626504493e+02 -2.2317050528e-03
3.3996026521e+02 -2.3517886568e-03
3.4365548548e+02 -1.5436567937e-03
3.4735070576e+02 2.5599559844e-04
3.5104592603e+02 2.7293855209e-03
3.5474114630e+02 5.2400623379e-03
3.5843636658e+02 7.1405246019e-03
3.6213158685e+02 8.1114318245e-03
3.6582680713e+02 8.2301857958e-03
3.6952202740e+02 7.7246264308e-03
3.7321724767e+02 6.6709936196e-03
3.7691246795e+02 4.9455306135e-03
3.8060768822e+02 2.4668854096e-03
3.8430290850e+02 -5.6084645485e-04
3.8799812877e+02 -3.6508985219e-03
3.9169334904e+02 -6.2349729715e-03
3.9538856932e+02 -7.8815799776e-03
3.9908378959e+02 -8.4030785995e-03
4.0277900987e+02 -7.8360339200e-03
4.0647423014e+02 -6.4128530343e-03
4.1016945041e+02 -4.5778847894e-03
4.1386467069e+02 -2.8966456322e-03
4.1755989096e+02 -1.8045757967e-03
4.2125511124e+02 -1.4202346731e-03
4.2495033151e+02 -1.5776901398e-03
4.2864555178e+02 -1.9653640884e-03
4.3234077206e+02 -2.2391314287e-03
4.3603599233e+02 -2.0845807337e-03
4.3973121261e+02 -1.2948560612e-03
4.4342643288e+02 1.4656698803e-04
4.4712165315e+02 2.1019343467e-03
4.5081687343e+02 4.3397171798e-03
4.5451209370e+02 6.5030319023e-03
4.5820731398e+02 8.1832880529e-03
4.6190253425e+02 9.1427837840e-03
4.6559775452e+02 9.3734493587e-03
4.6929297480e+02 8.9122674772e-03
4.7298819507e+02 7.7314404172e-03
4.7668341534e+02 5.8695110945e-03
4.8037863562e+02 3.5938122737e-03
4.8407385589e+02 1.3729519125e-03
4.8776907617e+02 -3.2987590422e-04
4.9146429644e+02 -1.2570985734e-03
4.9515951671e+02 -1.4153628755e-03
4.9885473699e+02 -1.0169168827e-03
5.0254995726e+02 -3.9944993182e-04
5.0624517754e+02 6.0731721420e-05
5.0994039781e+02 9.8098914574e-05
5.1363561808e+02 -3.0877460841e-04
5.1733083836e+02 -9.9639653797e-04
5.2102605863e+02 -1.8213271542e-03
5.2472127891e+02 -2.7369050596e-03
5.2841649918e+02 -3.6683779211e-03
5.3211171945e+02 -4.4110803746e-03
5.3580693973e+02 -4.6908041679e-03
5.3950216000e+02 -4.3292123861e-03
5.4319738028e+02 -3.3891737783e-03
5.4689260055e+02 -2.1405561480e-03
5.5058782082e+02 -8.5558266750e-04
5.5428304110e+02 3.2168878637e-04
5.5797826137e+02 1.3044703566e-03
5.6167348165e+02 1.9980435276e-03
5.6536870192e+02 2.3962693609e-03
5.6906392219e+02 2.6580206889e-03
5.7275914247e+02 2.9804765351e-03
5.7645436274e+02 3.4204737730e-03
5.8014958302e+02 3.8606000204e-03
5.8384480329e+02 4.0930147581e-03
5.8754002356e+02 3.9015300368e-03
5.9123524384e+02 3.1145513579e-03
5.9493046411e+02 1.6888426245e-03
5.9862568439e+02 -1.9947853355e-04
6.0232090466e+02 -2.2015732810e-03
6.0601612493e+02 -4.0033913473e-03
6.0971134521e+02 -5.4768936200e-03
6.1340656548e+02 -6.5960623476e-03
6.1710178576e+02 -7.2722399839e-03
6.2079700603e+02 -7.3398088458e-03
6.2449222630e+02 -6.6518805799e-03
6.2818744658e+02 -5.1539325378e-03
6.3188266685e+02 -2.9610539520e-03
6.3557788713e+02 -4.2555865269e-04
6.3927310740e+02 1.9636358289e-03
6.4296832767e+02 3.8107322619e-03
6.4666354795e+02 4.9098033508e-03
6.5035876822e+02 5.2479624971e-03
6.5405398850e+02 5.0625181276e-03
6.5774920877e+02 4.7082097909e-03
6.6144442904e+02 4.3605856654e-03
6.6513964932e+02 4.0154041114e-03
6.6883486959e+02 3.7294052872e-03
6.7253008987e+02 3.6371646046e-03
6.7622531014e+02 3.8024903945e-03
6.7992053041e+02 4.2015663562e-03
6.8361575069e+02 4.7399581464e-03
6.8731097096e+02 5.2137189191e-03
6.9100619124e+02 5.3206665142e-03
6.9470141151e+02 4.7416143056e-03
6.9839663178e+02 3.2818077730e-03
7.0209185206e+02 1.0263183422e-03
7.0578707233e+02 -1.6069649992e-03
7.0948229261e+02 -4.0096419508e-03
7.1317751288e+02 -5.6837382634e-03
7.1687273315e+02 -6.4156862555e-03
7.2056795343e+02 -6.1900634019e-03
7.2426317370e+02 -5.0859702295e-03
7.2795839398e+02 -3.2950758527e-03
7.3165361425e+02 -1.1654891121e-03
7.3534883452e+02 8.3629785407e-04
7.3904405480e+02 2.3039262702e-03
7.4273927507e+02 3.0620083198e-03
7.4643449535e+02 3.1057086083e-03
7.5012971562e+02 2.4535252817e-03
7.5382493589e+02 1.1937566318e-03
7.5752015617e+02 -3.8865945509e-04
7.6121537644e+02 -1.8472207888e-03
7.6491059672e+02 -2.7422137571e-03
7.6860581699e+02 -2.8063785283e-03
7.7230103726e+02 -2.0710816435e-03
7.7599625754e+02 -8.4809159742e-04
7.7969147781e+02 4.9424860232e-04
7.8338669809e+02 1.7294438565e-03
7.8708191836e+02 2.7916637081e-03
7.9077713863e+02 3.6886588201e-03
7.9447235891e+02 4.3701900348e-03
7.9816757918e+02 4.6653744971e-03
8.0186279946e+02 4.3910995638e-03
8.0555801973e+02 3.5364892090e-03
8.0925324000e+02 2.3282922224e-03
8.1294846028e+02 1.1067229198e-03
8.1664368055e+02 1.3982605629e-04
8.2033890083e+02 -4.3965090769e-04
8.2403412110e+02 -5.9341641121e-04
8.2772934137e+02 -4.0652071515e-04
8.3142456165e+02 -1.4402231919e-04
8.3511978192e+02 -1.1163207670e-04
8.3881500220e+02 -3.7857497741e-04
8.4251022247e+02 -7.1141227218e-04
8.4620544274e+02 -8.2452750516e-04
8.4990066302e+02 -6.3274341436e-04
8.5359588329e+02 -2.4607141119e-04
8.5729110357e+02 2.2011714453e-04
8.6098632384e+02 7.8947213652e-04
8.6468154411e+02 1.5362100663e-03
8.6837676439e+02 2.3717458146e-03
8.7207198466e+02 3.0599304319e-03
8.7576720494e+02 3.4421662723e-03
8.7946242521e+02 3.5114481802e-03
8.8315764548e+02 3.3128170046e-03
8.8685286576e+02 2.9038963918e-03
8.9054808603e+02 2.3634215903e-03
8.9424330631e+02 1.7573841501e-03
8.9793852658e+02 1.1434297645e-03
9.0163374685e+02 6.3346965202e-04
9.0532896713e+02 3.8877892071e-04
9.0902418740e+02 4.8618931086e-04
9.1271940768e+02 8.0319311128e-04
9.1641462795e+02 1.0584380812e-03
9.2010984822e+02 9.5595170125e-04
9.2380506850e+02 3.0833628480e-04
9.2750028877e+02 -9.1548097659e-04
9.3119550905e+02 -2.5390069423e-03
9.3489072932e+02 -4.1814070391e-03
9.3858594959e+02 -5.4474691122e-03
9.4228116987e+02 -6.1624809950e-03
9.4597639014e+02 -6.3795712334e-03
9.4967161042e+02 -6.1624809950e-03
9.5336683069e+02 -5.4474691122e-03
9.5706205096e+02 -4.1814070391e-03
9.6075727124e+02 -2.5390069423e-03
9.6445249151e+02 -9.1548097659e-04
9.6814771179e+02 3.0833628480e-04
9.7184293206e+02 9.5595170125e-04
9.7553815233e+02 1.0584380812e-03
9.7923337261e+02 8.0319311128e-04
9.8292859288e+02 4.8618931086e-04
9.8662381316e+02 3.8877892071e-04
9.9031903343e+02 6.3346965202e-04
9.9401425370e+02 1.1434297645e-03
9.9770947398e+02 1.7573841501e-03
1.0014046943e+03 2.3634215903e-03
1.0050999145e+03 2.9038963918e-03
1.0087951348e+03 3.3128170046e-03
1.0124903551e+03 3.5114481802e-03
1.0161855753e+03 3.4421662723e-03
1.0198807956e+03 3.0599304319e-03
1.0235760159e+03 2.3717458146e-03
1.0272712362e+03 1.5362100663e-03
1.0309664564e+03 7.8947213652e-04
1.0346616767e+03 2.2011714453e-04
1.0383568970e+03 -2.4607141119e-04
1.0420521173e+03 -6.3274341436e-04
1.0457473375e+03 -8.2452750516e-04
1.0494425578e+03 -7.1141227218e-04
1.0531377781e+03 -3.7857497741e-04
1.0568329984e+03 -1.1163207670e-04
1.0605282186e+03 -1.4402231919e-04
1.0642234389e+03 -4.0652071515e-04
1.0679186592e+03 -5.9341641121e-04
1.0716138795e+03 -4.3965090769e-04
1.0753090997e+03 1.3982605629e-04
1.0790043200e+03 1.1067229198e-03
1.0826995403e+03 2.3282922224e-03
1.0863947606e+03 3.5364892090e-03
1.0900899808e+03 4.3910995638e-03
1.0937852011e+03 4.6653744971e-03
1.0974804214e+03 4.3701900348e-03
1.1011756416e+03 3.6886588201e-03
1.1048708619e+03 2.7916637081e-03
1.1085660822e+03 1.7294438565e-03
1.1122613025e+03 4.9424860232e-04
1.1159565227e+03 -8.4809159742e-04
1.1196517430e+03 -2.0710816435e-03
1.1233469633e+03 -2.8063785283e-03
1.1270421836e+03 -2.7422137571e-03
1.1307374038e+03 -1.8472207888e-03
1.1344326241e+03 -3.8865945509e-04
1.1381278444e+03 1.1937566318e-03
1.1418230647e+03 2.4535252817e-03
1.1455182849e+03 3.1057086083e-03
1.1492135052e+03 3.0620083198e-03
1.1529087255e+03 2.3039262702e-03
1.1566039458e+03 8.3629785407e-04
1.1602991660e+03 -1.1654891121e-03
1.1639943863e+03 -3.2950758527e-03
1.1676896066e+03 -5.0859702295e-03
1.1713848269e+03 -6.1900634019e-03
1.1750800471e+03 -6.4156862555e-03
1.1787752674e+03 -5.6837382634e-03
1.1824704877e+03 -4.0096419508e-03
1.1861657080e+03 -1.6069649992e-03
1.1898609282e+03 1.0263183422e-03
1.1935561485e+03 3.2818077730e-03
1.1972513688e+03 4.7416143056e-03
1.2009465890e+03 5.3206665142e-03
1.2046418093e+03 5.2137189191e-03
1.2083370296e+03 4.7399581464e-03
1.2120322499e+03 4.2015663562e-03
1.2157274701e+03 3.8024903945e-03
1.2194226904e+03 3.6371646046e-03
1.2231179107e+03 3.7294052872e-03
1.2268131310e+03 4.0154041114e-03
1.2305083512e+03 4.3605856654e-03
1.2342035715e+03 4.7082097909e-03
1.2378987918e+03 5.0625181276e-03
1.2415940121e+03 5.2479624971e-03
1.2452892323e+03 4.9098033508e-03
1.2489844526e+03 3.8107322619e-03
1.2526796729e+03 1.9636358289e-03
1.2563748932e+03 -4.2555865269e-04
1.2600701134e+03 -2.9610539520e-03
1.2637653337e+03 -5.1539325378e-03
1.2674605540e+03 -6.6518805799e-03
1.2711557743e+03 -7.3398088458e-03
1.2748509945e+03 -7.2722399839e-03
1.2785462148e+03 -6.5960623476e-03
1.2822414351e+03 -5.4768936200e-03
1.2859366553e+03 -4.0033913473e-03
1.2896318756e+03 -2.2015732810e-03
1.2933270959e+03 -1.9947853355e-04
1.2970223162e+03 1.6888426245e-03
1.3007175364e+03 3.1145513579e-03
1.3044127567e+03 3.9015300368e-03
1.3081079770e+03 4.0930147581e-03
1.3118031973e+03 3.8606000204e-03
1.3154984175e+03 3.4204737730e-03
1.3191936378e+03 2.9804765351e-03
1.3228888581e+03 2.6580206889e-03
1.3265840784e+03 2.3962693609e-03
1.3302792986e+03 1.9980435276e-03
1.3339745189e+03 1.3044703566e-03
1.3376697392e+03 3.2168878637e-04
1.3413649595e+03 -8.5558266750e-04
1.3450601797e+03 -2.1405561480e-03
1.3487554000e+03 -3.3891737783e-03
1.3524506203e+03 -4.3292123861e-03
1.3561458406e+03 -4.6908041679e-03
1.3598410608e+03 -4.4110803746e-03
1.3635362811e+03 -3.6683779211e-03
1.3672315014e+03 -2.7369050596e-03
1.3709267217e+03 -1.8213271542e-03
1.3746219419e+03 -9.9639653797e-04
1.3783171622e+03 -3.0877460841e-04
1.3820123825e+03 9.8098914574e-05
1.3857076027e+03 6.0731721420e-05
1.3894028230e+03 -3.9944993182e-04
1.3930980433e+03 -1.0169168827e-03
1.3967932636e+03 -1.4153628755e-03
1.4004884838e+03 -1.2570985734e-03
1.4041837041e+03 -3.2987590422e-04
1.4078789244e+03 1.3729519125e-03
1.4115741447e+03 3.5938122737e-03
1.4152693649e+03 5.8695110945e-03
1.4189645852e+03 7.7314404172e-03
1.4226598055e+03 8.9122674772e-03
1.4263550258e+03 9.3734493587e-03
1.4300502460e+03 9.1427837840e-03
1.4337454663e+03 8.1832880529e-03
1.4374406866e+03 6.5030319023e-03
1.4411359069e+03 4.3397171798e-03
1.4448311271e+03 2.1019343467e-03
1.4485263474e+03 1.4656698803e-04
1.4522215677e+03 -1.2948560612e-03
1.4559167880e+03 -2.0845807337e-03
1.4596120082e+03 -2.2391314287e-03
1.4633072285e+03 -1.9653640884e-03
1.4670024488e+03 -1.5776901398e-03
1.4706976690e+03 -1.4202346731e-03
1.4743928893e+03 -1.8045757967e-03
1.4780881096e+03 -2.8966456322e-03
1.4817833299e+03 -4.5778847894e-03
1.4854785501e+03 -6.4128530343e-03
1.4891737704e+03 -7.8360339200e-03
1.4928689907e+03 -8.4030785995e-03
1.4965642110e+03 -7.8815799776e-03
1.5002594312e+03 -6.2349729715e-03
1.5039546515e+03 -3.6508985219e-03
1.5076498718e+03 -5.6084645485e-04
1.5113450921e+03 2.4668854096e-03
1.5150403123e+03 4.9455306135e-03
1.5187355326e+03 6.6709936196e-03
1.5224307529e+03 7.7246264308e-03
1.5261259732e+03 8.2301857958e-03
1.5298211934e+03 8.1114318245e-03
1.5335164137e+03 7.1405246019e-03
1.5372116340e+03 5.2400623379e-03
1.5409068543e+03 2.7293855209e-03
1.5446020745e+03 2.5599559844e-04
1.5482972948e+03 -1.5436567937e-03
1.5519925151e+03 -2.3517886568e-03
1.5556877354e+03 -2.2317050528e-03
1.5593829556e+03 -1.4554685314e-03
1.5630781759e+03 -2.7724855037e-04
1.5667733962e+03 1.1293527589e-03
1.5704686164e+03 2.5242368629e-03
1.5741638367e+03 3.4862392681e-03
1.5778590570e+03 3.5946433439e-03
1.5815542773e+03 2.7361124448e-03
1.5852494975e+03 1.1564808392e-03
1.5889447178e+03 -7.1110944782e-04
1.5926399381e+03 -2.3913183572e-03
1.5963351584e+03 -3.4727753872e-03
1.6000303786e+03 -3.7374245112e-03
1.6037255989e+03 -3.2518669049e-03
1.6074208192e+03 -2.3485640257e-03
1.6111160395e+03 -1.4783574018e-03
1.6148112597e+03 -1.0059452060e-03
1.6185064800e+03 -1.0849264573e-03
1.6222017003e+03 -1.6497611851e-03
1.6258969206e+03 -2.4159171229e-03
1.6295921408e+03 -2.8809071756e-03
1.6332873611e+03 -2.5298676942e-03
1.6369825814e+03 -1.2118721333e-03
1.6406778017e+03 7.3054274660e-04
1.6443730219e+03 2.7333041117e-03
1.6480682422e+03 4.3248550241e-03
1.6517634625e+03 5.2061360348e-03
1.6554586827e+03 5.2081329372e-03
1.6591539030e+03 4.3392938520e-03
1.6628491233e+03 2.8878088364e-03
1.6665443436e+03 1.3343790573e-03
1.6702395638e+03 1.1439283680e-04
1.6739347841e+03 -5.2858658719e-04
1.6776300044e+03 -5.9579348902e-04
1.6813252247e+03 -3.0031247793e-04
1.6850204449e+03 1.1344948934e-04
1.6887156652e+03 5.3773282853e-04
1.6924108855e+03 9.7696911657e-04
1.6961061058e+03 1.3857733023e-03
1.6998013260e+03 1.5740396361e-03
1.7034965463e+03 1.3095556809e-03
1.7071917666e+03 5.2998834262e-04
1.7108869869e+03 -5.6592880319e-04
1.7145822071e+03 -1.6576749856e-03
1.7182774274e+03 -2.4950374266e-03
1.7219726477e+03 -2.9713903695e-03
1.7256678680e+03 -3.0886301343e-03
1.7293630882e+03 -2.8721710915e-03
1.7330583085e+03 -2.3340272891e-03
1.7367535288e+03 -1.5079323857e-03
1.7404487491e+03 -4.7113624363e-04
1.7441439693e+03 6.9347467525e-04
1.7478391896e+03 1.9506853600e-03
1.7515344099e+03 3.2712285979e-03
1.7552296301e+03 4.5634155713e-03
1.7589248504e+03 5.7485854952e-03
1.7626200707e+03 6.8001960252e-03
1.7663152910e+03 7.5718215331e-03
1.7700105112e+03 7.7129094318e-03
1.7737057315e+03 6.9405206638e-03
1.7774009518e+03 5.3512816469e-03
1.7810961721e+03 3.3581687026e-03
1.7847913923e+03 1.4025279442e-03
1.7884866126e+03 -2.5058951432e-04
1.7921818329e+03 -1.5963684757e-03
1.7958770532e+03 -2.8003798985e-03
1.7995722734e+03 -3.9855828777e-03
1.8032674937e+03 -5.2393723907e-03
1.8069627140e+03 -6.9099893175e-03
1.8106579343e+03 -9.7458332614e-03
1.8143531545e+03 -1.4624692785e-02
1.8180483748e+03 -2.2194296410e-02
1.8217435951e+03 -3.2764916931e-02
1.8254388154e+03 -4.6433058254e-02
1.8291340356e+03 -6.3230171651e-02
1.8328292559e+03 -8.3112612002e-02
1.8365244762e+03 -1.0578010793e-01
1.8402196964e+03 -1.3049707530e-01
1.8439149167e+03 -1.5604155193e-01
1.8476101370e+03 -1.8069635762e-01
1.8513053573e+03 -2.0210135638e-01
1.8550005775e+03 -2.1693562489e-01
1.8586957978e+03 -2.2048065353e-01
1.8623910181e+03 -2.0607030019e-01
1.8660862384e+03 -1.6471626354e-01
1.8697814586e+03 -8.5392497979e-02
1.8734766789e+03 4.3088744050e-02
1.8771718992e+03 2.2722310787e-01
1.8808671195e+03 4.6054779385e-01
1.8845623397e+03 7.1228888508e-01
1.8882575600e+03 9.1849017046e-01
