# Rotated two-point auto-correlation R_11^R (mean-aligned) — case DNS_re250_mr06_11 (MR06), y^+ = 15
# Definition: R_{ij}^R is computed by rotating (x,z) into the local mean-flow frame.
# Columns: delta_z_plus    R
0.0000000000e+00 1.0000000000e+00
3.6952202740e+00 9.7083511053e-01
7.3904405480e+00 8.9198442303e-01
1.1085660822e+01 7.8231790224e-01
1.4780881096e+01 6.5967981794e-01
1.8476101370e+01 5.3648108901e-01
2.2171321644e+01 4.2025630364e-01
2.5866541918e+01 3.1509996370e-01
2.9561762192e+01 2.2289029129e-01
3.3256982466e+01 1.4408966638e-01
3.6952202740e+01 7.8260857846e-02
4.0647423014e+01 2.4482082655e-02
4.4342643288e+01 -1.8405757949e-02
4.8037863562e+01 -5.1689943279e-02
5.1733083836e+01 -7.6698883097e-02
5.5428304110e+01 -9.4721629968e-02
5.9123524384e+01 -1.0695877512e-01
6.2818744658e+01 -1.1451170060e-01
6.6513964932e+01 -1.1837592390e-01
7.0209185206e+01 -1.1940866111e-01
7.3904405480e+01 -1.1830172264e-01
7.7599625754e+01 -1.1558209463e-01
8.1294846028e+01 -1.1162920747e-01
8.4990066302e+01 -1.0671626497e-01
8.8685286576e+01 -1.0107915522e-01
9.2380506850e+01 -9.4968531285e-02
9.6075727124e+01 -8.8646130856e-02
9.9770947398e+01 -8.2347944701e-02
1.0346616767e+02 -7.6257594261e-02
1.0716138795e+02 -7.0508014116e-02
1.1085660822e+02 -6.5205786448e-02
1.1455182849e+02 -6.0449984701e-02
1.1824704877e+02 -5.6320197931e-02
1.2194226904e+02 -5.2848344011e-02
1.2563748932e+02 -5.0006058478e-02
1.2933270959e+02 -4.7709046521e-02
1.3302792986e+02 -4.5824882668e-02
1.3672315014e+02 -4.4198983513e-02
1.4041837041e+02 -4.2696021656e-02
1.4411359069e+02 -4.1214140993e-02
1.4780881096e+02 -3.9667351875e-02
1.5150403123e+02 -3.7997998248e-02
1.5519925151e+02 -3.6225340519e-02
1.5889447178e+02 -3.4451265001e-02
1.6258969206e+02 -3.2795624101e-02
1.6628491233e+02 -3.1328129543e-02
1.6998013260e+02 -3.0061616038e-02
1.7367535288e+02 -2.8993813261e-02
1.7737057315e+02 -2.8135240169e-02
1.8106579343e+02 -2.7507707950e-02
1.8476101370e+02 -2.7139910105e-02
1.8845623397e+02 -2.7052743600e-02
1.9215145425e+02 -2.7236348829e-02
1.9584667452e+02 -2.7645575453e-02
1.9954189480e+02 -2.8198787248e-02
2.0323711507e+02 -2.8773223746e-02
2.0693233534e+02 -2.9239276395e-02
2.1062755562e+02 -2.9520922738e-02
2.1432277589e+02 -2.9613758387e-02
2.1801799617e+02 -2.9551310929e-02
2.2171321644e+02 -2.9356260923e-02
2.2540843671e+02 -2.9007763746e-02
2.2910365699e+02 -2.8457606779e-02
2.3279887726e+02 -2.7688386005e-02
2.3649409754e+02 -2.6751220891e-02
2.4018931781e+02 -2.5747806293e-02
2.4388453808e+02 -2.4787138981e-02
2.4757975836e+02 -2.3952283927e-02
2.5127497863e+02 -2.3284252197e-02
2.5497019891e+02 -2.2785266236e-02
2.5866541918e+02 -2.2438853268e-02
2.6236063945e+02 -2.2226930915e-02
2.6605585973e+02 -2.2121544108e-02
2.6975108000e+02 -2.2071689461e-02
2.7344630028e+02 -2.2016171757e-02
2.7714152055e+02 -2.1899255659e-02
2.8083674082e+02 -2.1661311631e-02
2.8453196110e+02 -2.1223554043e-02
2.8822718137e+02 -2.0497931581e-02
2.9192240165e+02 -1.9427305279e-02
2.9561762192e+02 -1.8032896547e-02
2.9931284219e+02 -1.6439299735e-02
3.0300806247e+02 -1.4842546310e-02
3.0670328274e+02 -1.3412512118e-02
3.1039850302e+02 -1.2202906047e-02
3.1409372329e+02 -1.1145668661e-02
3.1778894356e+02 -1.0106188078e-02
3.2148416384e+02 -8.9498830860e-03
3.2517938411e+02 -7.6019982152e-03
3.2887460439e+02 -6.0691884298e-03
3.3256982466e+02 -4.4213470456e-03
3.3626504493e+02 -2.7729515950e-03
3.3996026521e+02 -1.2591468893e-03
3.4365548548e+02 8.5262438844e-06
3.4735070576e+02 9.7340307946e-04
3.5104592603e+02 1.6267670448e-03
3.5474114630e+02 1.9759554289e-03
3.5843636658e+02 2.0184788889e-03
3.6213158685e+02 1.7451692081e-03
3.6582680713e+02 1.1602055214e-03
3.6952202740e+02 2.9974239815e-04
3.7321724767e+02 -7.5598996743e-04
3.7691246795e+02 -1.8955081533e-03
3.8060768822e+02 -3.0122975581e-03
3.8430290850e+02 -4.0286163073e-03
3.8799812877e+02 -4.8900587583e-03
3.9169334904e+02 -5.5522596119e-03
3.9538856932e+02 -5.9799066979e-03
3.9908378959e+02 -6.1457215180e-03
4.0277900987e+02 -6.0237949464e-03
4.0647423014e+02 -5.6069117172e-03
4.1016945041e+02 -4.9422197193e-03
4.1386467069e+02 -4.1286876862e-03
4.1755989096e+02 -3.2668526979e-03
4.2125511124e+02 -2.4073336646e-03
4.2495033151e+02 -1.5407466881e-03
4.2864555178e+02 -6.4037545216e-04
4.3234077206e+02 2.8518109270e-04
4.3603599233e+02 1.1856308230e-03
4.3973121261e+02 2.0082749489e-03
4.4342643288e+02 2.7430531631e-03
4.4712165315e+02 3.4360261479e-03
4.5081687343e+02 4.1544396905e-03
4.5451209370e+02 4.9271601305e-03
4.5820731398e+02 5.7075184636e-03
4.6190253425e+02 6.3938204036e-03
4.6559775452e+02 6.8881172216e-03
4.6929297480e+02 7.1363916704e-03
4.7298819507e+02 7.1301853423e-03
4.7668341534e+02 6.8905501569e-03
4.8037863562e+02 6.4561114383e-03
4.8407385589e+02 5.8899399240e-03
4.8776907617e+02 5.2859457932e-03
4.9146429644e+02 4.7448351468e-03
4.9515951671e+02 4.3436608754e-03
4.9885473699e+02 4.1327194841e-03
5.0254995726e+02 4.1451194566e-03
5.0624517754e+02 4.3898253088e-03
5.0994039781e+02 4.8385641205e-03
5.1363561808e+02 5.4384065042e-03
5.1733083836e+02 6.1373875381e-03
5.2102605863e+02 6.8771097423e-03
5.2472127891e+02 7.5624023019e-03
5.2841649918e+02 8.0625757215e-03
5.3211171945e+02 8.2578406638e-03
5.3580693973e+02 8.0949687142e-03
5.3950216000e+02 7.6032913438e-03
5.4319738028e+02 6.8603302932e-03
5.4689260055e+02 5.9522335601e-03
5.5058782082e+02 4.9580685249e-03
5.5428304110e+02 3.9446985362e-03
5.5797826137e+02 2.9622327362e-03
5.6167348165e+02 2.0529003014e-03
5.6536870192e+02 1.2701873515e-03
5.6906392219e+02 6.8358525427e-04
5.7275914247e+02 3.5467293255e-04
5.7645436274e+02 2.9154418193e-04
5.8014958302e+02 4.1755253447e-04
5.8384480329e+02 5.9077704861e-04
5.8754002356e+02 6.6561593377e-04
5.9123524384e+02 5.4943511171e-04
5.9493046411e+02 2.1180719131e-04
5.9862568439e+02 -3.4204009544e-04
6.0232090466e+02 -1.0914679683e-03
6.0601612493e+02 -2.0005870310e-03
6.0971134521e+02 -3.0056690074e-03
6.1340656548e+02 -4.0004408829e-03
6.1710178576e+02 -4.8428978935e-03
6.2079700603e+02 -5.4016830529e-03
6.2449222630e+02 -5.6074831254e-03
6.2818744658e+02 -5.4514973689e-03
6.3188266685e+02 -4.9486487355e-03
6.3557788713e+02 -4.1417100482e-03
6.3927310740e+02 -3.1365196127e-03
6.4296832767e+02 -2.0896322010e-03
6.4666354795e+02 -1.1509478731e-03
6.5035876822e+02 -4.2043698937e-04
6.5405398850e+02 5.8952615961e-05
6.5774920877e+02 2.8336279315e-04
6.6144442904e+02 2.8061376763e-04
6.6513964932e+02 1.1970350607e-04
6.6883486959e+02 -1.0777509535e-04
6.7253008987e+02 -3.2783536780e-04
6.7622531014e+02 -4.9421738224e-04
6.7992053041e+02 -5.7136896760e-04
6.8361575069e+02 -5.2840109663e-04
6.8731097096e+02 -3.5373595076e-04
6.9100619124e+02 -7.4999057796e-05
6.9470141151e+02 2.3915327683e-04
6.9839663178e+02 5.0194896661e-04
7.0209185206e+02 6.3771559741e-04
7.0578707233e+02 6.0314115481e-04
7.0948229261e+02 4.0134878075e-04
7.1317751288e+02 7.9914774270e-05
7.1687273315e+02 -2.9602057200e-04
7.2056795343e+02 -6.7576640706e-04
7.2426317370e+02 -1.0400652805e-03
7.2795839398e+02 -1.3967722670e-03
7.3165361425e+02 -1.7572828719e-03
7.3534883452e+02 -2.1145114817e-03
7.3904405480e+02 -2.4393563135e-03
7.4273927507e+02 -2.6919476205e-03
7.4643449535e+02 -2.8364848252e-03
7.5012971562e+02 -2.8598843465e-03
7.5382493589e+02 -2.7928472934e-03
7.5752015617e+02 -2.7067629032e-03
7.6121537644e+02 -2.6776140301e-03
7.6491059672e+02 -2.7449660322e-03
7.6860581699e+02 -2.8888554703e-03
7.7230103726e+02 -3.0388379390e-03
7.7599625754e+02 -3.1119163379e-03
7.7969147781e+02 -3.0495052759e-03
7.8338669809e+02 -2.8284117933e-03
7.8708191836e+02 -2.4390245474e-03
7.9077713863e+02 -1.8624223448e-03
7.9447235891e+02 -1.0861893369e-03
7.9816757918e+02 -1.3094808248e-04
8.0186279946e+02 9.5682610591e-04
8.0555801973e+02 2.1224757755e-03
8.0925324000e+02 3.3029373082e-03
8.1294846028e+02 4.4304398024e-03
8.1664368055e+02 5.4534777130e-03
8.2033890083e+02 6.3488391143e-03
8.2403412110e+02 7.1083712531e-03
8.2772934137e+02 7.7285029755e-03
8.3142456165e+02 8.2264463826e-03
8.3511978192e+02 8.6548027675e-03
8.3881500220e+02 9.0784705253e-03
8.4251022247e+02 9.5329631328e-03
8.4620544274e+02 1.0012161338e-02
8.4990066302e+02 1.0485449732e-02
8.5359588329e+02 1.0904243935e-02
8.5729110357e+02 1.1200468729e-02
8.6098632384e+02 1.1297767380e-02
8.6468154411e+02 1.1126816211e-02
8.6837676439e+02 1.0646423287e-02
8.7207198466e+02 9.8784397135e-03
8.7576720494e+02 8.9239129779e-03
8.7946242521e+02 7.9318144919e-03
8.8315764548e+02 7.0387000827e-03
8.8685286576e+02 6.3173149189e-03
8.9054808603e+02 5.7593608452e-03
8.9424330631e+02 5.2903828817e-03
8.9793852658e+02 4.8014078273e-03
9.0163374685e+02 4.1818332167e-03
9.0532896713e+02 3.3555590851e-03
9.0902418740e+02 2.3176844805e-03
9.1271940768e+02 1.1376919289e-03
9.1641462795e+02 -7.2613755793e-05
9.2010984822e+02 -1.1967681055e-03
9.2380506850e+02 -2.1445591187e-03
9.2750028877e+02 -2.8667042738e-03
9.3119550905e+02 -3.3561001035e-03
9.3489072932e+02 -3.6450422000e-03
9.3858594959e+02 -3.7911237046e-03
9.4228116987e+02 -3.8526285509e-03
9.4597639014e+02 -3.8687494393e-03
9.4967161042e+02 -3.8526285509e-03
9.5336683069e+02 -3.7911237046e-03
9.5706205096e+02 -3.6450422000e-03
9.6075727124e+02 -3.3561001035e-03
9.6445249151e+02 -2.8667042738e-03
9.6814771179e+02 -2.1445591187e-03
9.7184293206e+02 -1.1967681055e-03
9.7553815233e+02 -7.2613755793e-05
9.7923337261e+02 1.1376919289e-03
9.8292859288e+02 2.3176844805e-03
9.8662381316e+02 3.3555590851e-03
9.9031903343e+02 4.1818332167e-03
9.9401425370e+02 4.8014078273e-03
9.9770947398e+02 5.2903828817e-03
1.0014046943e+03 5.7593608452e-03
1.0050999145e+03 6.3173149189e-03
1.0087951348e+03 7.0387000827e-03
1.0124903551e+03 7.9318144919e-03
1.0161855753e+03 8.9239129779e-03
1.0198807956e+03 9.8784397135e-03
1.0235760159e+03 1.0646423287e-02
1.0272712362e+03 1.1126816211e-02
1.0309664564e+03 1.1297767380e-02
1.0346616767e+03 1.1200468729e-02
1.0383568970e+03 1.0904243935e-02
1.0420521173e+03 1.0485449732e-02
1.0457473375e+03 1.0012161338e-02
1.0494425578e+03 9.5329631328e-03
1.0531377781e+03 9.0784705253e-03
1.0568329984e+03 8.6548027675e-03
1.0605282186e+03 8.2264463826e-03
1.0642234389e+03 7.7285029755e-03
1.0679186592e+03 7.1083712531e-03
1.0716138795e+03 6.3488391143e-03
1.0753090997e+03 5.4534777130e-03
1.0790043200e+03 4.4304398024e-03
1.0826995403e+03 3.3029373082e-03
1.0863947606e+03 2.1224757755e-03
1.0900899808e+03 9.5682610591e-04
1.0937852011e+03 -1.3094808248e-04
1.0974804214e+03 -1.0861893369e-03
1.1011756416e+03 -1.8624223448e-03
1.1048708619e+03 -2.4390245474e-03
1.1085660822e+03 -2.8284117933e-03
1.1122613025e+03 -3.0495052759e-03
1.1159565227e+03 -3.1119163379e-03
1.1196517430e+03 -3.0388379390e-03
1.1233469633e+03 -2.8888554703e-03
1.1270421836e+03 -2.7449660322e-03
1.1307374038e+03 -2.6776140301e-03
1.1344326241e+03 -2.7067629032e-03
1.1381278444e+03 -2.7928472934e-03
1.1418230647e+03 -2.8598843465e-03
1.1455182849e+03 -2.8364848252e-03
1.1492135052e+03 -2.6919476205e-03
1.1529087255e+03 -2.4393563135e-03
1.1566039458e+03 -2.1145114817e-03
1.1602991660e+03 -1.7572828719e-03
1.1639943863e+03 -1.3967722670e-03
1.1676896066e+03 -1.0400652805e-03
1.1713848269e+03 -6.7576640706e-04
1.1750800471e+03 -2.9602057200e-04
1.1787752674e+03 7.9914774270e-05
1.1824704877e+03 4.0134878075e-04
1.1861657080e+03 6.0314115481e-04
1.1898609282e+03 6.3771559741e-04
1.1935561485e+03 5.0194896661e-04
1.1972513688e+03 2.3915327683e-04
1.2009465890e+03 -7.4999057796e-05
1.2046418093e+03 -3.5373595076e-04
1.2083370296e+03 -5.2840109663e-04
1.2120322499e+03 -5.7136896760e-04
1.2157274701e+03 -4.9421738224e-04
1.2194226904e+03 -3.2783536780e-04
1.2231179107e+03 -1.0777509535e-04
1.2268131310e+03 1.1970350607e-04
1.2305083512e+03 2.8061376763e-04
1.2342035715e+03 2.8336279315e-04
1.2378987918e+03 5.8952615961e-05
1.2415940121e+03 -4.2043698937e-04
1.2452892323e+03 -1.1509478731e-03
1.2489844526e+03 -2.0896322010e-03
1.2526796729e+03 -3.1365196127e-03
1.2563748932e+03 -4.1417100482e-03
1.2600701134e+03 -4.9486487355e-03
1.2637653337e+03 -5.4514973689e-03
1.2674605540e+03 -5.6074831254e-03
1.2711557743e+03 -5.4016830529e-03
1.2748509945e+03 -4.8428978935e-03
1.2785462148e+03 -4.0004408829e-03
1.2822414351e+03 -3.0056690074e-03
1.2859366553e+03 -2.0005870310e-03
1.2896318756e+03 -1.0914679683e-03
1.2933270959e+03 -3.4204009544e-04
1.2970223162e+03 2.1180719131e-04
1.3007175364e+03 5.4943511171e-04
1.3044127567e+03 6.6561593377e-04
1.3081079770e+03 5.9077704861e-04
1.3118031973e+03 4.1755253447e-04
1.3154984175e+03 2.9154418193e-04
1.3191936378e+03 3.5467293255e-04
1.3228888581e+03 6.8358525427e-04
1.3265840784e+03 1.2701873515e-03
1.3302792986e+03 2.0529003014e-03
1.3339745189e+03 2.9622327362e-03
1.3376697392e+03 3.9446985362e-03
1.3413649595e+03 4.9580685249e-03
1.3450601797e+03 5.9522335601e-03
1.3487554000e+03 6.8603302932e-03
1.3524506203e+03 7.6032913438e-03
1.3561458406e+03 8.0949687142e-03
1.3598410608e+03 8.2578406638e-03
1.3635362811e+03 8.0625757215e-03
1.3672315014e+03 7.5624023019e-03
1.3709267217e+03 6.8771097423e-03
1.3746219419e+03 6.1373875381e-03
1.3783171622e+03 5.4384065042e-03
1.3820123825e+03 4.8385641205e-03
1.3857076027e+03 4.3898253088e-03
1.3894028230e+03 4.1451194566e-03
1.3930980433e+03 4.1327194841e-03
1.3967932636e+03 4.3436608754e-03
1.4004884838e+03 4.7448351468e-03
1.4041837041e+03 5.2859457932e-03
1.4078789244e+03 5.8899399240e-03
1.4115741447e+03 6.4561114383e-03
1.4152693649e+03 6.8905501569e-03
1.4189645852e+03 7.1301853423e-03
1.4226598055e+03 7.1363916704e-03
1.4263550258e+03 6.8881172216e-03
1.4300502460e+03 6.3938204036e-03
1.4337454663e+03 5.7075184636e-03
1.4374406866e+03 4.9271601305e-03
1.4411359069e+03 4.1544396905e-03
1.4448311271e+03 3.4360261479e-03
1.4485263474e+03 2.7430531631e-03
1.4522215677e+03 2.0082749489e-03
1.4559167880e+03 1.1856308230e-03
1.4596120082e+03 2.8518109270e-04
1.4633072285e+03 -6.4037545216e-04
1.4670024488e+03 -1.5407466881e-03
1.4706976690e+03 -2.4073336646e-03
1.4743928893e+03 -3.2668526979e-03
1.4780881096e+03 -4.1286876862e-03
1.4817833299e+03 -4.9422197193e-03
1.4854785501e+03 -5.6069117172e-03
1.4891737704e+03 -6.0237949464e-03
1.4928689907e+03 -6.1457215180e-03
1.4965642110e+03 -5.9799066979e-03
1.5002594312e+03 -5.5522596119e-03
1.5039546515e+03 -4.8900587583e-03
1.5076498718e+03 -4.0286163073e-03
1.5113450921e+03 -3.0122975581e-03
1.5150403123e+03 -1.8955081533e-03
1.5187355326e+03 -7.5598996743e-04
1.5224307529e+03 2.9974239815e-04
1.5261259732e+03 1.1602055214e-03
1.5298211934e+03 1.7451692081e-03
1.5335164137e+03 2.0184788889e-03
1.5372116340e+03 1.9759554289e-03
1.5409068543e+03 1.6267670448e-03
1.5446020745e+03 9.7340307946e-04
1.5482972948e+03 8.5262438844e-06
1.5519925151e+03 -1.2591468893e-03
1.5556877354e+03 -2.7729515950e-03
1.5593829556e+03 -4.4213470456e-03
1.5630781759e+03 -6.0691884298e-03
1.5667733962e+03 -7.6019982152e-03
1.5704686164e+03 -8.9498830860e-03
1.5741638367e+03 -1.0106188078e-02
1.5778590570e+03 -1.1145668661e-02
1.5815542773e+03 -1.2202906047e-02
1.5852494975e+03 -1.3412512118e-02
1.5889447178e+03 -1.4842546310e-02
1.5926399381e+03 -1.6439299735e-02
1.5963351584e+03 -1.8032896547e-02
1.6000303786e+03 -1.9427305279e-02
1.6037255989e+03 -2.0497931581e-02
1.6074208192e+03 -2.1223554043e-02
1.6111160395e+03 -2.1661311631e-02
1.6148112597e+03 -2.1899255659e-02
1.6185064800e+03 -2.2016171757e-02
1.6222017003e+03 -2.2071689461e-02
1.6258969206e+03 -2.2121544108e-02
1.6295921408e+03 -2.2226930915e-02
1.6332873611e+03 -2.2438853268e-02
1.6369825814e+03 -2.2785266236e-02
1.6406778017e+03 -2.3284252197e-02
1.6443730219e+03 -2.3952283927e-02
1.6480682422e+03 -2.4787138981e-02
1.6517634625e+03 -2.5747806293e-02
1.6554586827e+03 -2.6751220891e-02
1.6591539030e+03 -2.7688386005e-02
1.6628491233e+03 -2.8457606779e-02
1.6665443436e+03 -2.9007763746e-02
1.6702395638e+03 -2.9356260923e-02
1.6739347841e+03 -2.9551310929e-02
1.6776300044e+03 -2.9613758387e-02
1.6813252247e+03 -2.9520922738e-02
1.6850204449e+03 -2.9239276395e-02
1.6887156652e+03 -2.8773223746e-02
1.6924108855e+03 -2.8198787248e-02
1.6961061058e+03 -2.7645575453e-02
1.6998013260e+03 -2.7236348829e-02
1.7034965463e+03 -2.7052743600e-02
1.7071917666e+03 -2.7139910105e-02
1.7108869869e+03 -2.7507707950e-02
1.7145822071e+03 -2.8135240169e-02
1.7182774274e+03 -2.8993813261e-02
1.7219726477e+03 -3.0061616038e-02
1.7256678680e+03 -3.1328129543e-02
1.7293630882e+03 -3.2795624101e-02
1.7330583085e+03 -3.4451265001e-02
1.7367535288e+03 -3.6225340519e-02
1.7404487491e+03 -3.7997998248e-02
1.7441439693e+03 -3.9667351875e-02
1.7478391896e+03 -4.1214140993e-02
1.7515344099e+03 -4.2696021656e-02
1.7552296301e+03 -4.4198983513e-02
1.7589248504e+03 -4.5824882668e-02
1.7626200707e+03 -4.7709046521e-02
1.7663152910e+03 -5.0006058478e-02
1.7700105112e+03 -5.2848344011e-02
1.7737057315e+03 -5.6320197931e-02
1.7774009518e+03 -6.0449984701e-02
1.7810961721e+03 -6.5205786448e-02
1.7847913923e+03 -7.0508014116e-02
1.7884866126e+03 -7.6257594261e-02
1.7921818329e+03 -8.2347944701e-02
1.7958770532e+03 -8.8646130856e-02
1.7995722734e+03 -9.4968531285e-02
1.8032674937e+03 -1.0107915522e-01
1.8069627140e+03 -1.0671626497e-01
1.8106579343e+03 -1.1162920747e-01
1.8143531545e+03 -1.1558209463e-01
1.8180483748e+03 -1.1830172264e-01
1.8217435951e+03 -1.1940866111e-01
1.8254388154e+03 -1.1837592390e-01
1.8291340356e+03 -1.1451170060e-01
1.8328292559e+03 -1.0695877512e-01
1.8365244762e+03 -9.4721629968e-02
1.8402196964e+03 -7.6698883097e-02
1.8439149167e+03 -5.1689943279e-02
1.8476101370e+03 -1.8405757949e-02
1.8513053573e+03 2.4482082655e-02
1.8550005775e+03 7.8260857846e-02
1.8586957978e+03 1.4408966638e-01
1.8623910181e+03 2.2289029129e-01
1.8660862384e+03 3.1509996370e-01
1.8697814586e+03 4.2025630364e-01
1.8734766789e+03 5.3648108901e-01
1.8771718992e+03 6.5967981794e-01
1.8808671195e+03 7.8231790224e-01
1.8845623397e+03 8.9198442303e-01
1.8882575600e+03 9.7083511053e-01
