# Two-point auto-correlation R_22 (Cartesian) — case DNS_re250_mr04_11 (MR04), y^+ = 15
# Definition: R_{ij}(Δz; y) = < u_i''(x,y,z) u_j''(x,y,z+Δz) > / < u_i''(x,y,z)^2 >
# Columns: delta_z_plus    R
0.0000000000e+00 1.0000000000e+00
3.6272469754e+00 9.1120627444e-01
7.2544939508e+00 6.8902551910e-01
1.0881740926e+01 4.2308039394e-01
1.4508987902e+01 1.8332439704e-01
1.8136234877e+01 8.3132810788e-04
2.1763481852e+01 -1.2061782195e-01
2.5390728828e+01 -1.9028881468e-01
2.9017975803e+01 -2.2116510175e-01
3.2645222779e+01 -2.2559956858e-01
3.6272469754e+01 -2.1374979376e-01
3.9899716729e+01 -1.9306261895e-01
4.3526963705e+01 -1.6840099889e-01
4.7154210680e+01 -1.4269725402e-01
5.0781457656e+01 -1.1762878874e-01
5.4408704631e+01 -9.4117754722e-02
5.8035951606e+01 -7.2746895336e-02
6.1663198582e+01 -5.4039960841e-02
6.5290445557e+01 -3.8464373809e-02
6.8917692533e+01 -2.6208419029e-02
7.2544939508e+01 -1.7044523334e-02
7.6172186483e+01 -1.0482741954e-02
7.9799433459e+01 -5.8497391678e-03
8.3426680434e+01 -2.2941809402e-03
8.7053927409e+01 8.8612165724e-04
9.0681174385e+01 3.7884640204e-03
9.4308421360e+01 5.9717656972e-03
9.7935668336e+01 7.0016046231e-03
1.0156291531e+02 6.8228369641e-03
1.0519016229e+02 5.7355773684e-03
1.0881740926e+02 4.2313027126e-03
1.1244465624e+02 2.8262167853e-03
1.1607190321e+02 1.8335589868e-03
1.1969915019e+02 1.2490712764e-03
1.2332639716e+02 9.2769745184e-04
1.2695364414e+02 8.1520418601e-04
1.3058089111e+02 9.1632004787e-04
1.3420813809e+02 1.1018890997e-03
1.3783538507e+02 1.0818314111e-03
1.4146263204e+02 6.4803716590e-04
1.4508987902e+02 -1.1483054771e-04
1.4871712599e+02 -9.2774366049e-04
1.5234437297e+02 -1.5220053894e-03
1.5597161994e+02 -1.6833163695e-03
1.5959886692e+02 -1.2559211056e-03
1.6322611389e+02 -2.0732084334e-04
1.6685336087e+02 1.3432103332e-03
1.7048060784e+02 3.1450113033e-03
1.7410785482e+02 4.8577642490e-03
1.7773510179e+02 6.1644948148e-03
1.8136234877e+02 6.8816945586e-03
1.8498959575e+02 6.9216030998e-03
1.8861684272e+02 6.1994834045e-03
1.9224408970e+02 4.6752598224e-03
1.9587133667e+02 2.4717242456e-03
1.9949858365e+02 -6.5103987783e-05
2.0312583062e+02 -2.4426646608e-03
2.0675307760e+02 -4.2153296197e-03
2.1038032457e+02 -5.1582536389e-03
2.1400757155e+02 -5.2961892906e-03
2.1763481852e+02 -4.7986865749e-03
2.2126206550e+02 -3.8624577054e-03
2.2488931247e+02 -2.6195800658e-03
2.2851655945e+02 -1.1311457052e-03
2.3214380643e+02 4.5897383728e-04
2.3577105340e+02 1.8049647786e-03
2.3939830038e+02 2.5410375347e-03
2.4302554735e+02 2.5388452045e-03
2.4665279433e+02 1.9331287765e-03
2.5028004130e+02 1.0750343946e-03
2.5390728828e+02 4.6931702059e-04
2.5753453525e+02 4.8800708918e-04
2.6116178223e+02 1.0723937207e-03
2.6478902920e+02 1.8419787209e-03
2.6841627618e+02 2.4361783233e-03
2.7204352315e+02 2.6998049148e-03
2.7567077013e+02 2.6690101761e-03
2.7929801711e+02 2.4292970224e-03
2.8292526408e+02 1.9831889874e-03
2.8655251106e+02 1.3416002194e-03
2.9017975803e+02 6.9172914570e-04
2.9380700501e+02 2.9116929481e-04
2.9743425198e+02 1.7827305202e-04
3.0106149896e+02 1.0574392492e-04
3.0468874593e+02 -2.2024227249e-04
3.0831599291e+02 -9.5132848856e-04
3.1194323988e+02 -2.1087921009e-03
3.1557048686e+02 -3.5828137326e-03
3.1919773383e+02 -5.0826349814e-03
3.2282498081e+02 -6.2125707922e-03
3.2645222779e+02 -6.6271139107e-03
3.3007947476e+02 -6.1235649822e-03
3.3370672174e+02 -4.7082282589e-03
3.3733396871e+02 -2.6309965846e-03
3.4096121569e+02 -2.8211811352e-04
3.4458846266e+02 2.0076488034e-03
3.4821570964e+02 4.0509045617e-03
3.5184295661e+02 5.6792286346e-03
3.5547020359e+02 6.6539654356e-03
3.5909745056e+02 6.7915768354e-03
3.6272469754e+02 6.1198328456e-03
3.6635194451e+02 4.9284763748e-03
3.6997919149e+02 3.6645780587e-03
3.7360643847e+02 2.6427618111e-03
3.7723368544e+02 1.8752398776e-03
3.8086093242e+02 1.2117403328e-03
3.8448817939e+02 5.1565896613e-04
3.8811542637e+02 -2.7192157772e-04
3.9174267334e+02 -1.0846721372e-03
3.9536992032e+02 -1.7459049032e-03
3.9899716729e+02 -2.0155057715e-03
4.0262441427e+02 -1.6271621437e-03
4.0625166124e+02 -4.8272361437e-04
4.0987890822e+02 1.1407960911e-03
4.1350615520e+02 2.7288850510e-03
4.1713340217e+02 3.8755452181e-03
4.2076064915e+02 4.4523298283e-03
4.2438789612e+02 4.5478018455e-03
4.2801514310e+02 4.2981763700e-03
4.3164239007e+02 3.7400809025e-03
4.3526963705e+02 2.8805873781e-03
4.3889688402e+02 1.8452591291e-03
4.4252413100e+02 8.2323545071e-04
4.4615137797e+02 -5.7712935947e-05
4.4977862495e+02 -7.2069415817e-04
4.5340587192e+02 -1.1259857237e-03
4.5703311890e+02 -1.3133631991e-03
4.6066036588e+02 -1.3765348984e-03
4.6428761285e+02 -1.4065774744e-03
4.6791485983e+02 -1.4502001746e-03
4.7154210680e+02 -1.4654768951e-03
4.7516935378e+02 -1.3532308475e-03
4.7879660075e+02 -1.1003387604e-03
4.8242384773e+02 -8.2664862657e-04
4.8605109470e+02 -5.6956617014e-04
4.8967834168e+02 -1.5123637277e-04
4.9330558865e+02 5.3632565033e-04
4.9693283563e+02 1.2563736118e-03
5.0056008260e+02 1.6416816334e-03
5.0418732958e+02 1.6102174162e-03
5.0781457656e+02 1.4056973954e-03
5.1144182353e+02 1.2336044801e-03
5.1506907051e+02 9.9593200987e-04
5.1869631748e+02 4.6325057651e-04
5.2232356446e+02 -3.9151931367e-04
5.2595081143e+02 -1.2945499392e-03
5.2957805841e+02 -1.8288102034e-03
5.3320530538e+02 -1.6752239502e-03
5.3683255236e+02 -8.3369861276e-04
5.4045979933e+02 2.9037827772e-04
5.4408704631e+02 1.0664597292e-03
5.4771429328e+02 1.0144982412e-03
5.5134154026e+02 9.1330156807e-05
5.5496878724e+02 -1.2767508173e-03
5.5859603421e+02 -2.4331943836e-03
5.6222328119e+02 -2.8708809085e-03
5.6585052816e+02 -2.4456831620e-03
5.6947777514e+02 -1.3638962925e-03
5.7310502211e+02 -1.2000710528e-04
5.7673226909e+02 6.7226248376e-04
5.8035951606e+02 6.2446388354e-04
5.8398676304e+02 -1.7150773905e-04
5.8761401001e+02 -1.2411522274e-03
5.9124125699e+02 -2.0548003262e-03
5.9486850396e+02 -2.2599966097e-03
5.9849575094e+02 -1.7716002567e-03
6.0212299792e+02 -8.3089311849e-04
6.0575024489e+02 8.8965644538e-05
6.0937749187e+02 6.2909220426e-04
6.1300473884e+02 8.1113234433e-04
6.1663198582e+02 9.2511137061e-04
6.2025923279e+02 1.1916111656e-03
6.2388647977e+02 1.5601680528e-03
6.2751372674e+02 1.8259816976e-03
6.3114097372e+02 1.8341204871e-03
6.3476822069e+02 1.5063711141e-03
6.3839546767e+02 8.4292836841e-04
6.4202271465e+02 -5.5977873585e-06
6.4564996162e+02 -8.4150168785e-04
6.4927720860e+02 -1.6126740896e-03
6.5290445557e+02 -2.3533741068e-03
6.5653170255e+02 -3.0237471788e-03
6.6015894952e+02 -3.5334372592e-03
6.6378619650e+02 -3.8726144505e-03
6.6741344347e+02 -4.1097581653e-03
6.7104069045e+02 -4.2511589562e-03
6.7466793742e+02 -4.1700488260e-03
6.7829518440e+02 -3.7047980780e-03
6.8192243137e+02 -2.7989836374e-03
6.8554967835e+02 -1.5230306982e-03
6.8917692533e+02 -2.5803306698e-05
6.9280417230e+02 1.4663342968e-03
6.9643141928e+02 2.6397324171e-03
7.0005866625e+02 3.1896031301e-03
7.0368591323e+02 3.0338719091e-03
7.0731316020e+02 2.4377482753e-03
7.1094040718e+02 1.8894125401e-03
7.1456765415e+02 1.7619322819e-03
7.1819490113e+02 2.0132088039e-03
7.2182214810e+02 2.2885071896e-03
7.2544939508e+02 2.3056004047e-03
7.2907664205e+02 2.0162537581e-03
7.3270388903e+02 1.5332909307e-03
7.3633113601e+02 1.0515730383e-03
7.3995838298e+02 7.4234679587e-04
7.4358562996e+02 6.5061443550e-04
7.4721287693e+02 7.0537850846e-04
7.5084012391e+02 8.0623329156e-04
7.5446737088e+02 8.9596782606e-04
7.5809461786e+02 9.3411998471e-04
7.6172186483e+02 7.9823230832e-04
7.6534911181e+02 3.1589910342e-04
7.6897635878e+02 -5.3567146693e-04
7.7260360576e+02 -1.5210802704e-03
7.7623085273e+02 -2.2768316185e-03
7.7985809971e+02 -2.5398193780e-03
7.8348534669e+02 -2.2309981144e-03
7.8711259366e+02 -1.4144889917e-03
7.9073984064e+02 -3.1578233673e-04
7.9436708761e+02 6.5765399987e-04
7.9799433459e+02 1.1071533745e-03
8.0162158156e+02 9.4198324866e-04
8.0524882854e+02 3.8224625581e-04
8.0887607551e+02 -3.4575906493e-04
8.1250332249e+02 -1.0908359968e-03
8.1613056946e+02 -1.5847192880e-03
8.1975781644e+02 -1.4922183983e-03
8.2338506341e+02 -7.0518617993e-04
8.2701231039e+02 5.7435727809e-04
8.3063955737e+02 1.9972232473e-03
8.3426680434e+02 3.1888862052e-03
8.3789405132e+02 3.8059325074e-03
8.4152129829e+02 3.6875562106e-03
8.4514854527e+02 2.9557557482e-03
8.4877579224e+02 1.8543092345e-03
8.5240303922e+02 5.4995736934e-04
8.5603028619e+02 -8.1145397675e-04
8.5965753317e+02 -1.9748313595e-03
8.6328478014e+02 -2.7206737438e-03
8.6691202712e+02 -3.1249671831e-03
8.7053927409e+02 -3.4657540934e-03
8.7416652107e+02 -3.8657917472e-03
8.7779376805e+02 -4.2077579280e-03
8.8142101502e+02 -4.3747676029e-03
8.8504826200e+02 -4.3831646176e-03
8.8867550897e+02 -4.2481571430e-03
8.9230275595e+02 -3.8271226416e-03
8.9593000292e+02 -2.9123906436e-03
8.9955724990e+02 -1.5252556204e-03
9.0318449687e+02 1.4351535268e-06
9.0681174385e+02 1.3275447899e-03
9.1043899082e+02 2.3281351426e-03
9.1406623780e+02 2.9873288480e-03
9.1769348478e+02 3.3228769935e-03
9.2132073175e+02 3.4409831291e-03
9.2494797873e+02 3.4860768465e-03
9.2857522570e+02 3.5058281062e-03
9.3220247268e+02 3.4860768465e-03
9.3582971965e+02 3.4409831291e-03
9.3945696663e+02 3.3228769935e-03
9.4308421360e+02 2.9873288480e-03
9.4671146058e+02 2.3281351426e-03
9.5033870755e+02 1.3275447899e-03
9.5396595453e+02 1.4351535268e-06
9.5759320150e+02 -1.5252556204e-03
9.6122044848e+02 -2.9123906436e-03
9.6484769546e+02 -3.8271226416e-03
9.6847494243e+02 -4.2481571430e-03
9.7210218941e+02 -4.3831646176e-03
9.7572943638e+02 -4.3747676029e-03
9.7935668336e+02 -4.2077579280e-03
9.8298393033e+02 -3.8657917472e-03
9.8661117731e+02 -3.4657540934e-03
9.9023842428e+02 -3.1249671831e-03
9.9386567126e+02 -2.7206737438e-03
9.9749291823e+02 -1.9748313595e-03
1.0011201652e+03 -8.1145397675e-04
1.0047474122e+03 5.4995736934e-04
1.0083746592e+03 1.8543092345e-03
1.0120019061e+03 2.9557557482e-03
1.0156291531e+03 3.6875562106e-03
1.0192564001e+03 3.8059325074e-03
1.0228836471e+03 3.1888862052e-03
1.0265108940e+03 1.9972232473e-03
1.0301381410e+03 5.7435727809e-04
1.0337653880e+03 -7.0518617993e-04
1.0373926350e+03 -1.4922183983e-03
1.0410198819e+03 -1.5847192880e-03
1.0446471289e+03 -1.0908359968e-03
1.0482743759e+03 -3.4575906493e-04
1.0519016229e+03 3.8224625581e-04
1.0555288698e+03 9.4198324866e-04
1.0591561168e+03 1.1071533745e-03
1.0627833638e+03 6.5765399987e-04
1.0664106108e+03 -3.1578233673e-04
1.0700378577e+03 -1.4144889917e-03
1.0736651047e+03 -2.2309981144e-03
1.0772923517e+03 -2.5398193780e-03
1.0809195987e+03 -2.2768316185e-03
1.0845468456e+03 -1.5210802704e-03
1.0881740926e+03 -5.3567146693e-04
1.0918013396e+03 3.1589910342e-04
1.0954285866e+03 7.9823230832e-04
1.0990558335e+03 9.3411998471e-04
1.1026830805e+03 8.9596782606e-04
1.1063103275e+03 8.0623329156e-04
1.1099375745e+03 7.0537850846e-04
1.1135648214e+03 6.5061443550e-04
1.1171920684e+03 7.4234679587e-04
1.1208193154e+03 1.0515730383e-03
1.1244465624e+03 1.5332909307e-03
1.1280738093e+03 2.0162537581e-03
1.1317010563e+03 2.3056004047e-03
1.1353283033e+03 2.2885071896e-03
1.1389555503e+03 2.0132088039e-03
1.1425827972e+03 1.7619322819e-03
1.1462100442e+03 1.8894125401e-03
1.1498372912e+03 2.4377482753e-03
1.1534645382e+03 3.0338719091e-03
1.1570917852e+03 3.1896031301e-03
1.1607190321e+03 2.6397324171e-03
1.1643462791e+03 1.4663342968e-03
1.1679735261e+03 -2.5803306698e-05
1.1716007731e+03 -1.5230306982e-03
1.1752280200e+03 -2.7989836374e-03
1.1788552670e+03 -3.7047980780e-03
1.1824825140e+03 -4.1700488260e-03
1.1861097610e+03 -4.2511589562e-03
1.1897370079e+03 -4.1097581653e-03
1.1933642549e+03 -3.8726144505e-03
1.1969915019e+03 -3.5334372592e-03
1.2006187489e+03 -3.0237471788e-03
1.2042459958e+03 -2.3533741068e-03
1.2078732428e+03 -1.6126740896e-03
1.2115004898e+03 -8.4150168785e-04
1.2151277368e+03 -5.5977873585e-06
1.2187549837e+03 8.4292836841e-04
1.2223822307e+03 1.5063711141e-03
1.2260094777e+03 1.8341204871e-03
1.2296367247e+03 1.8259816976e-03
1.2332639716e+03 1.5601680528e-03
1.2368912186e+03 1.1916111656e-03
1.2405184656e+03 9.2511137061e-04
1.2441457126e+03 8.1113234433e-04
1.2477729595e+03 6.2909220426e-04
1.2514002065e+03 8.8965644538e-05
1.2550274535e+03 -8.3089311849e-04
1.2586547005e+03 -1.7716002567e-03
1.2622819474e+03 -2.2599966097e-03
1.2659091944e+03 -2.0548003262e-03
1.2695364414e+03 -1.2411522274e-03
1.2731636884e+03 -1.7150773905e-04
1.2767909353e+03 6.2446388354e-04
1.2804181823e+03 6.7226248376e-04
1.2840454293e+03 -1.2000710528e-04
1.2876726763e+03 -1.3638962925e-03
1.2912999232e+03 -2.4456831620e-03
1.2949271702e+03 -2.8708809085e-03
1.2985544172e+03 -2.4331943836e-03
1.3021816642e+03 -1.2767508173e-03
1.3058089111e+03 9.1330156807e-05
1.3094361581e+03 1.0144982412e-03
1.3130634051e+03 1.0664597292e-03
1.3166906521e+03 2.9037827772e-04
1.3203178990e+03 -8.3369861276e-04
1.3239451460e+03 -1.6752239502e-03
1.3275723930e+03 -1.8288102034e-03
1.3311996400e+03 -1.2945499392e-03
1.3348268869e+03 -3.9151931367e-04
1.3384541339e+03 4.6325057651e-04
1.3420813809e+03 9.9593200987e-04
1.3457086279e+03 1.2336044801e-03
1.3493358748e+03 1.4056973954e-03
1.3529631218e+03 1.6102174162e-03
1.3565903688e+03 1.6416816334e-03
1.3602176158e+03 1.2563736118e-03
1.3638448627e+03 5.3632565033e-04
1.3674721097e+03 -1.5123637277e-04
1.3710993567e+03 -5.6956617014e-04
1.3747266037e+03 -8.2664862657e-04
1.3783538507e+03 -1.1003387604e-03
1.3819810976e+03 -1.3532308475e-03
1.3856083446e+03 -1.4654768951e-03
1.3892355916e+03 -1.4502001746e-03
1.3928628386e+03 -1.4065774744e-03
1.3964900855e+03 -1.3765348984e-03
1.4001173325e+03 -1.3133631991e-03
1.4037445795e+03 -1.1259857237e-03
1.4073718265e+03 -7.2069415817e-04
1.4109990734e+03 -5.7712935947e-05
1.4146263204e+03 8.2323545071e-04
1.4182535674e+03 1.8452591291e-03
1.4218808144e+03 2.8805873781e-03
1.4255080613e+03 3.7400809025e-03
1.4291353083e+03 4.2981763700e-03
1.4327625553e+03 4.5478018455e-03
1.4363898023e+03 4.4523298283e-03
1.4400170492e+03 3.8755452181e-03
1.4436442962e+03 2.7288850510e-03
1.4472715432e+03 1.1407960911e-03
1.4508987902e+03 -4.8272361437e-04
1.4545260371e+03 -1.6271621437e-03
1.4581532841e+03 -2.0155057715e-03
1.4617805311e+03 -1.7459049032e-03
1.4654077781e+03 -1.0846721372e-03
1.4690350250e+03 -2.7192157772e-04
1.4726622720e+03 5.1565896613e-04
1.4762895190e+03 1.2117403328e-03
1.4799167660e+03 1.8752398776e-03
1.4835440129e+03 2.6427618111e-03
1.4871712599e+03 3.6645780587e-03
1.4907985069e+03 4.9284763748e-03
1.4944257539e+03 6.1198328456e-03
1.4980530008e+03 6.7915768354e-03
1.5016802478e+03 6.6539654356e-03
1.5053074948e+03 5.6792286346e-03
1.5089347418e+03 4.0509045617e-03
1.5125619887e+03 2.0076488034e-03
1.5161892357e+03 -2.8211811352e-04
1.5198164827e+03 -2.6309965846e-03
1.5234437297e+03 -4.7082282589e-03
1.5270709766e+03 -6.1235649822e-03
1.5306982236e+03 -6.6271139107e-03
1.5343254706e+03 -6.2125707922e-03
1.5379527176e+03 -5.0826349814e-03
1.5415799645e+03 -3.5828137326e-03
1.5452072115e+03 -2.1087921009e-03
1.5488344585e+03 -9.5132848856e-04
1.5524617055e+03 -2.2024227249e-04
1.5560889524e+03 1.0574392492e-04
1.5597161994e+03 1.7827305202e-04
1.5633434464e+03 2.9116929481e-04
1.5669706934e+03 6.9172914570e-04
1.5705979403e+03 1.3416002194e-03
1.5742251873e+03 1.9831889874e-03
1.5778524343e+03 2.4292970224e-03
1.5814796813e+03 2.6690101761e-03
1.5851069282e+03 2.6998049148e-03
1.5887341752e+03 2.4361783233e-03
1.5923614222e+03 1.8419787209e-03
1.5959886692e+03 1.0723937207e-03
1.5996159161e+03 4.8800708918e-04
1.6032431631e+03 4.6931702059e-04
1.6068704101e+03 1.0750343946e-03
1.6104976571e+03 1.9331287765e-03
1.6141249041e+03 2.5388452045e-03
1.6177521510e+03 2.5410375347e-03
1.6213793980e+03 1.8049647786e-03
1.6250066450e+03 4.5897383728e-04
1.6286338920e+03 -1.1311457052e-03
1.6322611389e+03 -2.6195800658e-03
1.6358883859e+03 -3.8624577054e-03
1.6395156329e+03 -4.7986865749e-03
1.6431428799e+03 -5.2961892906e-03
1.6467701268e+03 -5.1582536389e-03
1.6503973738e+03 -4.2153296197e-03
1.6540246208e+03 -2.4426646608e-03
1.6576518678e+03 -6.5103987783e-05
1.6612791147e+03 2.4717242456e-03
1.6649063617e+03 4.6752598224e-03
1.6685336087e+03 6.1994834045e-03
1.6721608557e+03 6.9216030998e-03
1.6757881026e+03 6.8816945586e-03
1.6794153496e+03 6.1644948148e-03
1.6830425966e+03 4.8577642490e-03
1.6866698436e+03 3.1450113033e-03
1.6902970905e+03 1.3432103332e-03
1.6939243375e+03 -2.0732084334e-04
1.6975515845e+03 -1.2559211056e-03
1.7011788315e+03 -1.6833163695e-03
1.7048060784e+03 -1.5220053894e-03
1.7084333254e+03 -9.2774366049e-04
1.7120605724e+03 -1.1483054771e-04
1.7156878194e+03 6.4803716590e-04
1.7193150663e+03 1.0818314111e-03
1.7229423133e+03 1.1018890997e-03
1.7265695603e+03 9.1632004787e-04
1.7301968073e+03 8.1520418601e-04
1.7338240542e+03 9.2769745184e-04
1.7374513012e+03 1.2490712764e-03
1.7410785482e+03 1.8335589868e-03
1.7447057952e+03 2.8262167853e-03
1.7483330421e+03 4.2313027126e-03
1.7519602891e+03 5.7355773684e-03
1.7555875361e+03 6.8228369641e-03
1.7592147831e+03 7.0016046231e-03
1.7628420300e+03 5.9717656972e-03
1.7664692770e+03 3.7884640204e-03
1.7700965240e+03 8.8612165724e-04
1.7737237710e+03 -2.2941809402e-03
1.7773510179e+03 -5.8497391678e-03
1.7809782649e+03 -1.0482741954e-02
1.7846055119e+03 -1.7044523334e-02
1.7882327589e+03 -2.6208419029e-02
1.7918600058e+03 -3.8464373809e-02
1.7954872528e+03 -5.4039960841e-02
1.7991144998e+03 -7.2746895336e-02
1.8027417468e+03 -9.4117754722e-02
1.8063689937e+03 -1.1762878874e-01
1.8099962407e+03 -1.4269725402e-01
1.8136234877e+03 -1.6840099889e-01
1.8172507347e+03 -1.9306261895e-01
1.8208779816e+03 -2.1374979376e-01
1.8245052286e+03 -2.2559956858e-01
1.8281324756e+03 -2.2116510175e-01
1.8317597226e+03 -1.9028881468e-01
1.8353869696e+03 -1.2061782195e-01
1.8390142165e+03 8.3132810788e-04
1.8426414635e+03 1.8332439704e-01
1.8462687105e+03 4.2308039394e-01
1.8498959575e+03 6.8902551910e-01
1.8535232044e+03 9.1120627444e-01
