# Two-point auto-correlation R_33 (Cartesian) — case DNS_re250_mr04_11 (MR04), y^+ = 15
# Definition: R_{ij}(Δz; y) = < u_i''(x,y,z) u_j''(x,y,z+Δz) > / < u_i''(x,y,z)^2 >
# Columns: delta_z_plus    R
0.0000000000e+00 1.0000000000e+00
3.6272469754e+00 9.7768633611e-01
7.2544939508e+00 9.1659917371e-01
1.0881740926e+01 8.2964928327e-01
1.4508987902e+01 7.2972910746e-01
1.8136234877e+01 6.2657518317e-01
2.1763481852e+01 5.2658935262e-01
2.5390728828e+01 4.3360830846e-01
2.9017975803e+01 3.4969095072e-01
3.2645222779e+01 2.7572691995e-01
3.6272469754e+01 2.1183970608e-01
3.9899716729e+01 1.5766026340e-01
4.3526963705e+01 1.1250293372e-01
4.7154210680e+01 7.5487691944e-02
5.0781457656e+01 4.5621106193e-02
5.4408704631e+01 2.1884602754e-02
5.8035951606e+01 3.3170679390e-03
6.1663198582e+01 -1.0936619383e-02
6.5290445557e+01 -2.1631609107e-02
6.8917692533e+01 -2.9453592679e-02
7.2544939508e+01 -3.5033023355e-02
7.6172186483e+01 -3.8925265220e-02
7.9799433459e+01 -4.1580253944e-02
8.3426680434e+01 -4.3336804457e-02
8.7053927409e+01 -4.4444559584e-02
9.0681174385e+01 -4.5075010692e-02
9.4308421360e+01 -4.5324675887e-02
9.7935668336e+01 -4.5240346329e-02
1.0156291531e+02 -4.4858729151e-02
1.0519016229e+02 -4.4240423916e-02
1.0881740926e+02 -4.3478965738e-02
1.1244465624e+02 -4.2686813481e-02
1.1607190321e+02 -4.1977856880e-02
1.1969915019e+02 -4.1451107287e-02
1.2332639716e+02 -4.1160526682e-02
1.2695364414e+02 -4.1107542821e-02
1.3058089111e+02 -4.1263473418e-02
1.3420813809e+02 -4.1571224448e-02
1.3783538507e+02 -4.1939695237e-02
1.4146263204e+02 -4.2270435699e-02
1.4508987902e+02 -4.2492761357e-02
1.4871712599e+02 -4.2579815133e-02
1.5234437297e+02 -4.2547583105e-02
1.5597161994e+02 -4.2427341763e-02
1.5959886692e+02 -4.2228835624e-02
1.6322611389e+02 -4.1940940554e-02
1.6685336087e+02 -4.1564223570e-02
1.7048060784e+02 -4.1131341056e-02
1.7410785482e+02 -4.0697089127e-02
1.7773510179e+02 -4.0319699214e-02
1.8136234877e+02 -4.0042529813e-02
1.8498959575e+02 -3.9880793372e-02
1.8861684272e+02 -3.9821295923e-02
1.9224408970e+02 -3.9817330278e-02
1.9587133667e+02 -3.9781903993e-02
1.9949858365e+02 -3.9611664921e-02
2.0312583062e+02 -3.9230153742e-02
2.0675307760e+02 -3.8604522685e-02
2.1038032457e+02 -3.7734398851e-02
2.1400757155e+02 -3.6649028170e-02
2.1763481852e+02 -3.5407617698e-02
2.2126206550e+02 -3.4079673978e-02
2.2488931247e+02 -3.2717341905e-02
2.2851655945e+02 -3.1352906089e-02
2.3214380643e+02 -3.0019551851e-02
2.3577105340e+02 -2.8751845059e-02
2.3939830038e+02 -2.7561614643e-02
2.4302554735e+02 -2.6422531952e-02
2.4665279433e+02 -2.5284254944e-02
2.5028004130e+02 -2.4100617068e-02
2.5390728828e+02 -2.2853769357e-02
2.5753453525e+02 -2.1560390461e-02
2.6116178223e+02 -2.0255231742e-02
2.6478902920e+02 -1.8977128138e-02
2.6841627618e+02 -1.7777875193e-02
2.7204352315e+02 -1.6724568950e-02
2.7567077013e+02 -1.5877959512e-02
2.7929801711e+02 -1.5267026581e-02
2.8292526408e+02 -1.4870187483e-02
2.8655251106e+02 -1.4622099302e-02
2.9017975803e+02 -1.4449841642e-02
2.9380700501e+02 -1.4300315782e-02
2.9743425198e+02 -1.4139426529e-02
3.0106149896e+02 -1.3945895932e-02
3.0468874593e+02 -1.3707337255e-02
3.0831599291e+02 -1.3407737305e-02
3.1194323988e+02 -1.3018943465e-02
3.1557048686e+02 -1.2509620817e-02
3.1919773383e+02 -1.1866531684e-02
3.2282498081e+02 -1.1109901474e-02
3.2645222779e+02 -1.0283266380e-02
3.3007947476e+02 -9.4285004528e-03
3.3370672174e+02 -8.5694536058e-03
3.3733396871e+02 -7.7180619055e-03
3.4096121569e+02 -6.8968396634e-03
3.4458846266e+02 -6.1458173233e-03
3.4821570964e+02 -5.5101491730e-03
3.5184295661e+02 -5.0288040278e-03
3.5547020359e+02 -4.7272319501e-03
3.5909745056e+02 -4.6139667883e-03
3.6272469754e+02 -4.6798669187e-03
3.6635194451e+02 -4.8887147314e-03
3.6997919149e+02 -5.1689420378e-03
3.7360643847e+02 -5.4219095827e-03
3.7723368544e+02 -5.5336872193e-03
3.8086093242e+02 -5.3949489107e-03
3.8448817939e+02 -4.9283507611e-03
3.8811542637e+02 -4.1124710174e-03
3.9174267334e+02 -2.9887181758e-03
3.9536992032e+02 -1.6380715004e-03
3.9899716729e+02 -1.5174167644e-04
4.0262441427e+02 1.3782291106e-03
4.0625166124e+02 2.8621132669e-03
4.0987890822e+02 4.2252961253e-03
4.1350615520e+02 5.4180446173e-03
4.1713340217e+02 6.4055276540e-03
4.2076064915e+02 7.1593556885e-03
4.2438789612e+02 7.6716594417e-03
4.2801514310e+02 7.9710691050e-03
4.3164239007e+02 8.1127099160e-03
4.3526963705e+02 8.1491358562e-03
4.3889688402e+02 8.1058545713e-03
4.4252413100e+02 7.9742560329e-03
4.4615137797e+02 7.7178201551e-03
4.4977862495e+02 7.2853628764e-03
4.5340587192e+02 6.6286074375e-03
4.5703311890e+02 5.7269708678e-03
4.6066036588e+02 4.6115318772e-03
4.6428761285e+02 3.3672689086e-03
4.6791485983e+02 2.1045548207e-03
4.7154210680e+02 9.2426496951e-04
4.7516935378e+02 -1.0071487207e-04
4.7879660075e+02 -9.3063825628e-04
4.8242384773e+02 -1.5609371857e-03
4.8605109470e+02 -2.0240992993e-03
4.8967834168e+02 -2.3851744945e-03
4.9330558865e+02 -2.7292081006e-03
4.9693283563e+02 -3.1343344358e-03
5.0056008260e+02 -3.6471497724e-03
5.0418732958e+02 -4.2745293617e-03
5.0781457656e+02 -4.9853025477e-03
5.1144182353e+02 -5.7185062673e-03
5.1506907051e+02 -6.4045563476e-03
5.1869631748e+02 -6.9843444938e-03
5.2232356446e+02 -7.4017488182e-03
5.2595081143e+02 -7.5934499792e-03
5.2957805841e+02 -7.5041160538e-03
5.3320530538e+02 -7.1274494879e-03
5.3683255236e+02 -6.5372585763e-03
5.4045979933e+02 -5.8644453897e-03
5.4408704631e+02 -5.2322791807e-03
5.4771429328e+02 -4.7046105599e-03
5.5134154026e+02 -4.2852271570e-03
5.5496878724e+02 -3.9571044547e-03
5.5859603421e+02 -3.7160724529e-03
5.6222328119e+02 -3.5818647816e-03
5.6585052816e+02 -3.5861132000e-03
5.6947777514e+02 -3.7417278422e-03
5.7310502211e+02 -4.0229465150e-03
5.7673226909e+02 -4.3812341682e-03
5.8035951606e+02 -4.7735839250e-03
5.8398676304e+02 -5.1643107937e-03
5.8761401001e+02 -5.5206557152e-03
5.9124125699e+02 -5.8244102284e-03
5.9486850396e+02 -6.0759677931e-03
5.9849575094e+02 -6.2819490810e-03
6.0212299792e+02 -6.4558502264e-03
6.0575024489e+02 -6.6280857913e-03
6.0937749187e+02 -6.8459236595e-03
6.1300473884e+02 -7.1643250977e-03
6.1663198582e+02 -7.6332453282e-03
6.2025923279e+02 -8.2908970843e-03
6.2388647977e+02 -9.1512688243e-03
6.2751372674e+02 -1.0179114280e-02
6.3114097372e+02 -1.1276854608e-02
6.3476822069e+02 -1.2302571735e-02
6.3839546767e+02 -1.3113484690e-02
6.4202271465e+02 -1.3606600438e-02
6.4564996162e+02 -1.3738854471e-02
6.4927720860e+02 -1.3528242550e-02
6.5290445557e+02 -1.3036345193e-02
6.5653170255e+02 -1.2338505203e-02
6.6015894952e+02 -1.1497178634e-02
6.6378619650e+02 -1.0545390941e-02
6.6741344347e+02 -9.4943170565e-03
6.7104069045e+02 -8.3658205382e-03
6.7466793742e+02 -7.2072162461e-03
6.7829518440e+02 -6.0782164814e-03
6.8192243137e+02 -5.0502820695e-03
6.8554967835e+02 -4.2134969629e-03
6.8917692533e+02 -3.6553787359e-03
6.9280417230e+02 -3.4276123595e-03
6.9643141928e+02 -3.5388701801e-03
7.0005866625e+02 -3.9724609679e-03
7.0368591323e+02 -4.6900799724e-03
7.0731316020e+02 -5.6185525635e-03
7.1094040718e+02 -6.6577373800e-03
7.1456765415e+02 -7.7187741318e-03
7.1819490113e+02 -8.7426524577e-03
7.2182214810e+02 -9.6786544290e-03
7.2544939508e+02 -1.0461880515e-02
7.2907664205e+02 -1.1019597042e-02
7.3270388903e+02 -1.1286968488e-02
7.3633113601e+02 -1.1211470508e-02
7.3995838298e+02 -1.0761797188e-02
7.4358562996e+02 -9.9410946717e-03
7.4721287693e+02 -8.7979152070e-03
7.5084012391e+02 -7.4333698770e-03
7.5446737088e+02 -5.9870432930e-03
7.5809461786e+02 -4.6056811084e-03
7.6172186483e+02 -3.4142733030e-03
7.6534911181e+02 -2.4960353242e-03
7.6897635878e+02 -1.8771282557e-03
7.7260360576e+02 -1.5291770398e-03
7.7623085273e+02 -1.3909335751e-03
7.7985809971e+02 -1.3824880398e-03
7.8348534669e+02 -1.4086455237e-03
7.8711259366e+02 -1.3780892006e-03
7.9073984064e+02 -1.2296812454e-03
7.9436708761e+02 -9.4929393633e-04
7.9799433459e+02 -5.6732192298e-04
8.0162158156e+02 -1.3546387707e-04
8.0524882854e+02 3.0188076653e-04
8.0887607551e+02 7.1863409350e-04
8.1250332249e+02 1.1017006380e-03
8.1613056946e+02 1.4461995874e-03
8.1975781644e+02 1.7578345580e-03
8.2338506341e+02 2.0571535008e-03
8.2701231039e+02 2.3740461096e-03
8.3063955737e+02 2.7151027776e-03
8.3426680434e+02 3.0363958844e-03
8.3789405132e+02 3.2601911210e-03
8.4152129829e+02 3.3147688902e-03
8.4514854527e+02 3.1581849118e-03
8.4877579224e+02 2.7790032118e-03
8.5240303922e+02 2.1883299121e-03
8.5603028619e+02 1.4142621317e-03
8.5965753317e+02 5.0382806127e-04
8.6328478014e+02 -4.7344516579e-04
8.6691202712e+02 -1.4456640946e-03
8.7053927409e+02 -2.3691691216e-03
8.7416652107e+02 -3.2256499839e-03
8.7779376805e+02 -4.0007695686e-03
8.8142101502e+02 -4.6810655989e-03
8.8504826200e+02 -5.2645359986e-03
8.8867550897e+02 -5.7597083888e-03
8.9230275595e+02 -6.1780410143e-03
8.9593000292e+02 -6.5303416039e-03
8.9955724990e+02 -6.8184088520e-03
9.0318449687e+02 -7.0248918740e-03
9.0681174385e+02 -7.1172697738e-03
9.1043899082e+02 -7.0743272237e-03
9.1406623780e+02 -6.9162646774e-03
9.1769348478e+02 -6.7016670068e-03
9.2132073175e+02 -6.4960530736e-03
9.2494797873e+02 -6.3502688677e-03
9.2857522570e+02 -6.2975288590e-03
9.3220247268e+02 -6.3502688677e-03
9.3582971965e+02 -6.4960530736e-03
9.3945696663e+02 -6.7016670068e-03
9.4308421360e+02 -6.9162646774e-03
9.4671146058e+02 -7.0743272237e-03
9.5033870755e+02 -7.1172697738e-03
9.5396595453e+02 -7.0248918740e-03
9.5759320150e+02 -6.8184088520e-03
9.6122044848e+02 -6.5303416039e-03
9.6484769546e+02 -6.1780410143e-03
9.6847494243e+02 -5.7597083888e-03
9.7210218941e+02 -5.2645359986e-03
9.7572943638e+02 -4.6810655989e-03
9.7935668336e+02 -4.0007695686e-03
9.8298393033e+02 -3.2256499839e-03
9.8661117731e+02 -2.3691691216e-03
9.9023842428e+02 -1.4456640946e-03
9.9386567126e+02 -4.7344516579e-04
9.9749291823e+02 5.0382806127e-04
1.0011201652e+03 1.4142621317e-03
1.0047474122e+03 2.1883299121e-03
1.0083746592e+03 2.7790032118e-03
1.0120019061e+03 3.1581849118e-03
1.0156291531e+03 3.3147688902e-03
1.0192564001e+03 3.2601911210e-03
1.0228836471e+03 3.0363958844e-03
1.0265108940e+03 2.7151027776e-03
1.0301381410e+03 2.3740461096e-03
1.0337653880e+03 2.0571535008e-03
1.0373926350e+03 1.7578345580e-03
1.0410198819e+03 1.4461995874e-03
1.0446471289e+03 1.1017006380e-03
1.0482743759e+03 7.1863409350e-04
1.0519016229e+03 3.0188076653e-04
1.0555288698e+03 -1.3546387707e-04
1.0591561168e+03 -5.6732192298e-04
1.0627833638e+03 -9.4929393633e-04
1.0664106108e+03 -1.2296812454e-03
1.0700378577e+03 -1.3780892006e-03
1.0736651047e+03 -1.4086455237e-03
1.0772923517e+03 -1.3824880398e-03
1.0809195987e+03 -1.3909335751e-03
1.0845468456e+03 -1.5291770398e-03
1.0881740926e+03 -1.8771282557e-03
1.0918013396e+03 -2.4960353242e-03
1.0954285866e+03 -3.4142733030e-03
1.0990558335e+03 -4.6056811084e-03
1.1026830805e+03 -5.9870432930e-03
1.1063103275e+03 -7.4333698770e-03
1.1099375745e+03 -8.7979152070e-03
1.1135648214e+03 -9.9410946717e-03
1.1171920684e+03 -1.0761797188e-02
1.1208193154e+03 -1.1211470508e-02
1.1244465624e+03 -1.1286968488e-02
1.1280738093e+03 -1.1019597042e-02
1.1317010563e+03 -1.0461880515e-02
1.1353283033e+03 -9.6786544290e-03
1.1389555503e+03 -8.7426524577e-03
1.1425827972e+03 -7.7187741318e-03
1.1462100442e+03 -6.6577373800e-03
1.1498372912e+03 -5.6185525635e-03
1.1534645382e+03 -4.6900799724e-03
1.1570917852e+03 -3.9724609679e-03
1.1607190321e+03 -3.5388701801e-03
1.1643462791e+03 -3.4276123595e-03
1.1679735261e+03 -3.6553787359e-03
1.1716007731e+03 -4.2134969629e-03
1.1752280200e+03 -5.0502820695e-03
1.1788552670e+03 -6.0782164814e-03
1.1824825140e+03 -7.2072162461e-03
1.1861097610e+03 -8.3658205382e-03
1.1897370079e+03 -9.4943170565e-03
1.1933642549e+03 -1.0545390941e-02
1.1969915019e+03 -1.1497178634e-02
1.2006187489e+03 -1.2338505203e-02
1.2042459958e+03 -1.3036345193e-02
1.2078732428e+03 -1.3528242550e-02
1.2115004898e+03 -1.3738854471e-02
1.2151277368e+03 -1.3606600438e-02
1.2187549837e+03 -1.3113484690e-02
1.2223822307e+03 -1.2302571735e-02
1.2260094777e+03 -1.1276854608e-02
1.2296367247e+03 -1.0179114280e-02
1.2332639716e+03 -9.1512688243e-03
1.2368912186e+03 -8.2908970843e-03
1.2405184656e+03 -7.6332453282e-03
1.2441457126e+03 -7.1643250977e-03
1.2477729595e+03 -6.8459236595e-03
1.2514002065e+03 -6.6280857913e-03
1.2550274535e+03 -6.4558502264e-03
1.2586547005e+03 -6.2819490810e-03
1.2622819474e+03 -6.0759677931e-03
1.2659091944e+03 -5.8244102284e-03
1.2695364414e+03 -5.5206557152e-03
1.2731636884e+03 -5.1643107937e-03
1.2767909353e+03 -4.7735839250e-03
1.2804181823e+03 -4.3812341682e-03
1.2840454293e+03 -4.0229465150e-03
1.2876726763e+03 -3.7417278422e-03
1.2912999232e+03 -3.5861132000e-03
1.2949271702e+03 -3.5818647816e-03
1.2985544172e+03 -3.7160724529e-03
1.3021816642e+03 -3.9571044547e-03
1.3058089111e+03 -4.2852271570e-03
1.3094361581e+03 -4.7046105599e-03
1.3130634051e+03 -5.2322791807e-03
1.3166906521e+03 -5.8644453897e-03
1.3203178990e+03 -6.5372585763e-03
1.3239451460e+03 -7.1274494879e-03
1.3275723930e+03 -7.5041160538e-03
1.3311996400e+03 -7.5934499792e-03
1.3348268869e+03 -7.4017488182e-03
1.3384541339e+03 -6.9843444938e-03
1.3420813809e+03 -6.4045563476e-03
1.3457086279e+03 -5.7185062673e-03
1.3493358748e+03 -4.9853025477e-03
1.3529631218e+03 -4.2745293617e-03
1.3565903688e+03 -3.6471497724e-03
1.3602176158e+03 -3.1343344358e-03
1.3638448627e+03 -2.7292081006e-03
1.3674721097e+03 -2.3851744945e-03
1.3710993567e+03 -2.0240992993e-03
1.3747266037e+03 -1.5609371857e-03
1.3783538507e+03 -9.3063825628e-04
1.3819810976e+03 -1.0071487207e-04
1.3856083446e+03 9.2426496951e-04
1.3892355916e+03 2.1045548207e-03
1.3928628386e+03 3.3672689086e-03
1.3964900855e+03 4.6115318772e-03
1.4001173325e+03 5.7269708678e-03
1.4037445795e+03 6.6286074375e-03
1.4073718265e+03 7.2853628764e-03
1.4109990734e+03 7.7178201551e-03
1.4146263204e+03 7.9742560329e-03
1.4182535674e+03 8.1058545713e-03
1.4218808144e+03 8.1491358562e-03
1.4255080613e+03 8.1127099160e-03
1.4291353083e+03 7.9710691050e-03
1.4327625553e+03 7.6716594417e-03
1.4363898023e+03 7.1593556885e-03
1.4400170492e+03 6.4055276540e-03
1.4436442962e+03 5.4180446173e-03
1.4472715432e+03 4.2252961253e-03
1.4508987902e+03 2.8621132669e-03
1.4545260371e+03 1.3782291106e-03
1.4581532841e+03 -1.5174167644e-04
1.4617805311e+03 -1.6380715004e-03
1.4654077781e+03 -2.9887181758e-03
1.4690350250e+03 -4.1124710174e-03
1.4726622720e+03 -4.9283507611e-03
1.4762895190e+03 -5.3949489107e-03
1.4799167660e+03 -5.5336872193e-03
1.4835440129e+03 -5.4219095827e-03
1.4871712599e+03 -5.1689420378e-03
1.4907985069e+03 -4.8887147314e-03
1.4944257539e+03 -4.6798669187e-03
1.4980530008e+03 -4.6139667883e-03
1.5016802478e+03 -4.7272319501e-03
1.5053074948e+03 -5.0288040278e-03
1.5089347418e+03 -5.5101491730e-03
1.5125619887e+03 -6.1458173233e-03
1.5161892357e+03 -6.8968396634e-03
1.5198164827e+03 -7.7180619055e-03
1.5234437297e+03 -8.5694536058e-03
1.5270709766e+03 -9.4285004528e-03
1.5306982236e+03 -1.0283266380e-02
1.5343254706e+03 -1.1109901474e-02
1.5379527176e+03 -1.1866531684e-02
1.5415799645e+03 -1.2509620817e-02
1.5452072115e+03 -1.3018943465e-02
1.5488344585e+03 -1.3407737305e-02
1.5524617055e+03 -1.3707337255e-02
1.5560889524e+03 -1.3945895932e-02
1.5597161994e+03 -1.4139426529e-02
1.5633434464e+03 -1.4300315782e-02
1.5669706934e+03 -1.4449841642e-02
1.5705979403e+03 -1.4622099302e-02
1.5742251873e+03 -1.4870187483e-02
1.5778524343e+03 -1.5267026581e-02
1.5814796813e+03 -1.5877959512e-02
1.5851069282e+03 -1.6724568950e-02
1.5887341752e+03 -1.7777875193e-02
1.5923614222e+03 -1.8977128138e-02
1.5959886692e+03 -2.0255231742e-02
1.5996159161e+03 -2.1560390461e-02
1.6032431631e+03 -2.2853769357e-02
1.6068704101e+03 -2.4100617068e-02
1.6104976571e+03 -2.5284254944e-02
1.6141249041e+03 -2.6422531952e-02
1.6177521510e+03 -2.7561614643e-02
1.6213793980e+03 -2.8751845059e-02
1.6250066450e+03 -3.0019551851e-02
1.6286338920e+03 -3.1352906089e-02
1.6322611389e+03 -3.2717341905e-02
1.6358883859e+03 -3.4079673978e-02
1.6395156329e+03 -3.5407617698e-02
1.6431428799e+03 -3.6649028170e-02
1.6467701268e+03 -3.7734398851e-02
1.6503973738e+03 -3.8604522685e-02
1.6540246208e+03 -3.9230153742e-02
1.6576518678e+03 -3.9611664921e-02
1.6612791147e+03 -3.9781903993e-02
1.6649063617e+03 -3.9817330278e-02
1.6685336087e+03 -3.9821295923e-02
1.6721608557e+03 -3.9880793372e-02
1.6757881026e+03 -4.0042529813e-02
1.6794153496e+03 -4.0319699214e-02
1.6830425966e+03 -4.0697089127e-02
1.6866698436e+03 -4.1131341056e-02
1.6902970905e+03 -4.1564223570e-02
1.6939243375e+03 -4.1940940554e-02
1.6975515845e+03 -4.2228835624e-02
1.7011788315e+03 -4.2427341763e-02
1.7048060784e+03 -4.2547583105e-02
1.7084333254e+03 -4.2579815133e-02
1.7120605724e+03 -4.2492761357e-02
1.7156878194e+03 -4.2270435699e-02
1.7193150663e+03 -4.1939695237e-02
1.7229423133e+03 -4.1571224448e-02
1.7265695603e+03 -4.1263473418e-02
1.7301968073e+03 -4.1107542821e-02
1.7338240542e+03 -4.1160526682e-02
1.7374513012e+03 -4.1451107287e-02
1.7410785482e+03 -4.1977856880e-02
1.7447057952e+03 -4.2686813481e-02
1.7483330421e+03 -4.3478965738e-02
1.7519602891e+03 -4.4240423916e-02
1.7555875361e+03 -4.4858729151e-02
1.7592147831e+03 -4.5240346329e-02
1.7628420300e+03 -4.5324675887e-02
1.7664692770e+03 -4.5075010692e-02
1.7700965240e+03 -4.4444559584e-02
1.7737237710e+03 -4.3336804457e-02
1.7773510179e+03 -4.1580253944e-02
1.7809782649e+03 -3.8925265220e-02
1.7846055119e+03 -3.5033023355e-02
1.7882327589e+03 -2.9453592679e-02
1.7918600058e+03 -2.1631609107e-02
1.7954872528e+03 -1.0936619383e-02
1.7991144998e+03 3.3170679390e-03
1.8027417468e+03 2.1884602754e-02
1.8063689937e+03 4.5621106193e-02
1.8099962407e+03 7.5487691944e-02
1.8136234877e+03 1.1250293372e-01
1.8172507347e+03 1.5766026340e-01
1.8208779816e+03 2.1183970608e-01
1.8245052286e+03 2.7572691995e-01
1.8281324756e+03 3.4969095072e-01
1.8317597226e+03 4.3360830846e-01
1.8353869696e+03 5.2658935262e-01
1.8390142165e+03 6.2657518317e-01
1.8426414635e+03 7.2972910746e-01
1.8462687105e+03 8.2964928327e-01
1.8498959575e+03 9.1659917371e-01
1.8535232044e+03 9.7768633611e-01
