# Production contribution: P_vw = -\bar{\rho} \widetilde{v'' w''} (\partial \tilde{w} / \partial y)
# Columns: y_plus    P_vw^+
3.9100267708e-01 8.6178571711e-06
1.1669246953e+00 1.6142240370e-04
1.9435303622e+00 7.0367665563e-04
2.7210037404e+00 1.8388029371e-03
3.4995481111e+00 3.6399800909e-03
4.2793829765e+00 6.0074288291e-03
5.0607410474e+00 8.7245733064e-03
5.8438654524e+00 1.1506534101e-02
6.6290073199e+00 1.4101169707e-02
7.4164238012e+00 1.6307483394e-02
8.2063765381e+00 1.8021364882e-02
8.9991305383e+00 1.9202559883e-02
9.7949533913e+00 1.9883108181e-02
1.0594114757e+01 2.0121142050e-02
1.1396886058e+01 2.0002922523e-02
1.2203540314e+01 1.9606830359e-02
1.3014352078e+01 1.9012086292e-02
1.3829597436e+01 1.8277448090e-02
1.4649554046e+01 1.7455637422e-02
1.5474501205e+01 1.6581544757e-02
1.6304719923e+01 1.5686479189e-02
1.7140493017e+01 1.4789324315e-02
1.7982105198e+01 1.3907638501e-02
1.8829843169e+01 1.3050441017e-02
1.9683995721e+01 1.2226900033e-02
2.0544853828e+01 1.1440503848e-02
2.1412710751e+01 1.0695868426e-02
2.2287862134e+01 9.9940587799e-03
2.3170606107e+01 9.3374879236e-03
2.4061243385e+01 8.7254793070e-03
2.4960077373e+01 8.1578263792e-03
2.5867414268e+01 7.6317219353e-03
2.6783563163e+01 7.1451465486e-03
2.7708836155e+01 6.6946124542e-03
2.8643548447e+01 6.2777986565e-03
2.9588018458e+01 5.8917726227e-03
3.0542567932e+01 5.5349398977e-03
3.1507522046e+01 5.2051884308e-03
3.2483209521e+01 4.9010845590e-03
3.3469962736e+01 4.6204757258e-03
3.4468117838e+01 4.3618181772e-03
3.5478014859e+01 4.1232490202e-03
3.6499997830e+01 3.9034793101e-03
3.7534414901e+01 3.7008948745e-03
3.8581618456e+01 3.5145754847e-03
3.9641965236e+01 3.3436306548e-03
4.0715816460e+01 3.1869976448e-03
4.1803537945e+01 3.0418695504e-03
4.2905500235e+01 2.9044842743e-03
4.4022078725e+01 2.7713642096e-03
4.5153653789e+01 2.6411592689e-03
4.6300610910e+01 2.5140532170e-03
4.7463340810e+01 2.3912412755e-03
4.8642239585e+01 2.2742294820e-03
4.9837708839e+01 2.1647857267e-03
5.1050155822e+01 2.0640531748e-03
5.2279993564e+01 1.9725651485e-03
5.3527641025e+01 1.8903938585e-03
5.4793523226e+01 1.8172563429e-03
5.6078071405e+01 1.7517149374e-03
5.7381723156e+01 1.6916515754e-03
5.8704922581e+01 1.6353510623e-03
6.0048120441e+01 1.5821750597e-03
6.1411774312e+01 1.5317630865e-03
6.2796348734e+01 1.4835236988e-03
6.4202315379e+01 1.4370133569e-03
6.5630153203e+01 1.3927522882e-03
6.7080348613e+01 1.3516329375e-03
6.8553395635e+01 1.3136559095e-03
7.0049796075e+01 1.2776164516e-03
7.1570059699e+01 1.2423416347e-03
7.3114704399e+01 1.2074306830e-03
7.4684256376e+01 1.1734507923e-03
7.6279250313e+01 1.1411592373e-03
7.7900229560e+01 1.1105345496e-03
7.9547746322e+01 1.0810195872e-03
8.1222361842e+01 1.0522042892e-03
8.2924646595e+01 1.0236087188e-03
8.4655180482e+01 9.9496509433e-04
8.6414553026e+01 9.6708849457e-04
8.8203363577e+01 9.4143943086e-04
9.0022221510e+01 9.1776232265e-04
9.1871746439e+01 8.9319122561e-04
9.3752568424e+01 8.6523841732e-04
9.5665328185e+01 8.3534563661e-04
9.7610677324e+01 8.0696988377e-04
9.9589278544e+01 7.8144088961e-04
1.0160180588e+02 7.5782404604e-04
1.0364894491e+02 7.3489697094e-04
1.0573139302e+02 7.1278167220e-04
1.0784985962e+02 6.9386355435e-04
1.1000506638e+02 6.7985841632e-04
1.1219774750e+02 6.6826699820e-04
1.1442864993e+02 6.5550932366e-04
1.1669853366e+02 6.4161346019e-04
1.1900817195e+02 6.2774385483e-04
1.2135835159e+02 6.1143639839e-04
1.2374987321e+02 5.8980522754e-04
1.2618355149e+02 5.6510761694e-04
1.2866021550e+02 5.4097516003e-04
1.3118070893e+02 5.1794107421e-04
1.3374589042e+02 4.9635875012e-04
1.3635663383e+02 4.7758565330e-04
1.3901382852e+02 4.6091629545e-04
1.4171837970e+02 4.4498719326e-04
1.4447120871e+02 4.3043779524e-04
1.4727325332e+02 4.1594008956e-04
1.5012546808e+02 3.9708968328e-04
1.5302882462e+02 3.7406302904e-04
1.5598431200e+02 3.5192718028e-04
1.5899293705e+02 3.3219955666e-04
1.6205572468e+02 3.1334607024e-04
1.6517371825e+02 2.9560408020e-04
1.6834797995e+02 2.7965963453e-04
1.7157959112e+02 2.6544890362e-04
1.7486965264e+02 2.5280855071e-04
1.7821928531e+02 2.4113834110e-04
1.8162963021e+02 2.2835946385e-04
1.8510184912e+02 2.1351204969e-04
1.8863712487e+02 1.9867744153e-04
1.9223666179e+02 1.8464953782e-04
1.9590168612e+02 1.7231788592e-04
1.9963344636e+02 1.6348649855e-04
2.0343321380e+02 1.5755850467e-04
2.0730228285e+02 1.5332921320e-04
2.1124197156e+02 1.4912603535e-04
2.1525362201e+02 1.4355260375e-04
2.1933860083e+02 1.3736830539e-04
2.2349829959e+02 1.2985555664e-04
2.2773413535e+02 1.2081425370e-04
2.3204755109e+02 1.1198019240e-04
2.3644001621e+02 1.0300673806e-04
2.4091302705e+02 9.3833325686e-05
2.4546810739e+02 8.4981559028e-05
2.5010680897e+02 7.7485524616e-05
2.5483071201e+02 7.1225376098e-05
2.5964142574e+02 6.5358270110e-05
2.6454058900e+02 6.0744548611e-05
2.6952987074e+02 5.7286019164e-05
2.7461097059e+02 5.4979564140e-05
2.7978561950e+02 5.2669673278e-05
2.8505558025e+02 5.0273705788e-05
2.9042264812e+02 4.8419049732e-05
2.9588865145e+02 4.5315267522e-05
3.0145545230e+02 4.0871120697e-05
3.0712494704e+02 3.7637675004e-05
3.1289906706e+02 3.6063407883e-05
3.1877977936e+02 3.3742962036e-05
3.2476908727e+02 3.0103000996e-05
3.3086903110e+02 2.5852233998e-05
3.3708168886e+02 2.1955706956e-05
3.4340917693e+02 1.9159322122e-05
3.4985365079e+02 1.7480763111e-05
3.5641730571e+02 1.6346469616e-05
3.6310237742e+02 1.4862008046e-05
3.6991114271e+02 1.2978532049e-05
3.7684591986e+02 1.1121298556e-05
3.8390906882e+02 9.4420916022e-06
3.9110299071e+02 8.0616276030e-06
3.9843012636e+02 7.1458405572e-06
4.0589295306e+02 6.4326755110e-06
4.1349397829e+02 5.5021894974e-06
4.2123572889e+02 4.4501197307e-06
4.2912073304e+02 3.5507537095e-06
4.3715149217e+02 2.9046223591e-06
4.4533043852e+02 2.3068820404e-06
4.5365987429e+02 1.7267997447e-06
4.6214188770e+02 1.2878456010e-06
4.7077824235e+02 9.8194793227e-07
4.7957023817e+02 6.9587231890e-07
4.8851854519e+02 4.3969343527e-07
4.9762301594e+02 2.7720774943e-07
5.0688248733e+02 1.8193072604e-07
5.1629458829e+02 1.1945423556e-07
5.2585557360e+02 7.7020262125e-08
5.3556020708e+02 4.8673593908e-08
5.4540171575e+02 2.6691252718e-08
5.5537183282e+02 1.2283429647e-08
5.6546093828e+02 7.2690404581e-09
5.7565829575e+02 5.9191660167e-09
5.8595237151e+02 3.6236791206e-09
5.9633121136e+02 1.6177349945e-09
6.0678284256e+02 8.3538944287e-10
6.1729566514e+02 2.5552733926e-10
6.2785879892e+02 -1.3260611066e-11
6.3846235889e+02 1.8091513435e-13
6.4909764242e+02 8.3680210514e-13
6.5975722295e+02 -4.2698412734e-12
6.7043495588e+02 3.8408672561e-12
6.8112591136e+02 6.6412586015e-12
6.9182625336e+02 1.6828742645e-12
7.0253308669e+02 -5.6908324595e-14
7.1324429176e+02 -4.1224641266e-13
7.2395836319e+02 -5.4375599526e-13
7.3467426374e+02 1.8774648021e-13
7.4539130004e+02 6.0202048384e-13
7.5610902239e+02 4.8046978946e-13
7.6682714778e+02 2.3996132750e-13
7.7754550345e+02 9.2258809971e-14
7.8826398703e+02 4.2105501500e-14
7.9898253968e+02 3.1505300358e-14
8.0970112858e+02 1.7226774760e-14
8.2041973597e+02 -6.3864785446e-15
8.3113835253e+02 -3.8583635342e-14
8.4185697350e+02 -7.6582341978e-14
8.5257559653e+02 -1.1000856134e-13
8.6329422051e+02 -1.2351665276e-13
8.7401284489e+02 -1.0524713239e-13
8.8473146946e+02 -5.4933003469e-14
8.9545009410e+02 1.4335723630e-14
9.0616871877e+02 8.2180035604e-14
9.1688734345e+02 1.3039979869e-13
9.2760596814e+02 1.4870101292e-13
9.3832459282e+02 1.3619439345e-13
9.4904321751e+02 9.9365164419e-14
9.5976184220e+02 4.9243784385e-14
9.7048046689e+02 -1.7235746733e-15
9.8119909158e+02 -4.2579403336e-14
9.9191771626e+02 -6.6554262253e-14
1.0026363410e+03 -7.3070349971e-14
1.0133549656e+03 -6.7355152415e-14
1.0240735903e+03 -5.7086313840e-14
1.0347922150e+03 -4.7896190916e-14
1.0455108397e+03 -4.0651203178e-14
1.0562294644e+03 -3.2818711685e-14
1.0669480891e+03 -2.1693493597e-14
1.0776667138e+03 -7.4590296331e-15
1.0883853385e+03 6.5790868526e-15
1.0991039631e+03 1.5843473963e-14
1.1098225878e+03 1.7239834698e-14
1.1205412125e+03 1.1061917716e-14
1.1312598372e+03 8.5931448078e-16
1.1419784619e+03 -8.4456512654e-15
1.1526970866e+03 -1.3166676038e-14
1.1634157113e+03 -1.2348815363e-14
1.1741343360e+03 -7.6124676364e-15
1.1848529607e+03 -1.6892696857e-15
1.1955715853e+03 3.0821127329e-15
1.2062902100e+03 5.5653710400e-15
1.2170088347e+03 5.8319494111e-15
1.2277274594e+03 4.6739875283e-15
1.2384460841e+03 3.0809897201e-15
1.2491647088e+03 1.7498700483e-15
1.2598833335e+03 1.0728892626e-15
1.2706019582e+03 1.1143909700e-15
1.2813205828e+03 1.8277097160e-15
1.2920392075e+03 3.0046652597e-15
1.3027578322e+03 4.3154498282e-15
1.3134764569e+03 5.4362216155e-15
1.3241950816e+03 6.1056475585e-15
1.3349137063e+03 6.3548003225e-15
1.3456323310e+03 6.2288891128e-15
1.3563509557e+03 5.9102756578e-15
1.3670695803e+03 5.4210970539e-15
1.3777882050e+03 4.8868247050e-15
1.3885068297e+03 4.3040368208e-15
1.3992254544e+03 3.8031542508e-15
1.4099440791e+03 3.3223330165e-15
1.4206627038e+03 3.0011168739e-15
1.4313813285e+03 2.7361100740e-15
1.4420999532e+03 2.6937387064e-15
1.4528185779e+03 2.7229236409e-15
1.4635372025e+03 2.8831524957e-15
1.4742558272e+03 3.0176083722e-15
1.4849744519e+03 3.1084090008e-15
1.4956930766e+03 3.1002450892e-15
1.5064117013e+03 2.9629436525e-15
1.5171303260e+03 2.7220276925e-15
1.5278489507e+03 2.4300769361e-15
1.5385675754e+03 2.1735551463e-15
1.5492862000e+03 2.0463177904e-15
1.5600048247e+03 2.0133294979e-15
1.5707234494e+03 2.0376969252e-15
1.5814420741e+03 1.9547322307e-15
1.5921606988e+03 1.7609751954e-15
1.6028793235e+03 1.3960663066e-15
1.6135979482e+03 9.7877325407e-16
1.6243165729e+03 4.9369310481e-16
1.6350351976e+03 2.7211798207e-17
1.6457538222e+03 -4.3754797305e-16
1.6564724469e+03 -8.5214712155e-16
1.6671910716e+03 -1.1804897544e-15
1.6779096963e+03 -1.3959628072e-15
1.6886283210e+03 -1.4170945326e-15
1.6993469457e+03 -1.2290390124e-15
1.7100655704e+03 -7.7746461267e-16
1.7207841951e+03 -1.3403670101e-16
1.7315028197e+03 6.4731805796e-16
1.7422214444e+03 1.4485361241e-15
1.7529400691e+03 2.2474455907e-15
1.7636586938e+03 2.9482211763e-15
1.7743773185e+03 3.5864516748e-15
1.7850959432e+03 4.0550960979e-15
1.7958145679e+03 4.4280399715e-15
1.8065331926e+03 4.6760574688e-15
1.8172518173e+03 4.8812246428e-15
1.8279704419e+03 5.1082367133e-15
1.8386890666e+03 5.2867699321e-15
1.8494076913e+03 5.4906162083e-15
1.8601263160e+03 5.4606779281e-15
1.8708449407e+03 5.3706750322e-15
1.8815635654e+03 4.9438077339e-15
1.8922821901e+03 4.5505620019e-15
1.9030008148e+03 3.9218502873e-15
1.9137194394e+03 3.4741523600e-15
1.9244380641e+03 2.8515703403e-15
1.9351566888e+03 2.4129640391e-15
1.9458753135e+03 1.8342127041e-15
1.9565939382e+03 1.4342085940e-15
1.9673125629e+03 9.9129171709e-16
1.9780311876e+03 7.1880849040e-16
1.9887498123e+03 4.6283877463e-16
1.9994684369e+03 3.2565090539e-16
2.0101870616e+03 2.1002107606e-16
2.0209056863e+03 1.6154339532e-16
2.0316243110e+03 1.3494478696e-16
2.0423429357e+03 1.2872911935e-16
2.0530615604e+03 1.4388947859e-16
2.0637801851e+03 1.1917664357e-16
2.0744988098e+03 1.3877504932e-16
2.0852174345e+03 8.1560873717e-17
2.0959360591e+03 1.1568272734e-16
2.1066546838e+03 3.8599812706e-17
2.1173733085e+03 4.9022959359e-17
2.1280919332e+03 -1.1067963165e-16
2.1388105579e+03 -2.1075472944e-16
2.1495291826e+03 -5.0515766959e-16
2.1602478073e+03 -7.2965927701e-16
2.1709664320e+03 -1.1566482034e-15
2.1816850566e+03 -1.4844661999e-15
2.1924036813e+03 -2.0082798089e-15
2.2031223060e+03 -2.3670370187e-15
2.2138409307e+03 -2.8709107050e-15
2.2245595554e+03 -3.1693621081e-15
2.2352781801e+03 -3.5871032888e-15
2.2459968048e+03 -3.8807885105e-15
2.2567154295e+03 -4.3035254988e-15
2.2674340542e+03 -4.7232210080e-15
2.2781526788e+03 -5.2033884581e-15
2.2888713035e+03 -5.6999025837e-15
2.2995899282e+03 -6.0452143283e-15
2.3103085529e+03 -6.3385783528e-15
2.3210271776e+03 -6.2609436479e-15
2.3317458023e+03 -6.1525245976e-15
2.3424644270e+03 -5.6085932070e-15
2.3531830517e+03 -5.1580301659e-15
2.3639016763e+03 -4.3624296866e-15
2.3746203010e+03 -3.8178365643e-15
2.3853389257e+03 -3.1156514467e-15
2.3960575504e+03 -2.7386882410e-15
2.4067761751e+03 -2.3333322957e-15
2.4174947998e+03 -2.1919208167e-15
2.4282134245e+03 -2.0823424039e-15
2.4389320492e+03 -2.1396139966e-15
2.4496506739e+03 -2.2788406835e-15
2.4603692985e+03 -2.4840428542e-15
2.4710879232e+03 -2.8140218171e-15
2.4818065479e+03 -3.0649268807e-15
2.4925251726e+03 -3.4430439377e-15
2.5032437973e+03 -3.5363541580e-15
2.5139624220e+03 -3.7395624513e-15
2.5246810467e+03 -3.5502519056e-15
2.5353996714e+03 -3.5234963071e-15
2.5461182960e+03 -3.1862778891e-15
2.5568369207e+03 -3.0311036399e-15
2.5675555454e+03 -2.6897004273e-15
2.5782741701e+03 -2.4557350707e-15
2.5889927948e+03 -2.1351901622e-15
2.5997114195e+03 -1.8309774085e-15
2.6104300442e+03 -1.5058945706e-15
2.6211486689e+03 -1.1256142820e-15
2.6318672935e+03 -7.2571766053e-16
2.6425859182e+03 -2.2570764848e-16
2.6533045429e+03 3.1740726721e-16
2.6640231676e+03 9.0875442674e-16
2.6747417923e+03 1.4540142752e-15
2.6854604170e+03 1.9251272296e-15
2.6961790417e+03 2.1085025356e-15
2.7068976664e+03 2.2572520325e-15
2.7176162911e+03 1.7888533139e-15
2.7283349157e+03 1.2630549585e-15
2.7390535404e+03 3.7830520956e-16
2.7497721651e+03 -3.5975882569e-15
2.7604907898e+03 -2.1615785314e-15
