# Ratio of production contributions: P_vw / P_uv
# Columns: y_plus    P_vw_over_P_uv
3.9100267708e-01 8.1440373732e-02
1.1669246953e+00 8.5913578215e-02
1.9435303622e+00 8.7022360610e-02
2.7210037404e+00 8.7358372185e-02
3.4995481111e+00 8.7457639609e-02
4.2793829765e+00 8.7472928516e-02
5.0607410474e+00 8.7451142486e-02
5.8438654524e+00 8.7406915916e-02
6.6290073199e+00 8.7337360348e-02
7.4164238012e+00 8.7232759963e-02
8.2063765381e+00 8.7081042417e-02
8.9991305383e+00 8.6876017563e-02
9.7949533913e+00 8.6620922203e-02
1.0594114757e+01 8.6328429345e-02
1.1396886058e+01 8.6015511861e-02
1.2203540314e+01 8.5697437388e-02
1.3014352078e+01 8.5383034233e-02
1.3829597436e+01 8.5072403225e-02
1.4649554046e+01 8.4758464472e-02
1.5474501205e+01 8.4429416520e-02
1.6304719923e+01 8.4071746722e-02
1.7140493017e+01 8.3671537233e-02
1.7982105198e+01 8.3216761128e-02
1.8829843169e+01 8.2698467648e-02
1.9683995721e+01 8.2112056446e-02
2.0544853828e+01 8.1456672887e-02
2.1412710751e+01 8.0735839251e-02
2.2287862134e+01 7.9957031600e-02
2.3170606107e+01 7.9130528222e-02
2.4061243385e+01 7.8265170846e-02
2.4960077373e+01 7.7366825817e-02
2.5867414268e+01 7.6439568800e-02
2.6783563163e+01 7.5490062937e-02
2.7708836155e+01 7.4528326224e-02
2.8643548447e+01 7.3567563627e-02
2.9588018458e+01 7.2621551945e-02
3.0542567932e+01 7.1702625418e-02
3.1507522046e+01 7.0816579416e-02
3.2483209521e+01 6.9961171224e-02
3.3469962736e+01 6.9127912540e-02
3.4468117838e+01 6.8310082810e-02
3.5478014859e+01 6.7506068608e-02
3.6499997830e+01 6.6717057456e-02
3.7534414901e+01 6.5940290166e-02
3.8581618456e+01 6.5172991473e-02
3.9641965236e+01 6.4417604234e-02
4.0715816460e+01 6.3676373605e-02
4.1803537945e+01 6.2932085635e-02
4.2905500235e+01 6.2143243767e-02
4.4022078725e+01 6.1264820959e-02
4.5153653789e+01 6.0278766032e-02
4.6300610910e+01 5.9198298301e-02
4.7463340810e+01 5.8056310979e-02
4.8642239585e+01 5.6897896692e-02
4.9837708839e+01 5.5774965126e-02
5.1050155822e+01 5.4729840986e-02
5.2279993564e+01 5.3788624577e-02
5.3527641025e+01 5.2967950731e-02
5.4793523226e+01 5.2273510470e-02
5.6078071405e+01 5.1684156921e-02
5.7381723156e+01 5.1159738519e-02
5.8704922581e+01 5.0669540194e-02
6.0048120441e+01 5.0202608504e-02
6.1411774312e+01 4.9747718768e-02
6.2796348734e+01 4.9283822764e-02
6.4202315379e+01 4.8803775569e-02
6.5630153203e+01 4.8334439269e-02
6.7080348613e+01 4.7908499579e-02
6.8553395635e+01 4.7518883740e-02
7.0049796075e+01 4.7120653600e-02
7.1570059699e+01 4.6681750384e-02
7.3114704399e+01 4.6210443282e-02
7.4684256376e+01 4.5744374420e-02
7.6279250313e+01 4.5307169480e-02
7.7900229560e+01 4.4879002748e-02
7.9547746322e+01 4.4431952802e-02
8.1222361842e+01 4.3960585240e-02
8.2924646595e+01 4.3460569469e-02
8.4655180482e+01 4.2923262873e-02
8.6414553026e+01 4.2372989921e-02
8.8203363577e+01 4.1872256097e-02
9.0022221510e+01 4.1440086977e-02
9.1871746439e+01 4.0988114855e-02
9.3752568424e+01 4.0410489586e-02
9.5665328185e+01 3.9738265772e-02
9.7610677324e+01 3.9098028143e-02
9.9589278544e+01 3.8544703341e-02
1.0160180588e+02 3.8042584065e-02
1.0364894491e+02 3.7542332067e-02
1.0573139302e+02 3.7051060464e-02
1.0784985962e+02 3.6688967692e-02
1.1000506638e+02 3.6562190040e-02
1.1219774750e+02 3.6555143112e-02
1.1442864993e+02 3.6462236264e-02
1.1669853366e+02 3.6267959629e-02
1.1900817195e+02 3.6046080525e-02
1.2135835159e+02 3.5654260461e-02
1.2374987321e+02 3.4905522612e-02
1.2618355149e+02 3.3927036636e-02
1.2866021550e+02 3.2948944460e-02
1.3118070893e+02 3.2035739217e-02
1.3374589042e+02 3.1230503098e-02
1.3635663383e+02 3.0608861986e-02
1.3901382852e+02 3.0101983804e-02
1.4171837970e+02 2.9585178562e-02
1.4447120871e+02 2.9106228041e-02
1.4727325332e+02 2.8629981715e-02
1.5012546808e+02 2.7870537095e-02
1.5302882462e+02 2.6805243454e-02
1.5598431200e+02 2.5770687559e-02
1.5899293705e+02 2.4862386231e-02
1.6205572468e+02 2.3948675598e-02
1.6517371825e+02 2.3057396905e-02
1.6834797995e+02 2.2275058851e-02
1.7157959112e+02 2.1613954213e-02
1.7486965264e+02 2.1058384161e-02
1.7821928531e+02 2.0547155428e-02
1.8162963021e+02 1.9894673605e-02
1.8510184912e+02 1.9007264466e-02
1.8863712487e+02 1.8070467759e-02
1.9223666179e+02 1.7183438876e-02
1.9590168612e+02 1.6429196831e-02
1.9963344636e+02 1.5977234880e-02
2.0343321380e+02 1.5796531268e-02
2.0730228285e+02 1.5775613058e-02
2.1124197156e+02 1.5739143187e-02
2.1525362201e+02 1.5542751179e-02
2.1933860083e+02 1.5285235323e-02
2.2349829959e+02 1.4892851863e-02
2.2773413535e+02 1.4296597190e-02
2.3204755109e+02 1.3662014227e-02
2.3644001621e+02 1.2971243624e-02
2.4091302705e+02 1.2237123436e-02
2.4546810739e+02 1.1516622814e-02
2.5010680897e+02 1.0931209456e-02
2.5483071201e+02 1.0450715036e-02
2.5964142574e+02 9.9688718542e-03
2.6454058900e+02 9.6336698875e-03
2.6952987074e+02 9.4424886675e-03
2.7461097059e+02 9.4277616637e-03
2.7978561950e+02 9.4233912639e-03
2.8505558025e+02 9.4308980987e-03
2.9042264812e+02 9.5589484376e-03
2.9588865145e+02 9.4331394685e-03
3.0145545230e+02 9.0126700014e-03
3.0712494704e+02 8.8244141374e-03
3.1289906706e+02 9.0012346494e-03
3.1877977936e+02 8.9856137981e-03
3.2476908727e+02 8.5773100795e-03
3.3086903110e+02 7.8923950537e-03
3.3708168886e+02 7.2009209131e-03
3.4340917693e+02 6.7991417413e-03
3.4985365079e+02 6.7530751946e-03
3.5641730571e+02 6.9072928317e-03
3.6310237742e+02 6.9422706137e-03
3.6991114271e+02 6.7888188434e-03
3.7684591986e+02 6.5706183115e-03
3.8390906882e+02 6.3556667945e-03
3.9110299071e+02 6.2629862762e-03
3.9843012636e+02 6.5024744026e-03
4.0589295306e+02 6.9254273187e-03
4.1349397829e+02 7.0828078352e-03
4.2123572889e+02 6.9636816852e-03
4.2912073304e+02 6.8550824018e-03
4.3715149217e+02 7.0716325495e-03
4.4533043852e+02 7.2837232590e-03
4.5365987429e+02 7.2429901580e-03
4.6214188770e+02 7.3665904187e-03
4.7077824235e+02 7.8448218795e-03
4.7957023817e+02 7.9450720695e-03
4.8851854519e+02 7.3518675385e-03
4.9762301594e+02 6.9821626681e-03
5.0688248733e+02 7.1357370106e-03
5.1629458829e+02 7.4910799002e-03
5.2585557360e+02 7.9335770847e-03
5.3556020708e+02 8.5372035232e-03
5.4540171575e+02 8.2777430100e-03
5.5537183282e+02 7.1527696319e-03
5.6546093828e+02 8.2599916356e-03
5.7565829575e+02 1.3297235362e-02
5.8595237151e+02 1.6548827188e-02
5.9633121136e+02 1.6123151637e-02
6.0678284256e+02 1.9174697335e-02
6.1729566514e+02 1.2414061290e-02
6.2785879892e+02 -1.3154222614e-03
6.3846235889e+02 4.1639455108e-05
6.4909764242e+02 4.0697580887e-04
6.5975722295e+02 -3.3867516884e-03
6.7043495588e+02 5.8068869330e-03
6.8112591136e+02 2.6195381878e-02
6.9182625336e+02 1.7129828306e-02
7.0253308669e+02 -7.6001096527e-04
7.1324429176e+02 -5.4081567448e-03
7.2395836319e+02 -8.5691241478e-03
7.3467426374e+02 3.1525960982e-03
7.4539130004e+02 9.6081945594e-03
7.5610902239e+02 7.3616907440e-03
7.6682714778e+02 3.7511395289e-03
7.7754550345e+02 1.5898120286e-03
7.8826398703e+02 7.9019228742e-04
7.9898253968e+02 6.1682991901e-04
8.0970112858e+02 3.4834775609e-04
8.2041973597e+02 -1.3384338861e-04
8.3113835253e+02 -8.3251460039e-04
8.4185697350e+02 -1.6990315730e-03
8.5257559653e+02 -2.5113155064e-03
8.6329422051e+02 -2.9176175744e-03
8.7401284489e+02 -2.5932677423e-03
8.8473146946e+02 -1.4288021060e-03
8.9545009410e+02 3.9587639969e-04
9.0616871877e+02 2.4281137423e-03
9.1688734345e+02 4.1093388788e-03
9.2760596814e+02 4.9795022264e-03
9.3832459282e+02 4.8079049555e-03
9.4904321751e+02 3.6791922205e-03
9.5976184220e+02 1.9106223871e-03
9.7048046689e+02 -7.0347121008e-05
9.8119909158e+02 -1.8302183968e-03
9.9191771626e+02 -3.0271899641e-03
1.0026363410e+03 -3.5098897643e-03
1.0133549656e+03 -3.4351192729e-03
1.0240735903e+03 -3.0883104530e-03
1.0347922150e+03 -2.7515926168e-03
1.0455108397e+03 -2.4657480150e-03
1.0562294644e+03 -2.0932005033e-03
1.0669480891e+03 -1.4479296772e-03
1.0776667138e+03 -5.2038963602e-04
1.0883853385e+03 4.7789199997e-04
1.0991039631e+03 1.1973550058e-03
1.1098225878e+03 1.3532301431e-03
1.1205412125e+03 9.0540358535e-04
1.1312598372e+03 7.3681054161e-05
1.1419784619e+03 -7.6400148716e-04
1.1526970866e+03 -1.2632781721e-03
1.1634157113e+03 -1.2613612823e-03
1.1741343360e+03 -8.2885383171e-04
1.1848529607e+03 -1.9652251041e-04
1.1955715853e+03 3.8481417736e-04
1.2062902100e+03 7.5287883221e-04
1.2170088347e+03 8.6518355656e-04
1.2277274594e+03 7.7261556750e-04
1.2384460841e+03 5.7723833748e-04
1.2491647088e+03 3.7894853465e-04
1.2598833335e+03 2.7456972576e-04
1.2706019582e+03 3.4566004748e-04
1.2813205828e+03 7.0995252543e-04
1.2920392075e+03 1.5235251335e-03
1.3027578322e+03 3.0433340536e-03
1.3134764569e+03 5.8841770445e-03
1.3241950816e+03 1.2457146615e-02
1.3349137063e+03 5.1046313804e-02
1.3456323310e+03 -3.4005165488e-02
1.3563509557e+03 -1.3560494492e-02
1.3670695803e+03 -8.2950486380e-03
1.3777882050e+03 -5.7653212220e-03
1.3885068297e+03 -4.1274777500e-03
1.3992254544e+03 -3.0486166450e-03
1.4099440791e+03 -2.2467296597e-03
1.4206627038e+03 -1.7298330889e-03
1.4313813285e+03 -1.3486270460e-03
1.4420999532e+03 -1.1443721825e-03
1.4528185779e+03 -1.0019166179e-03
1.4635372025e+03 -9.2951830730e-04
1.4742558272e+03 -8.5980131990e-04
1.4849744519e+03 -7.9078192762e-04
1.4956930766e+03 -7.0614486558e-04
1.5064117013e+03 -6.0555120935e-04
1.5171303260e+03 -4.9905741728e-04
1.5278489507e+03 -4.0240088274e-04
1.5385675754e+03 -3.2874911292e-04
1.5492862000e+03 -2.8810494065e-04
1.5600048247e+03 -2.6878763769e-04
1.5707234494e+03 -2.6287747924e-04
1.5814420741e+03 -2.4673507880e-04
1.5921606988e+03 -2.2002334093e-04
1.6028793235e+03 -1.7379255201e-04
1.6135979482e+03 -1.2247730983e-04
1.6243165729e+03 -6.2307360880e-05
1.6350351976e+03 -3.4795643615e-06
1.6457538222e+03 5.6397781693e-05
1.6564724469e+03 1.1026111518e-04
1.6671910716e+03 1.5135922399e-04
1.6779096963e+03 1.7628386042e-04
1.6886283210e+03 1.7452217170e-04
1.6993469457e+03 1.4751328990e-04
1.7100655704e+03 9.0533882062e-05
1.7207841951e+03 1.5153753181e-05
1.7315028197e+03 -7.0911653720e-05
1.7422214444e+03 -1.5406773085e-04
1.7529400691e+03 -2.3305629587e-04
1.7636586938e+03 -3.0009720231e-04
1.7743773185e+03 -3.6165822760e-04
1.7850959432e+03 -4.0703738072e-04
1.7958145679e+03 -4.4350770377e-04
1.8065331926e+03 -4.6376153655e-04
1.8172518173e+03 -4.7428787595e-04
1.8279704419e+03 -4.7704109368e-04
1.8386890666e+03 -4.6522882576e-04
1.8494076913e+03 -4.4486045789e-04
1.8601263160e+03 -3.9979257621e-04
1.8708449407e+03 -3.5059644891e-04
1.8815635654e+03 -2.8707494581e-04
1.8922821901e+03 -2.3684105100e-04
1.9030008148e+03 -1.8618166057e-04
1.9137194394e+03 -1.5387970863e-04
1.9244380641e+03 -1.2085823657e-04
1.9351566888e+03 -1.0011187117e-04
1.9458753135e+03 -7.5886939122e-05
1.9565939382e+03 -5.9929559860e-05
1.9673125629e+03 -4.2148155881e-05
1.9780311876e+03 -3.1296305328e-05
1.9887498123e+03 -2.0697894934e-05
1.9994684369e+03 -1.5055993409e-05
2.0101870616e+03 -1.0032169737e-05
2.0209056863e+03 -7.9976944898e-06
2.0316243110e+03 -6.8453379448e-06
2.0423429357e+03 -6.6359476307e-06
2.0530615604e+03 -7.3251800466e-06
2.0637801851e+03 -5.8614093928e-06
2.0744988098e+03 -6.3710611238e-06
2.0852174345e+03 -3.4430848534e-06
2.0959360591e+03 -4.4281485044e-06
2.1066546838e+03 -1.3470162201e-06
2.1173733085e+03 -1.5677654187e-06
2.1280919332e+03 3.2846950575e-06
2.1388105579e+03 5.8483834223e-06
2.1495291826e+03 1.3207627832e-05
2.1602478073e+03 1.8072971237e-05
2.1709664320e+03 2.7322471456e-05
2.1816850566e+03 3.3757054394e-05
2.1924036813e+03 4.4364003446e-05
2.2031223060e+03 5.1320548654e-05
2.2138409307e+03 6.1486226337e-05
2.2245595554e+03 6.7519451961e-05
2.2352781801e+03 7.6332372101e-05
2.2459968048e+03 8.2928153942e-05
2.2567154295e+03 9.2657712011e-05
2.2674340542e+03 1.0266059086e-04
2.2781526788e+03 1.1420033237e-04
2.2888713035e+03 1.2603810968e-04
2.2995899282e+03 1.3451277172e-04
2.3103085529e+03 1.4141104833e-04
2.3210271776e+03 1.3977707633e-04
2.3317458023e+03 1.3674546570e-04
2.3424644270e+03 1.2377972101e-04
2.3531830517e+03 1.1244841113e-04
2.3639016763e+03 9.3891373533e-05
2.3746203010e+03 8.0910292416e-05
2.3853389257e+03 6.5298685291e-05
2.3960575504e+03 5.6848251109e-05
2.4067761751e+03 4.8371769600e-05
2.4174947998e+03 4.5416191777e-05
2.4282134245e+03 4.3346121733e-05
2.4389320492e+03 4.4476746799e-05
2.4496506739e+03 4.7316882677e-05
2.4603692985e+03 5.1006645656e-05
2.4710879232e+03 5.7117218549e-05
2.4818065479e+03 6.0782769665e-05
2.4925251726e+03 6.6517830180e-05
2.5032437973e+03 6.5476378266e-05
2.5139624220e+03 6.5895173518e-05
2.5246810467e+03 5.8709394882e-05
2.5353996714e+03 5.4711822879e-05
2.5461182960e+03 4.6541714992e-05
2.5568369207e+03 4.2139344351e-05
2.5675555454e+03 3.6102312078e-05
2.5782741701e+03 3.2239551996e-05
2.5889927948e+03 2.7973853729e-05
2.5997114195e+03 2.4143553057e-05
2.6104300442e+03 2.0463174606e-05
2.6211486689e+03 1.5721998828e-05
2.6318672935e+03 1.0646390866e-05
2.6425859182e+03 3.3960188311e-06
2.6533045429e+03 -4.9886029179e-06
2.6640231676e+03 -1.4241877405e-05
2.6747417923e+03 -2.3316421052e-05
2.6854604170e+03 -2.9739094497e-05
2.6961790417e+03 -3.2850541027e-05
2.7068976664e+03 -3.3427308543e-05
2.7176162911e+03 -2.7101080609e-05
2.7283349157e+03 -1.9043117243e-05
2.7390535404e+03 -5.5791500734e-06
2.7497721651e+03 9.6669013312e-05
2.7604907898e+03 7.4917462258e-05
