# Production contribution: P_uv = -\bar{\rho} \widetilde{u'' v''} (\partial \tilde{u} / \partial y)
# Columns: y_plus    P_uv^+
3.9100267708e-01 1.0581799636e-04
1.1669246953e+00 1.8788928019e-03
1.9435303622e+00 8.0861591285e-03
2.7210037404e+00 2.1048960634e-02
3.4995481111e+00 4.1619921452e-02
4.2793829765e+00 6.8677577520e-02
5.0607410474e+00 9.9765115222e-02
5.8438654524e+00 1.3164329138e-01
6.6290073199e+00 1.6145633038e-01
7.4164238012e+00 1.8694219237e-01
8.2063765381e+00 2.0694934721e-01
8.9991305383e+00 2.2103407156e-01
9.7949533913e+00 2.2954163585e-01
1.0594114757e+01 2.3307666087e-01
1.1396886058e+01 2.3255017718e-01
1.2203540314e+01 2.2879132628e-01
1.3014352078e+01 2.2266819706e-01
1.3829597436e+01 2.1484579485e-01
1.4649554046e+01 2.0594565429e-01
1.5474501205e+01 1.9639534939e-01
1.6304719923e+01 1.8658443294e-01
1.7140493017e+01 1.7675454287e-01
1.7982105198e+01 1.6712544820e-01
1.8829843169e+01 1.5780753124e-01
1.9683995721e+01 1.4890505197e-01
2.0544853828e+01 1.4044894595e-01
2.1412710751e+01 1.3247980730e-01
2.2287862134e+01 1.2499286904e-01
2.3170606107e+01 1.1800108167e-01
2.4061243385e+01 1.1148610822e-01
2.4960077373e+01 1.0544346744e-01
2.5867414268e+01 9.9839939643e-02
2.6783563163e+01 9.4650160176e-02
2.7708836155e+01 8.9826416254e-02
2.8643548447e+01 8.5333784987e-02
2.9588018458e+01 8.1129808780e-02
3.0542567932e+01 7.7192987921e-02
3.1507522046e+01 7.3502398361e-02
3.2483209521e+01 7.0054352625e-02
3.3469962736e+01 6.6839508906e-02
3.4468117838e+01 6.3853211675e-02
3.5478014859e+01 6.1079679282e-02
3.6499997830e+01 5.8507965712e-02
3.7534414901e+01 5.6124940688e-02
3.8581618456e+01 5.3926870706e-02
3.9641965236e+01 5.1905541887e-02
4.0715816460e+01 5.0049923769e-02
4.1803537945e+01 4.8335749876e-02
4.2905500235e+01 4.6738536617e-02
4.4022078725e+01 4.5235816676e-02
4.5153653789e+01 4.3815748774e-02
4.6300610910e+01 4.2468335901e-02
4.7463340810e+01 4.1188308991e-02
4.8642239585e+01 3.9970361194e-02
4.9837708839e+01 3.8812856661e-02
5.1050155822e+01 3.7713487516e-02
5.2279993564e+01 3.6672533719e-02
5.3527641025e+01 3.5689390138e-02
5.4793523226e+01 3.4764383080e-02
5.6078071405e+01 3.3892686692e-02
5.7381723156e+01 3.3066071570e-02
5.8704922581e+01 3.2274835257e-02
6.0048120441e+01 3.1515793836e-02
6.1411774312e+01 3.0790619640e-02
6.2796348734e+01 3.0101636107e-02
6.4202315379e+01 2.9444716934e-02
6.5630153203e+01 2.8814905258e-02
6.7080348613e+01 2.8212800429e-02
6.8553395635e+01 2.7644923579e-02
7.0049796075e+01 2.7113725172e-02
7.1570059699e+01 2.6613004536e-02
7.3114704399e+01 2.6128956947e-02
7.4684256376e+01 2.5652351948e-02
7.6279250313e+01 2.5187166852e-02
7.7900229560e+01 2.4745080809e-02
7.9547746322e+01 2.4329778887e-02
8.1222361842e+01 2.3935174737e-02
8.2924646595e+01 2.3552584132e-02
8.4655180482e+01 2.3180089950e-02
8.6414553026e+01 2.2823229995e-02
8.8203363577e+01 2.2483608925e-02
9.0022221510e+01 2.2146727712e-02
9.1871746439e+01 2.1791468789e-02
9.3752568424e+01 2.1411233226e-02
9.5665328185e+01 2.1021190039e-02
9.7610677324e+01 2.0639656835e-02
9.9589278544e+01 2.0273625735e-02
1.0160180588e+02 1.9920414574e-02
1.0364894491e+02 1.9575155044e-02
1.0573139302e+02 1.9237821085e-02
1.0784985962e+02 1.8912048989e-02
1.1000506638e+02 1.8594575861e-02
1.1219774750e+02 1.8281066392e-02
1.1442864993e+02 1.7977759754e-02
1.1669853366e+02 1.7690916907e-02
1.1900817195e+02 1.7415037799e-02
1.2135835159e+02 1.7149041671e-02
1.2374987321e+02 1.6897189425e-02
1.2618355149e+02 1.6656556922e-02
1.2866021550e+02 1.6418588483e-02
1.3118070893e+02 1.6167601774e-02
1.3374589042e+02 1.5893395907e-02
1.3635663383e+02 1.5602855589e-02
1.3901382852e+02 1.5311824578e-02
1.4171837970e+02 1.5040882458e-02
1.4447120871e+02 1.4788511745e-02
1.4727325332e+02 1.4528129766e-02
1.5012546808e+02 1.4247650913e-02
1.5302882462e+02 1.3954845427e-02
1.5598431200e+02 1.3656103644e-02
1.5899293705e+02 1.3361531495e-02
1.6205572468e+02 1.3084066756e-02
1.6517371825e+02 1.2820357884e-02
1.6834797995e+02 1.2554832578e-02
1.7157959112e+02 1.2281366982e-02
1.7486965264e+02 1.2005125787e-02
1.7821928531e+02 1.1735850344e-02
1.8162963021e+02 1.1478422234e-02
1.8510184912e+02 1.1233181401e-02
1.8863712487e+02 1.0994593178e-02
1.9223666179e+02 1.0745784889e-02
1.9590168612e+02 1.0488515519e-02
1.9963344636e+02 1.0232465115e-02
2.0343321380e+02 9.9742470036e-03
2.0730228285e+02 9.7193822283e-03
2.1124197156e+02 9.4748509225e-03
2.1525362201e+02 9.2359841638e-03
2.1933860083e+02 8.9869931663e-03
2.2349829959e+02 8.7193210428e-03
2.2773413535e+02 8.4505600944e-03
2.3204755109e+02 8.1964628746e-03
2.3644001621e+02 7.9411613138e-03
2.4091302705e+02 7.6679234443e-03
2.4546810739e+02 7.3790346703e-03
2.5010680897e+02 7.0884676508e-03
2.5483071201e+02 6.8153591262e-03
2.5964142574e+02 6.5562353560e-03
2.6454058900e+02 6.3054421960e-03
2.6952987074e+02 6.0668348337e-03
2.7461097059e+02 5.8316667414e-03
2.7978561950e+02 5.5892482656e-03
2.8505558025e+02 5.3307442474e-03
2.9042264812e+02 5.0653113204e-03
2.9588865145e+02 4.8038373304e-03
3.0145545230e+02 4.5348515690e-03
3.0712494704e+02 4.2651755026e-03
3.1289906706e+02 4.0064956962e-03
3.1877977936e+02 3.7552205998e-03
3.2476908727e+02 3.5096085739e-03
3.3086903110e+02 3.2755879327e-03
3.3708168886e+02 3.0490137611e-03
3.4340917693e+02 2.8179030311e-03
3.4985365079e+02 2.5885633740e-03
3.5641730571e+02 2.3665522823e-03
3.6310237742e+02 2.1407992966e-03
3.6991114271e+02 1.9117511231e-03
3.7684591986e+02 1.6925802153e-03
3.8390906882e+02 1.4856177813e-03
3.9110299071e+02 1.2871858962e-03
3.9843012636e+02 1.0989417435e-03
4.0589295306e+02 9.2884889480e-04
4.1349397829e+02 7.7683732573e-04
4.2123572889e+02 6.3904697714e-04
4.2912073304e+02 5.1797389168e-04
4.3715149217e+02 4.1074282901e-04
4.4533043852e+02 3.1671742025e-04
4.5365987429e+02 2.3840978754e-04
4.6214188770e+02 1.7482247930e-04
4.7077824235e+02 1.2517147583e-04
4.7957023817e+02 8.7585400461e-05
4.8851854519e+02 5.9807039907e-05
4.9762301594e+02 3.9702276015e-05
5.0688248733e+02 2.5495716248e-05
5.1629458829e+02 1.5946196964e-05
5.2585557360e+02 9.7081381201e-06
5.3556020708e+02 5.7013510075e-06
5.4540171575e+02 3.2244601802e-06
5.5537183282e+02 1.7172969744e-06
5.6546093828e+02 8.8003000230e-07
5.7565829575e+02 4.4514260713e-07
5.8595237151e+02 2.1896893837e-07
5.9633121136e+02 1.0033615207e-07
6.0678284256e+02 4.3567281833e-08
6.1729566514e+02 2.0583702084e-08
6.2785879892e+02 1.0080877795e-08
6.3846235889e+02 4.3448007157e-09
6.4909764242e+02 2.0561470409e-09
6.5975722295e+02 1.2607482527e-09
6.7043495588e+02 6.6143310528e-10
6.8112591136e+02 2.5352784061e-10
6.9182625336e+02 9.8242331120e-11
7.0253308669e+02 7.4878294123e-11
7.1324429176e+02 7.6226787076e-11
7.2395836319e+02 6.3455259356e-11
7.3467426374e+02 5.9552976138e-11
7.4539130004e+02 6.2656983069e-11
7.5610902239e+02 6.5266228394e-11
7.6682714778e+02 6.3970248413e-11
7.7754550345e+02 5.8031269302e-11
7.8826398703e+02 5.3285133467e-11
7.9898253968e+02 5.1076154686e-11
8.0970112858e+02 4.9452808174e-11
8.2041973597e+02 4.7716055390e-11
8.3113835253e+02 4.6345896305e-11
8.4185697350e+02 4.5074113510e-11
8.5257559653e+02 4.3805153537e-11
8.6329422051e+02 4.2334764447e-11
8.7401284489e+02 4.0584753620e-11
8.8473146946e+02 3.8446894246e-11
8.9545009410e+02 3.6212625055e-11
9.0616871877e+02 3.3845216627e-11
9.1688734345e+02 3.1732549331e-11
9.2760596814e+02 2.9862626054e-11
9.3832459282e+02 2.8327180905e-11
9.4904321751e+02 2.7007331627e-11
9.5976184220e+02 2.5773687526e-11
9.7048046689e+02 2.4500998030e-11
9.8119909158e+02 2.3264657055e-11
9.9191771626e+02 2.1985492501e-11
1.0026363410e+03 2.0818417351e-11
1.0133549656e+03 1.9607806036e-11
1.0240735903e+03 1.8484642237e-11
1.0347922150e+03 1.7406715887e-11
1.0455108397e+03 1.6486357459e-11
1.0562294644e+03 1.5678723387e-11
1.0669480891e+03 1.4982422101e-11
1.0776667138e+03 1.4333547628e-11
1.0883853385e+03 1.3766890538e-11
1.0991039631e+03 1.3232060572e-11
1.1098225878e+03 1.2739765505e-11
1.1205412125e+03 1.2217665023e-11
1.1312598372e+03 1.1662624681e-11
1.1419784619e+03 1.1054495845e-11
1.1526970866e+03 1.0422626092e-11
1.1634157113e+03 9.7900700904e-12
1.1741343360e+03 9.1843306325e-12
1.1848529607e+03 8.5958075854e-12
1.1955715853e+03 8.0093533819e-12
1.2062902100e+03 7.3921204872e-12
1.2170088347e+03 6.7407076417e-12
1.2277274594e+03 6.0495642658e-12
1.2384460841e+03 5.3374655147e-12
1.2491647088e+03 4.6176984162e-12
1.2598833335e+03 3.9075293520e-12
1.2706019582e+03 3.2239507520e-12
1.2813205828e+03 2.5744111761e-12
1.2920392075e+03 1.9721796468e-12
1.3027578322e+03 1.4180007032e-12
1.3134764569e+03 9.2387118443e-13
1.3241950816e+03 4.9013211028e-13
1.3349137063e+03 1.2449087601e-13
1.3456323310e+03 -1.8317479193e-13
1.3563509557e+03 -4.3584514275e-13
1.3670695803e+03 -6.5353408888e-13
1.3777882050e+03 -8.4762401206e-13
1.3885068297e+03 -1.0427765046e-12
1.3992254544e+03 -1.2475016356e-12
1.4099440791e+03 -1.4787417802e-12
1.4206627038e+03 -1.7349170236e-12
1.4313813285e+03 -2.0288115103e-12
1.4420999532e+03 -2.3539008966e-12
1.4528185779e+03 -2.7177148200e-12
1.4635372025e+03 -3.1017705332e-12
1.4742558272e+03 -3.5096577574e-12
1.4849744519e+03 -3.9308042992e-12
1.4956930766e+03 -4.3903811249e-12
1.5064117013e+03 -4.8929695899e-12
1.5171303260e+03 -5.4543377140e-12
1.5278489507e+03 -6.0389453411e-12
1.5385675754e+03 -6.6115924298e-12
1.5492862000e+03 -7.1026820497e-12
1.5600048247e+03 -7.4904095856e-12
1.5707234494e+03 -7.7515081592e-12
1.5814420741e+03 -7.9223928766e-12
1.5921606988e+03 -8.0035835649e-12
1.6028793235e+03 -8.0329466972e-12
1.6135979482e+03 -7.9914659735e-12
1.6243165729e+03 -7.9235117301e-12
1.6350351976e+03 -7.8204612358e-12
1.6457538222e+03 -7.7582479294e-12
1.6564724469e+03 -7.7284464259e-12
1.6671910716e+03 -7.7992587652e-12
1.6779096963e+03 -7.9188350190e-12
1.6886283210e+03 -8.1198538775e-12
1.6993469457e+03 -8.3317171842e-12
1.7100655704e+03 -8.5875541284e-12
1.7207841951e+03 -8.8451157553e-12
1.7315028197e+03 -9.1285144824e-12
1.7422214444e+03 -9.4019436523e-12
1.7529400691e+03 -9.6433592677e-12
1.7636586938e+03 -9.8242207979e-12
1.7743773185e+03 -9.9166876381e-12
1.7850959432e+03 -9.9624660782e-12
1.7958145679e+03 -9.9841331591e-12
1.8065331926e+03 -1.0082891961e-11
1.8172518173e+03 -1.0291691798e-11
1.8279704419e+03 -1.0708169130e-11
1.8386890666e+03 -1.1363805593e-11
1.8494076913e+03 -1.2342333671e-11
1.8601263160e+03 -1.3658777709e-11
1.8708449407e+03 -1.5318680634e-11
1.8815635654e+03 -1.7221313828e-11
1.8922821901e+03 -1.9213569534e-11
1.9030008148e+03 -2.1064643399e-11
1.9137194394e+03 -2.2577066144e-11
1.9244380641e+03 -2.3594340123e-11
1.9351566888e+03 -2.4102676445e-11
1.9458753135e+03 -2.4170334518e-11
1.9565939382e+03 -2.3931572289e-11
1.9673125629e+03 -2.3519219201e-11
1.9780311876e+03 -2.2967838627e-11
1.9887498123e+03 -2.2361635137e-11
1.9994684369e+03 -2.1629320400e-11
2.0101870616e+03 -2.0934761030e-11
2.0209056863e+03 -2.0198745467e-11
2.0316243110e+03 -1.9713385671e-11
2.0423429357e+03 -1.9398754558e-11
2.0530615604e+03 -1.9643132001e-11
2.0637801851e+03 -2.0332421023e-11
2.0744988098e+03 -2.1782093536e-11
2.0852174345e+03 -2.3688313588e-11
2.0959360591e+03 -2.6124401028e-11
2.1066546838e+03 -2.8655789092e-11
2.1173733085e+03 -3.1269320509e-11
2.1280919332e+03 -3.3695557643e-11
2.1388105579e+03 -3.6036407708e-11
2.1495291826e+03 -3.8247418540e-11
2.1602478073e+03 -4.0372956248e-11
2.1709664320e+03 -4.2333220303e-11
2.1816850566e+03 -4.3974992089e-11
2.1924036813e+03 -4.5268227683e-11
2.2031223060e+03 -4.6122597689e-11
2.2138409307e+03 -4.6691932096e-11
2.2245595554e+03 -4.6939985679e-11
2.2352781801e+03 -4.6993211269e-11
2.2459968048e+03 -4.6796996267e-11
2.2567154295e+03 -4.6445410807e-11
2.2674340542e+03 -4.6008122185e-11
2.2781526788e+03 -4.5563689267e-11
2.2888713035e+03 -4.5223643851e-11
2.2995899282e+03 -4.4941563920e-11
2.3103085529e+03 -4.4823784476e-11
2.3210271776e+03 -4.4792349450e-11
2.3317458023e+03 -4.4992530950e-11
2.3424644270e+03 -4.5311082956e-11
2.3531830517e+03 -4.5870191619e-11
2.3639016763e+03 -4.6462518573e-11
2.3746203010e+03 -4.7186043336e-11
2.3853389257e+03 -4.7713846502e-11
2.3960575504e+03 -4.8175417669e-11
2.4067761751e+03 -4.8237480560e-11
2.4174947998e+03 -4.8262981349e-11
2.4282134245e+03 -4.8039878093e-11
2.4389320492e+03 -4.8106351084e-11
2.4496506739e+03 -4.8161259885e-11
2.4603692985e+03 -4.8700376633e-11
2.4710879232e+03 -4.9267486907e-11
2.4818065479e+03 -5.0424271509e-11
2.4925251726e+03 -5.1761218434e-11
2.5032437973e+03 -5.4009617692e-11
2.5139624220e+03 -5.6750172305e-11
2.5246810467e+03 -6.0471614683e-11
2.5353996714e+03 -6.4401003689e-11
2.5461182960e+03 -6.8460689291e-11
2.5568369207e+03 -7.1930488870e-11
2.5675555454e+03 -7.4502165441e-11
2.5782741701e+03 -7.6171501113e-11
2.5889927948e+03 -7.6328066304e-11
2.5997114195e+03 -7.5837114948e-11
2.6104300442e+03 -7.3590466756e-11
2.6211486689e+03 -7.1594858533e-11
2.6318672935e+03 -6.8165603695e-11
2.6425859182e+03 -6.6462425478e-11
2.6533045429e+03 -6.3626484696e-11
2.6640231676e+03 -6.3808611806e-11
2.6747417923e+03 -6.2360096858e-11
2.6854604170e+03 -6.4733888577e-11
2.6961790417e+03 -6.4184712631e-11
2.7068976664e+03 -6.7527184533e-11
2.7176162911e+03 -6.6006715367e-11
2.7283349157e+03 -6.6326061137e-11
2.7390535404e+03 -6.7806960663e-11
2.7497721651e+03 -3.7215526813e-11
2.7604907898e+03 -2.8852799685e-11
