# Turbulent kinetic energy budget term: ST (density-dependent contributions)
# Definition: ST = -\bar{\rho} \tilde{k} (\partial \tilde{u}_k / \partial x_k) + ... (see manuscript)
# Columns: y_plus    ST^+
3.9100267708e-01 7.9385168488e-07
1.1669246953e+00 6.4629028318e-06
1.9435303622e+00 3.2908370564e-05
2.7210037404e+00 9.0400223892e-05
3.4995481111e+00 2.2744023318e-04
4.2793829765e+00 4.7509773315e-04
5.0607410474e+00 8.3263282028e-04
5.8438654524e+00 1.2733225550e-03
6.6290073199e+00 1.7384720590e-03
7.4164238012e+00 2.1766179008e-03
8.2063765381e+00 2.5388732113e-03
8.9991305383e+00 2.8052736614e-03
9.7949533913e+00 2.9668954323e-03
1.0594114757e+01 3.0347095418e-03
1.1396886058e+01 3.0219563628e-03
1.2203540314e+01 2.9473679234e-03
1.3014352078e+01 2.8273411246e-03
1.3829597436e+01 2.6769841947e-03
1.4649554046e+01 2.5093602220e-03
1.5474501205e+01 2.3335777376e-03
1.6304719923e+01 2.1582174526e-03
1.7140493017e+01 1.9872411693e-03
1.7982105198e+01 1.8256357325e-03
1.8829843169e+01 1.6739681378e-03
1.9683995721e+01 1.5347754396e-03
2.0544853828e+01 1.4062906779e-03
2.1412710751e+01 1.2891451100e-03
2.2287862134e+01 1.1805968233e-03
2.3170606107e+01 1.0812992091e-03
2.4061243385e+01 9.8938877261e-04
2.4960077373e+01 9.0609182675e-04
2.5867414268e+01 8.2998636332e-04
2.6783563163e+01 7.6202253769e-04
2.7708836155e+01 7.0050625066e-04
2.8643548447e+01 6.4570003428e-04
2.9588018458e+01 5.9558772259e-04
3.0542567932e+01 5.5004829219e-04
3.1507522046e+01 5.0741811864e-04
3.2483209521e+01 4.6812593491e-04
3.3469962736e+01 4.3150636353e-04
3.4468117838e+01 3.9845460306e-04
3.5478014859e+01 3.6831857230e-04
3.6499997830e+01 3.4114109795e-04
3.7534414901e+01 3.1562738844e-04
3.8581618456e+01 2.9177078636e-04
3.9641965236e+01 2.6918419939e-04
4.0715816460e+01 2.4859993305e-04
4.1803537945e+01 2.2990398630e-04
4.2905500235e+01 2.1353943346e-04
4.4022078725e+01 1.9923840615e-04
4.5153653789e+01 1.8710287690e-04
4.6300610910e+01 1.7624148172e-04
4.7463340810e+01 1.6555868030e-04
4.8642239585e+01 1.5362712225e-04
4.9837708839e+01 1.4012889595e-04
5.1050155822e+01 1.2554286503e-04
5.2279993564e+01 1.1096398262e-04
5.3527641025e+01 9.7261208987e-05
5.4793523226e+01 8.5002780427e-05
5.6078071405e+01 7.4415090766e-05
5.7381723156e+01 6.5856712760e-05
5.8704922581e+01 5.9755272708e-05
6.0048120441e+01 5.5759987270e-05
6.1411774312e+01 5.2419678910e-05
6.2796348734e+01 4.8021550936e-05
6.4202315379e+01 4.1350552686e-05
6.5630153203e+01 3.2332420305e-05
6.7080348613e+01 2.1844884936e-05
6.8553395635e+01 1.1358980983e-05
7.0049796075e+01 1.8932699584e-06
7.1570059699e+01 -6.1707442356e-06
7.3114704399e+01 -1.2723932881e-05
7.4684256376e+01 -1.7471220865e-05
7.6279250313e+01 -2.0598208908e-05
7.7900229560e+01 -2.3031496747e-05
7.9547746322e+01 -2.4775083740e-05
8.1222361842e+01 -2.5235567731e-05
8.2924646595e+01 -2.3688766971e-05
8.4655180482e+01 -2.1849022123e-05
8.6414553026e+01 -2.1578838843e-05
8.8203363577e+01 -2.3514897219e-05
9.0022221510e+01 -2.7153738728e-05
9.1871746439e+01 -3.1779799889e-05
9.3752568424e+01 -3.7080934457e-05
9.5665328185e+01 -4.1615683462e-05
9.7610677324e+01 -4.4365448851e-05
9.9589278544e+01 -4.4959119140e-05
1.0160180588e+02 -4.4290889094e-05
1.0364894491e+02 -4.3592420906e-05
1.0573139302e+02 -4.3433925706e-05
1.0784985962e+02 -4.4116034772e-05
1.1000506638e+02 -4.5471744470e-05
1.1219774750e+02 -4.7205478067e-05
1.1442864993e+02 -4.9235875096e-05
1.1669853366e+02 -5.2440087712e-05
1.1900817195e+02 -5.7229635565e-05
1.2135835159e+02 -6.4071931273e-05
1.2374987321e+02 -7.1812442177e-05
1.2618355149e+02 -7.6848347880e-05
1.2866021550e+02 -7.7623591304e-05
1.3118070893e+02 -7.5386520340e-05
1.3374589042e+02 -7.2006069217e-05
1.3635663383e+02 -6.9582246569e-05
1.3901382852e+02 -6.9371940139e-05
1.4171837970e+02 -7.1236825890e-05
1.4447120871e+02 -7.2681001195e-05
1.4727325332e+02 -7.3559591554e-05
1.5012546808e+02 -7.6309399556e-05
1.5302882462e+02 -8.0278754589e-05
1.5598431200e+02 -8.1848248713e-05
1.5899293705e+02 -7.9783112483e-05
1.6205572468e+02 -7.6475859560e-05
1.6517371825e+02 -7.5344473198e-05
1.6834797995e+02 -7.7864942062e-05
1.7157959112e+02 -8.0073323238e-05
1.7486965264e+02 -8.0236891502e-05
1.7821928531e+02 -7.9954258015e-05
1.8162963021e+02 -7.9859731404e-05
1.8510184912e+02 -7.9730004016e-05
1.8863712487e+02 -7.9807645604e-05
1.9223666179e+02 -8.1023360956e-05
1.9590168612e+02 -8.0769659638e-05
1.9963344636e+02 -7.7327070847e-05
2.0343321380e+02 -7.4753812472e-05
2.0730228285e+02 -7.5223616089e-05
2.1124197156e+02 -7.6546370613e-05
2.1525362201e+02 -7.7935235764e-05
2.1933860083e+02 -7.8717467470e-05
2.2349829959e+02 -7.8415956686e-05
2.2773413535e+02 -7.7344556288e-05
2.3204755109e+02 -7.5465626088e-05
2.3644001621e+02 -7.5694187109e-05
2.4091302705e+02 -7.9327892636e-05
2.4546810739e+02 -8.1262847301e-05
2.5010680897e+02 -8.0711674950e-05
2.5483071201e+02 -7.9819242194e-05
2.5964142574e+02 -7.7933731151e-05
2.6454058900e+02 -7.5144751337e-05
2.6952987074e+02 -7.1862557596e-05
2.7461097059e+02 -6.9718386605e-05
2.7978561950e+02 -6.9193415045e-05
2.8505558025e+02 -6.8761656732e-05
2.9042264812e+02 -6.7014050730e-05
2.9588865145e+02 -6.3490009361e-05
3.0145545230e+02 -5.9586302779e-05
3.0712494704e+02 -5.5830500212e-05
3.1289906706e+02 -5.3345254222e-05
3.1877977936e+02 -5.2111924800e-05
3.2476908727e+02 -5.0584794354e-05
3.3086903110e+02 -4.8664467477e-05
3.3708168886e+02 -4.5454502947e-05
3.4340917693e+02 -4.2792306860e-05
3.4985365079e+02 -4.0410604822e-05
3.5641730571e+02 -3.7931290166e-05
3.6310237742e+02 -3.5713529231e-05
3.6991114271e+02 -3.3036087866e-05
3.7684591986e+02 -2.9819086836e-05
3.8390906882e+02 -2.6732498105e-05
3.9110299071e+02 -2.4543013773e-05
3.9843012636e+02 -2.2455354842e-05
4.0589295306e+02 -2.0089696160e-05
4.1349397829e+02 -1.7536256759e-05
4.2123572889e+02 -1.5412417059e-05
4.2912073304e+02 -1.3099134154e-05
4.3715149217e+02 -1.0870029145e-05
4.4533043852e+02 -9.0027847846e-06
4.5365987429e+02 -7.2515143682e-06
4.6214188770e+02 -5.6572626930e-06
4.7077824235e+02 -4.2977340965e-06
4.7957023817e+02 -3.1184919092e-06
4.8851854519e+02 -2.1399719250e-06
4.9762301594e+02 -1.3724682793e-06
5.0688248733e+02 -8.3118597202e-07
5.1629458829e+02 -4.4148692822e-07
5.2585557360e+02 -1.8689028273e-07
5.3556020708e+02 2.5198492594e-09
5.4540171575e+02 1.0880176742e-07
5.5537183282e+02 1.5989683699e-07
5.6546093828e+02 1.8955840080e-07
5.7565829575e+02 1.9864802187e-07
5.8595237151e+02 1.9080356563e-07
5.9633121136e+02 1.7844774520e-07
6.0678284256e+02 1.6465928574e-07
6.1729566514e+02 1.5045965406e-07
6.2785879892e+02 1.3666218601e-07
6.3846235889e+02 1.2412591061e-07
6.4909764242e+02 1.1164823405e-07
6.5975722295e+02 1.0008119452e-07
6.7043495588e+02 8.9453882384e-08
6.8112591136e+02 8.0634971479e-08
6.9182625336e+02 7.3131335079e-08
7.0253308669e+02 6.6148759614e-08
7.1324429176e+02 5.9869697160e-08
7.2395836319e+02 5.4264983377e-08
7.3467426374e+02 4.9142976245e-08
7.4539130004e+02 4.4627813197e-08
7.5610902239e+02 4.0690413051e-08
7.6682714778e+02 3.7288860991e-08
7.7754550345e+02 3.4311125323e-08
7.8826398703e+02 3.1651904986e-08
7.9898253968e+02 2.9306190778e-08
8.0970112858e+02 2.7263082564e-08
8.2041973597e+02 2.5465749144e-08
8.3113835253e+02 2.3876570908e-08
8.4185697350e+02 2.2434367247e-08
8.5257559653e+02 2.1115574895e-08
8.6329422051e+02 1.9915794297e-08
8.7401284489e+02 1.8844465099e-08
8.8473146946e+02 1.7890874420e-08
8.9545009410e+02 1.7071887103e-08
9.0616871877e+02 1.6345914677e-08
9.1688734345e+02 1.5713959299e-08
9.2760596814e+02 1.5141551361e-08
9.3832459282e+02 1.4604214512e-08
9.4904321751e+02 1.4093219462e-08
9.5976184220e+02 1.3588716036e-08
9.7048046689e+02 1.3102666465e-08
9.8119909158e+02 1.2624441457e-08
9.9191771626e+02 1.2158177182e-08
1.0026363410e+03 1.1702199583e-08
1.0133549656e+03 1.1266521097e-08
1.0240735903e+03 1.0851552595e-08
1.0347922150e+03 1.0468932799e-08
1.0455108397e+03 1.0107643426e-08
1.0562294644e+03 9.7714471096e-09
1.0669480891e+03 9.4444879559e-09
1.0776667138e+03 9.1359513159e-09
1.0883853385e+03 8.8530139341e-09
1.0991039631e+03 8.6115467085e-09
1.1098225878e+03 8.4124024863e-09
1.1205412125e+03 8.2519143327e-09
1.1312598372e+03 8.1154613848e-09
1.1419784619e+03 8.0000149767e-09
1.1526970866e+03 7.8918948150e-09
1.1634157113e+03 7.7911456335e-09
1.1741343360e+03 7.6848027783e-09
1.1848529607e+03 7.5778555110e-09
1.1955715853e+03 7.4699461033e-09
1.2062902100e+03 7.3725709271e-09
1.2170088347e+03 7.2897465642e-09
1.2277274594e+03 7.2246138316e-09
1.2384460841e+03 7.1741081050e-09
1.2491647088e+03 7.1335777796e-09
1.2598833335e+03 7.0970508090e-09
1.2706019582e+03 7.0619291897e-09
1.2813205828e+03 7.0251396360e-09
1.2920392075e+03 6.9897148037e-09
1.3027578322e+03 6.9576224630e-09
1.3134764569e+03 6.9338211582e-09
1.3241950816e+03 6.9202551049e-09
1.3349137063e+03 6.9163542322e-09
1.3456323310e+03 6.9206093225e-09
1.3563509557e+03 6.9284823288e-09
1.3670695803e+03 6.9399703290e-09
1.3777882050e+03 6.9514976523e-09
1.3885068297e+03 6.9631560486e-09
1.3992254544e+03 6.9649247793e-09
1.4099440791e+03 6.9518844934e-09
1.4206627038e+03 6.9173583178e-09
1.4313813285e+03 6.8693787020e-09
1.4420999532e+03 6.8149802930e-09
1.4528185779e+03 6.7670453642e-09
1.4635372025e+03 6.7266963228e-09
1.4742558272e+03 6.6993069663e-09
1.4849744519e+03 6.6775469230e-09
1.4956930766e+03 6.6641932343e-09
1.5064117013e+03 6.6486205526e-09
1.5171303260e+03 6.6343606486e-09
1.5278489507e+03 6.6136550596e-09
1.5385675754e+03 6.5956934683e-09
1.5492862000e+03 6.5790929711e-09
1.5600048247e+03 6.5751776718e-09
1.5707234494e+03 6.5807095220e-09
1.5814420741e+03 6.5991582724e-09
1.5921606988e+03 6.6203283754e-09
1.6028793235e+03 6.6420802998e-09
1.6135979482e+03 6.6563910092e-09
1.6243165729e+03 6.6635154992e-09
1.6350351976e+03 6.6606665865e-09
1.6457538222e+03 6.6504486695e-09
1.6564724469e+03 6.6348303809e-09
1.6671910716e+03 6.6181725207e-09
1.6779096963e+03 6.6027568758e-09
1.6886283210e+03 6.5903688802e-09
1.6993469457e+03 6.5829121402e-09
1.7100655704e+03 6.5832088250e-09
1.7207841951e+03 6.5943674876e-09
1.7315028197e+03 6.6187489142e-09
1.7422214444e+03 6.6551422559e-09
1.7529400691e+03 6.7009054288e-09
1.7636586938e+03 6.7479354137e-09
1.7743773185e+03 6.7915861416e-09
1.7850959432e+03 6.8256987233e-09
1.7958145679e+03 6.8529050131e-09
1.8065331926e+03 6.8743159742e-09
1.8172518173e+03 6.8958654692e-09
1.8279704419e+03 6.9176043591e-09
1.8386890666e+03 6.9421453385e-09
1.8494076913e+03 6.9679659750e-09
1.8601263160e+03 6.9985566312e-09
1.8708449407e+03 7.0321174889e-09
1.8815635654e+03 7.0727866484e-09
1.8922821901e+03 7.1176329956e-09
1.9030008148e+03 7.1713793651e-09
1.9137194394e+03 7.2272155228e-09
1.9244380641e+03 7.2835334246e-09
1.9351566888e+03 7.3282426233e-09
1.9458753135e+03 7.3601180328e-09
1.9565939382e+03 7.3769917604e-09
1.9673125629e+03 7.3875332247e-09
1.9780311876e+03 7.3981550009e-09
1.9887498123e+03 7.4147548205e-09
1.9994684369e+03 7.4384835491e-09
2.0101870616e+03 7.4654457749e-09
2.0209056863e+03 7.4927771170e-09
2.0316243110e+03 7.5117415455e-09
2.0423429357e+03 7.5184440736e-09
2.0530615604e+03 7.5031525696e-09
2.0637801851e+03 7.4674610782e-09
2.0744988098e+03 7.4101592300e-09
2.0852174345e+03 7.3415186882e-09
2.0959360591e+03 7.2628468189e-09
2.1066546838e+03 7.1828417305e-09
2.1173733085e+03 7.0996983481e-09
2.1280919332e+03 7.0244676971e-09
2.1388105579e+03 6.9568402181e-09
2.1495291826e+03 6.9100266514e-09
2.1602478073e+03 6.8767638753e-09
2.1709664320e+03 6.8640350650e-09
2.1816850566e+03 6.8567836626e-09
2.1924036813e+03 6.8618177255e-09
2.2031223060e+03 6.8664964577e-09
2.2138409307e+03 6.8824043354e-09
2.2245595554e+03 6.9010496860e-09
2.2352781801e+03 6.9338725946e-09
2.2459968048e+03 6.9716165598e-09
2.2567154295e+03 7.0203465917e-09
2.2674340542e+03 7.0701993389e-09
2.2781526788e+03 7.1254396733e-09
2.2888713035e+03 7.1811734410e-09
2.2995899282e+03 7.2437966742e-09
2.3103085529e+03 7.3144861848e-09
2.3210271776e+03 7.3972682327e-09
2.3317458023e+03 7.4933042831e-09
2.3424644270e+03 7.5972525648e-09
2.3531830517e+03 7.7123547094e-09
2.3639016763e+03 7.8278976279e-09
2.3746203010e+03 7.9542295676e-09
2.3853389257e+03 8.0729470683e-09
2.3960575504e+03 8.1979123215e-09
2.4067761751e+03 8.3030721720e-09
2.4174947998e+03 8.4087375699e-09
2.4282134245e+03 8.4872570776e-09
2.4389320492e+03 8.5667848545e-09
2.4496506739e+03 8.6218189510e-09
2.4603692985e+03 8.6880496013e-09
2.4710879232e+03 8.7421884472e-09
2.4818065479e+03 8.8173499054e-09
2.4925251726e+03 8.8830551673e-09
2.5032437973e+03 8.9623261543e-09
2.5139624220e+03 9.0268533842e-09
2.5246810467e+03 9.1030458243e-09
2.5353996714e+03 9.1784689115e-09
2.5461182960e+03 9.2791772293e-09
2.5568369207e+03 9.3977484940e-09
2.5675555454e+03 9.5465699614e-09
2.5782741701e+03 9.7244358889e-09
2.5889927948e+03 9.9369245223e-09
2.5997114195e+03 1.0198843624e-08
2.6104300442e+03 1.0503073013e-08
2.6211486689e+03 1.0873483279e-08
2.6318672935e+03 1.1278652219e-08
2.6425859182e+03 1.1754214957e-08
2.6533045429e+03 1.2245743129e-08
2.6640231676e+03 1.2804294037e-08
2.6747417923e+03 1.3353372643e-08
2.6854604170e+03 1.3951982582e-08
2.6961790417e+03 1.4506750409e-08
2.7068976664e+03 1.5069516189e-08
2.7176162911e+03 1.5553033114e-08
2.7283349157e+03 1.5987619747e-08
2.7390535404e+03 1.5995024355e-08
2.7497721651e+03 1.6745098512e-08
2.7604907898e+03 1.6279457937e-08
