# Turbulent kinetic energy budget term: P (production)
# Definition: P = -\bar{\rho} \widetilde{u_i'' u_j''} (\partial \tilde{u}_i / \partial x_j)
# Columns: y_plus    P^+
3.9100267708e-01 1.1480077967e-04
1.1669246953e+00 2.0478084654e-03
1.9435303622e+00 8.8168992336e-03
2.7210037404e+00 2.2946432705e-02
3.4995481111e+00 4.5359491913e-02
4.2793829765e+00 7.4830630594e-02
5.0607410474e+00 1.0868374155e-01
5.8438654524e+00 1.4339650378e-01
6.6290073199e+00 1.7586477508e-01
7.4164238012e+00 2.0362713596e-01
8.2063765381e+00 2.2542809269e-01
8.9991305383e+00 2.4078448829e-01
9.7949533913e+00 2.5007241468e-01
1.0594114757e+01 2.5394803499e-01
1.1396886058e+01 2.5339831354e-01
1.2203540314e+01 2.4932230980e-01
1.3014352078e+01 2.4266341420e-01
1.3829597436e+01 2.3414429446e-01
1.4649554046e+01 2.2443861535e-01
1.5474501205e+01 2.1400870222e-01
1.6304719923e+01 2.0327771604e-01
1.7140493017e+01 1.9251094752e-01
1.7982105198e+01 1.8195094781e-01
1.8829843169e+01 1.7171910872e-01
1.9683995721e+01 1.6192743181e-01
2.0544853828e+01 1.5260805253e-01
2.1412710751e+01 1.4380827590e-01
2.2287862134e+01 1.3553275613e-01
2.3170606107e+01 1.2781022925e-01
2.4061243385e+01 1.2063390407e-01
2.4960077373e+01 1.1400443079e-01
2.5867414268e+01 1.0787938771e-01
2.6783563163e+01 1.0221454353e-01
2.7708836155e+01 9.6936868359e-02
2.8643548447e+01 9.1992081522e-02
2.9588018458e+01 8.7329280628e-02
3.0542567932e+01 8.2933771823e-02
3.1507522046e+01 7.8799864214e-02
3.2483209521e+01 7.4941590265e-02
3.3469962736e+01 7.1360822201e-02
3.4468117838e+01 6.8056748760e-02
3.5478014859e+01 6.5010718137e-02
3.6499997830e+01 6.2208143775e-02
3.7534414901e+01 5.9632541194e-02
3.8581618456e+01 5.7277660577e-02
3.9641965236e+01 5.5130055041e-02
4.0715816460e+01 5.3170982886e-02
4.1803537945e+01 5.1367336097e-02
4.2905500235e+01 4.9689805236e-02
4.4022078725e+01 4.8115606661e-02
4.5153653789e+01 4.6635222834e-02
4.6300610910e+01 4.5238993348e-02
4.7463340810e+01 4.3919057928e-02
4.8642239585e+01 4.2664937524e-02
4.9837708839e+01 4.1470342194e-02
5.1050155822e+01 4.0329903911e-02
5.2279993564e+01 3.9242661897e-02
5.3527641025e+01 3.8207785105e-02
5.4793523226e+01 3.7225975315e-02
5.6078071405e+01 3.6291318109e-02
5.7381723156e+01 3.5393780401e-02
5.8704922581e+01 3.4523700138e-02
6.0048120441e+01 3.3681160159e-02
6.1411774312e+01 3.2871736053e-02
6.2796348734e+01 3.2100146125e-02
6.4202315379e+01 3.1363007155e-02
6.5630153203e+01 3.0655885946e-02
6.7080348613e+01 2.9980409910e-02
6.8553395635e+01 2.9344067636e-02
7.0049796075e+01 2.8747648370e-02
7.1570059699e+01 2.8181008494e-02
7.3114704399e+01 2.7626618332e-02
7.4684256376e+01 2.7074662573e-02
7.6279250313e+01 2.6531116372e-02
7.7900229560e+01 2.6011234882e-02
7.9547746322e+01 2.5524334315e-02
8.1222361842e+01 2.5068040052e-02
8.2924646595e+01 2.4631465679e-02
8.4655180482e+01 2.4209570852e-02
8.6414553026e+01 2.3810045152e-02
8.8203363577e+01 2.3438408772e-02
9.0022221510e+01 2.3080546692e-02
9.1871746439e+01 2.2711664511e-02
9.3752568424e+01 2.2319126113e-02
9.5665328185e+01 2.1915261617e-02
9.7610677324e+01 2.1518106527e-02
9.9589278544e+01 2.1133402542e-02
1.0160180588e+02 2.0758065144e-02
1.0364894491e+02 2.0388809570e-02
1.0573139302e+02 2.0027922966e-02
1.0784985962e+02 1.9682857790e-02
1.1000506638e+02 1.9353199563e-02
1.1219774750e+02 1.9031399905e-02
1.1442864993e+02 1.8720551825e-02
1.1669853366e+02 1.8430521472e-02
1.1900817195e+02 1.8157787260e-02
1.2135835159e+02 1.7895820154e-02
1.2374987321e+02 1.7644116316e-02
1.2618355149e+02 1.7399876794e-02
1.2866021550e+02 1.7153804668e-02
1.3118070893e+02 1.6889128802e-02
1.3374589042e+02 1.6596734716e-02
1.3635663383e+02 1.6280336400e-02
1.3901382852e+02 1.5950388972e-02
1.4171837970e+02 1.5634084521e-02
1.4447120871e+02 1.5345471726e-02
1.4727325332e+02 1.5061084499e-02
1.5012546808e+02 1.4757893205e-02
1.5302882462e+02 1.4438183852e-02
1.5598431200e+02 1.4116184546e-02
1.5899293705e+02 1.3805469475e-02
1.6205572468e+02 1.3507149552e-02
1.6517371825e+02 1.3212756094e-02
1.6834797995e+02 1.2918900908e-02
1.7157959112e+02 1.2629281462e-02
1.7486965264e+02 1.2345464526e-02
1.7821928531e+02 1.2068437711e-02
1.8162963021e+02 1.1795464731e-02
1.8510184912e+02 1.1529068745e-02
1.8863712487e+02 1.1262789627e-02
1.9223666179e+02 1.0976314195e-02
1.9590168612e+02 1.0688804661e-02
1.9963344636e+02 1.0427061986e-02
2.0343321380e+02 1.0175471592e-02
2.0730228285e+02 9.9242645657e-03
2.1124197156e+02 9.6809574091e-03
2.1525362201e+02 9.4442612499e-03
2.1933860083e+02 9.2008723971e-03
2.2349829959e+02 8.9396928256e-03
2.2773413535e+02 8.6743130394e-03
2.3204755109e+02 8.4182022159e-03
2.3644001621e+02 8.1437451783e-03
2.4091302705e+02 7.8373497942e-03
2.4546810739e+02 7.5249273587e-03
2.5010680897e+02 7.2321986240e-03
2.5483071201e+02 6.9642564567e-03
2.5964142574e+02 6.7054411684e-03
2.6454058900e+02 6.4542085698e-03
2.6952987074e+02 6.2135408484e-03
2.7461097059e+02 5.9684583184e-03
2.7978561950e+02 5.7067535319e-03
2.8505558025e+02 5.4310980472e-03
2.9042264812e+02 5.1583787934e-03
2.9588865145e+02 4.8972343893e-03
3.0145545230e+02 4.6306506389e-03
3.0712494704e+02 4.3619852715e-03
3.1289906706e+02 4.1032565463e-03
3.1877977936e+02 3.8525828097e-03
3.2476908727e+02 3.6014844888e-03
3.3086903110e+02 3.3551521309e-03
3.3708168886e+02 3.1165212468e-03
3.4340917693e+02 2.8728641057e-03
3.4985365079e+02 2.6301545012e-03
3.5641730571e+02 2.3997750332e-03
3.6310237742e+02 2.1668206991e-03
3.6991114271e+02 1.9315313694e-03
3.7684591986e+02 1.7087958132e-03
3.8390906882e+02 1.4994111594e-03
3.9110299071e+02 1.2990384280e-03
3.9843012636e+02 1.1120063174e-03
4.0589295306e+02 9.4426612177e-04
4.1349397829e+02 7.9225439034e-04
4.2123572889e+02 6.5226025210e-04
4.2912073304e+02 5.2862293165e-04
4.3715149217e+02 4.1817096331e-04
4.4533043852e+02 3.2108539492e-04
4.5365987429e+02 2.4061639695e-04
4.6214188770e+02 1.7561790610e-04
4.7077824235e+02 1.2498950327e-04
4.7957023817e+02 8.7039417375e-05
4.8851854519e+02 5.9223264520e-05
4.9762301594e+02 3.9261495877e-05
5.0688248733e+02 2.5342035018e-05
5.1629458829e+02 1.5958043327e-05
5.2585557360e+02 9.7173817879e-06
5.3556020708e+02 5.7470257250e-06
5.4540171575e+02 3.3056777540e-06
5.5537183282e+02 1.8006089262e-06
5.6546093828e+02 9.6630173528e-07
5.7565829575e+02 5.3885458396e-07
5.8595237151e+02 3.0944620244e-07
5.9633121136e+02 1.8961912024e-07
6.0678284256e+02 1.4818312543e-07
6.1729566514e+02 1.3622783484e-07
6.2785879892e+02 1.2010141477e-07
6.3846235889e+02 1.0432410128e-07
6.4909764242e+02 9.1340383017e-08
6.5975722295e+02 8.4003425594e-08
6.7043495588e+02 8.0501833149e-08
6.8112591136e+02 7.4510881081e-08
6.9182625336e+02 6.6914542674e-08
7.0253308669e+02 6.1370795466e-08
7.1324429176e+02 5.7018501709e-08
7.2395836319e+02 5.3216050536e-08
7.3467426374e+02 4.9759774855e-08
7.4539130004e+02 4.6723980524e-08
7.5610902239e+02 4.4041551102e-08
7.6682714778e+02 4.1563350172e-08
7.7754550345e+02 3.9474554887e-08
7.8826398703e+02 3.7662704792e-08
7.9898253968e+02 3.6051932835e-08
8.0970112858e+02 3.4642874104e-08
8.2041973597e+02 3.3388400810e-08
8.3113835253e+02 3.2274565951e-08
8.4185697350e+02 3.1253895489e-08
8.5257559653e+02 3.0319930009e-08
8.6329422051e+02 2.9468571674e-08
8.7401284489e+02 2.8713864181e-08
8.8473146946e+02 2.8045609072e-08
8.9545009410e+02 2.7480730986e-08
9.0616871877e+02 2.6985496452e-08
9.1688734345e+02 2.6563811448e-08
9.2760596814e+02 2.6188195864e-08
9.3832459282e+02 2.5844226040e-08
9.4904321751e+02 2.5525766182e-08
9.5976184220e+02 2.5222510776e-08
9.7048046689e+02 2.4942407757e-08
9.8119909158e+02 2.4677436106e-08
9.9191771626e+02 2.4424737511e-08
1.0026363410e+03 2.4178971554e-08
1.0133549656e+03 2.3941398100e-08
1.0240735903e+03 2.3710616659e-08
1.0347922150e+03 2.3493895956e-08
1.0455108397e+03 2.3286300368e-08
1.0562294644e+03 2.3093212190e-08
1.0669480891e+03 2.2907426642e-08
1.0776667138e+03 2.2737084710e-08
1.0883853385e+03 2.2588249952e-08
1.0991039631e+03 2.2470156310e-08
1.1098225878e+03 2.2381777635e-08
1.1205412125e+03 2.2317327039e-08
1.1312598372e+03 2.2265339969e-08
1.1419784619e+03 2.2221246056e-08
1.1526970866e+03 2.2175501862e-08
1.1634157113e+03 2.2126358478e-08
1.1741343360e+03 2.2065340868e-08
1.1848529607e+03 2.1994045880e-08
1.1955715853e+03 2.1912916004e-08
1.2062902100e+03 2.1828808039e-08
1.2170088347e+03 2.1746958127e-08
1.2277274594e+03 2.1670759195e-08
1.2384460841e+03 2.1603055987e-08
1.2491647088e+03 2.1543598523e-08
1.2598833335e+03 2.1494155020e-08
1.2706019582e+03 2.1454635534e-08
1.2813205828e+03 2.1426622425e-08
1.2920392075e+03 2.1410130942e-08
1.3027578322e+03 2.1407158256e-08
1.3134764569e+03 2.1416111381e-08
1.3241950816e+03 2.1438094581e-08
1.3349137063e+03 2.1467258847e-08
1.3456323310e+03 2.1503556892e-08
1.3563509557e+03 2.1538759366e-08
1.3670695803e+03 2.1574811532e-08
1.3777882050e+03 2.1604008142e-08
1.3885068297e+03 2.1630335263e-08
1.3992254544e+03 2.1644408685e-08
1.4099440791e+03 2.1651148337e-08
1.4206627038e+03 2.1644129626e-08
1.4313813285e+03 2.1635838605e-08
1.4420999532e+03 2.1624398556e-08
1.4528185779e+03 2.1623019373e-08
1.4635372025e+03 2.1623834597e-08
1.4742558272e+03 2.1634956469e-08
1.4849744519e+03 2.1643090903e-08
1.4956930766e+03 2.1655074761e-08
1.5064117013e+03 2.1657126096e-08
1.5171303260e+03 2.1658182808e-08
1.5278489507e+03 2.1648643639e-08
1.5385675754e+03 2.1642080796e-08
1.5492862000e+03 2.1633393486e-08
1.5600048247e+03 2.1636594850e-08
1.5707234494e+03 2.1644464917e-08
1.5814420741e+03 2.1665422681e-08
1.5921606988e+03 2.1687686652e-08
1.6028793235e+03 2.1716182574e-08
1.6135979482e+03 2.1739278444e-08
1.6243165729e+03 2.1762397497e-08
1.6350351976e+03 2.1775337479e-08
1.6457538222e+03 2.1784857601e-08
1.6564724469e+03 2.1782954346e-08
1.6671910716e+03 2.1779217275e-08
1.6779096963e+03 2.1766636464e-08
1.6886283210e+03 2.1755976665e-08
1.6993469457e+03 2.1739699037e-08
1.7100655704e+03 2.1730300037e-08
1.7207841951e+03 2.1719745004e-08
1.7315028197e+03 2.1721584120e-08
1.7422214444e+03 2.1724982821e-08
1.7529400691e+03 2.1742473018e-08
1.7636586938e+03 2.1759542854e-08
1.7743773185e+03 2.1789159125e-08
1.7850959432e+03 2.1816830356e-08
1.7958145679e+03 2.1859191137e-08
1.8065331926e+03 2.1902895672e-08
1.8172518173e+03 2.1965635923e-08
1.8279704419e+03 2.2030997894e-08
1.8386890666e+03 2.2114542917e-08
1.8494076913e+03 2.2196204244e-08
1.8601263160e+03 2.2291313628e-08
1.8708449407e+03 2.2377710919e-08
1.8815635654e+03 2.2472100749e-08
1.8922821901e+03 2.2551597612e-08
1.9030008148e+03 2.2635217655e-08
1.9137194394e+03 2.2698661173e-08
1.9244380641e+03 2.2760671541e-08
1.9351566888e+03 2.2795006424e-08
1.9458753135e+03 2.2822748032e-08
1.9565939382e+03 2.2821387614e-08
1.9673125629e+03 2.2818132193e-08
1.9780311876e+03 2.2793767378e-08
1.9887498123e+03 2.2776500265e-08
1.9994684369e+03 2.2743901440e-08
2.0101870616e+03 2.2720283203e-08
2.0209056863e+03 2.2678471823e-08
2.0316243110e+03 2.2639900958e-08
2.0423429357e+03 2.2574968189e-08
2.0530615604e+03 2.2506111791e-08
2.0637801851e+03 2.2406412459e-08
2.0744988098e+03 2.2304386793e-08
2.0852174345e+03 2.2177480386e-08
2.0959360591e+03 2.2057054169e-08
2.1066546838e+03 2.1920581623e-08
2.1173733085e+03 2.1798474286e-08
2.1280919332e+03 2.1669454855e-08
2.1388105579e+03 2.1562665711e-08
2.1495291826e+03 2.1458163036e-08
2.1602478073e+03 2.1379540757e-08
2.1709664320e+03 2.1306676019e-08
2.1816850566e+03 2.1257155843e-08
2.1924036813e+03 2.1213667109e-08
2.2031223060e+03 2.1190410502e-08
2.2138409307e+03 2.1174744806e-08
2.2245595554e+03 2.1178419612e-08
2.2352781801e+03 2.1192577215e-08
2.2459968048e+03 2.1225415923e-08
2.2567154295e+03 2.1268992374e-08
2.2674340542e+03 2.1328175320e-08
2.2781526788e+03 2.1395949923e-08
2.2888713035e+03 2.1478264915e-08
2.2995899282e+03 2.1570067626e-08
2.3103085529e+03 2.1682078369e-08
2.3210271776e+03 2.1808624476e-08
2.3317458023e+03 2.1965389082e-08
2.3424644270e+03 2.2141504016e-08
2.3531830517e+03 2.2358427755e-08
2.3639016763e+03 2.2598289403e-08
2.3746203010e+03 2.2889142478e-08
2.3853389257e+03 2.3203716969e-08
2.3960575504e+03 2.3574696590e-08
2.4067761751e+03 2.3964442678e-08
2.4174947998e+03 2.4408992124e-08
2.4282134245e+03 2.4862690069e-08
2.4389320492e+03 2.5365191844e-08
2.4496506739e+03 2.5868853705e-08
2.4603692985e+03 2.6418301925e-08
2.4710879232e+03 2.6968805302e-08
2.4818065479e+03 2.7565289803e-08
2.4925251726e+03 2.8165406913e-08
2.5032437973e+03 2.8808887310e-08
2.5139624220e+03 2.9461108683e-08
2.5246810467e+03 3.0159061954e-08
2.5353996714e+03 3.0883254801e-08
2.5461182960e+03 3.1664916968e-08
2.5568369207e+03 3.2496685305e-08
2.5675555454e+03 3.3395892242e-08
2.5782741701e+03 3.4366460834e-08
2.5889927948e+03 3.5410819945e-08
2.5997114195e+03 3.6546419402e-08
2.6104300442e+03 3.7756820036e-08
2.6211486689e+03 3.9069571216e-08
2.6318672935e+03 4.0444909850e-08
2.6425859182e+03 4.1917996926e-08
2.6533045429e+03 4.3427038641e-08
2.6640231676e+03 4.5007407894e-08
2.6747417923e+03 4.6580537326e-08
2.6854604170e+03 4.8165252801e-08
2.6961790417e+03 4.9681632912e-08
2.7068976664e+03 5.1109162477e-08
2.7176162911e+03 5.2397842039e-08
2.7283349157e+03 5.3466486460e-08
2.7390535404e+03 5.4327493088e-08
2.7497721651e+03 5.4880811673e-08
2.7604907898e+03 5.5215157327e-08
