# 2 * rho * Omega * u
# Columns: y_plus    value
3.9832992606e-01 1.9517865642e-03
1.1887924427e+00 5.8393770589e-03
1.9799514194e+00 9.7075480547e-03
2.7719943680e+00 1.3545594758e-02
3.5651283791e+00 1.7332027989e-02
4.3595770683e+00 2.1038296575e-02
5.1555775073e+00 2.4634342150e-02
5.9533773809e+00 2.8092191409e-02
6.7532325235e+00 3.1389713327e-02
7.5554049053e+00 3.4511058659e-02
8.3601610713e+00 3.7447805162e-02
9.1677709952e+00 4.0197132562e-02
9.9785072812e+00 4.2761802520e-02
1.0792644643e+01 4.5147642447e-02
1.1610459588e+01 4.7363629151e-02
1.2432230253e+01 4.9419604754e-02
1.3258236337e+01 5.1326894818e-02
1.4088759099e+01 5.3096365019e-02
1.4924081400e+01 5.4739465262e-02
1.5764487770e+01 5.6266513636e-02
1.6610264487e+01 5.7688022264e-02
1.7461699667e+01 5.9013091967e-02
1.8319083357e+01 6.0250877511e-02
1.9182707631e+01 6.1409026614e-02
2.0052866693e+01 6.2495239912e-02
2.0929856971e+01 6.3515754870e-02
2.1813977219e+01 6.4476966640e-02
2.2705528623e+01 6.5383929753e-02
2.3604814899e+01 6.6241976169e-02
2.4512142398e+01 6.7055178149e-02
2.5427820210e+01 6.7827917798e-02
2.6352160271e+01 6.8563338175e-02
2.7285477466e+01 6.9264936008e-02
2.8228089740e+01 6.9935078644e-02
2.9180318202e+01 7.0576635869e-02
3.0142487241e+01 7.1191520745e-02
3.1114924627e+01 7.1782286057e-02
3.2097961633e+01 7.2350624279e-02
3.3091933139e+01 7.2898883656e-02
3.4097177753e+01 7.3428510852e-02
3.5114037921e+01 7.3941520294e-02
3.6142860047e+01 7.4438979292e-02
3.7183994610e+01 7.4922541964e-02
3.8237796283e+01 7.5393001285e-02
3.9304624055e+01 7.5851811838e-02
4.0384841351e+01 7.6299633735e-02
4.1478816159e+01 7.6737844229e-02
4.2586921152e+01 7.7167084545e-02
4.3709533817e+01 7.7588704227e-02
4.4847036585e+01 7.8003246344e-02
4.5999816957e+01 7.8411872129e-02
4.7168267640e+01 7.8814916735e-02
4.8352786679e+01 7.9213356762e-02
4.9553777591e+01 7.9607386893e-02
5.0771649508e+01 7.9997878790e-02
5.2006817308e+01 8.0384963585e-02
5.3259701767e+01 8.0769463094e-02
5.4530729690e+01 8.1151460099e-02
5.5820334067e+01 8.1531691192e-02
5.7128954215e+01 8.1910071240e-02
5.8457035929e+01 8.2287064053e-02
5.9805031633e+01 8.2662336649e-02
6.1173400536e+01 8.3036301501e-02
6.2562608788e+01 8.3408807438e-02
6.3973129635e+01 8.3780508238e-02
6.5405443587e+01 8.4151392912e-02
6.6860038576e+01 8.4522153888e-02
6.8337410125e+01 8.4892812937e-02
6.9838061516e+01 8.5264071141e-02
7.1362503960e+01 8.5635854135e-02
7.2911256775e+01 8.6008642791e-02
7.4484847559e+01 8.6382153721e-02
7.6083812373e+01 8.6756800884e-02
7.7708695921e+01 8.7132337739e-02
7.9360051734e+01 8.7509144619e-02
8.1038442365e+01 8.7886846115e-02
8.2744439576e+01 8.8265781309e-02
8.4478624530e+01 8.8645757740e-02
8.6241587997e+01 8.9027355018e-02
8.8033930547e+01 8.9410441264e-02
8.9856262762e+01 8.9795497165e-02
9.1709205436e+01 9.0182368252e-02
9.3593389795e+01 9.0571715055e-02
9.5509457704e+01 9.0963603351e-02
9.7458061892e+01 9.1358653274e-02
9.9439866172e+01 9.1756615157e-02
1.0145554566e+02 9.2157766676e-02
1.0350578703e+02 9.2561709050e-02
1.0559128871e+02 9.2968828260e-02
1.0771276115e+02 9.3378843460e-02
1.0987092704e+02 9.3791937516e-02
1.1206652160e+02 9.4207575949e-02
1.1430029277e+02 9.4626071298e-02
1.1657300151e+02 9.5047180089e-02
1.1888542205e+02 9.5471339095e-02
1.2123834212e+02 9.5898507343e-02
1.2363256328e+02 9.6329393789e-02
1.2606890115e+02 9.6763849604e-02
1.2854818569e+02 9.7202431877e-02
1.3107126148e+02 9.7645419911e-02
1.3363898805e+02 9.8093821231e-02
1.3625224012e+02 9.8547463931e-02
1.3891190791e+02 9.9006290684e-02
1.4161889747e+02 9.9469368123e-02
1.4437413097e+02 9.9936838774e-02
1.4717854699e+02 1.0040855626e-01
1.5003310091e+02 1.0088514470e-01
1.5293876514e+02 1.0136673695e-01
1.5589652954e+02 1.0185412643e-01
1.5890740169e+02 1.0234716209e-01
1.6197240728e+02 1.0284578910e-01
1.6509259044e+02 1.0334904671e-01
1.6826901409e+02 1.0385706040e-01
1.7150276031e+02 1.0436995525e-01
1.7479493070e+02 1.0488869418e-01
1.7814664679e+02 1.0541299633e-01
1.8155905037e+02 1.0594251944e-01
1.8503330390e+02 1.0647643140e-01
1.8857059093e+02 1.0701489685e-01
1.9217211647e+02 1.0755722957e-01
1.9583910742e+02 1.0810385783e-01
1.9957281298e+02 1.0865526428e-01
2.0337450507e+02 1.0921268462e-01
2.0724547877e+02 1.0977546460e-01
2.1118705278e+02 1.1034300017e-01
2.1520056983e+02 1.1091495702e-01
2.1928739716e+02 1.1149218552e-01
2.2344892701e+02 1.1207467543e-01
2.2768657703e+02 1.1266248091e-01
2.3200179082e+02 1.1325433259e-01
2.3639603841e+02 1.1385076741e-01
2.4087081674e+02 1.1445266722e-01
2.4542765019e+02 1.1506062859e-01
2.5006809109e+02 1.1567371632e-01
2.5479372026e+02 1.1629251689e-01
2.5960614754e+02 1.1691724871e-01
2.6450701231e+02 1.1754637106e-01
2.6949798412e+02 1.1817776147e-01
2.7458076319e+02 1.1881230554e-01
2.7975708102e+02 1.1945078347e-01
2.8502870098e+02 1.2009445642e-01
2.9039741890e+02 1.2074255228e-01
2.9586506368e+02 1.2139408202e-01
3.0143349794e+02 1.2204889096e-01
3.0710461862e+02 1.2270857119e-01
3.1288035765e+02 1.2337200127e-01
3.1876268259e+02 1.2403933919e-01
3.2475359732e+02 1.2471086422e-01
3.3085514269e+02 1.2538579730e-01
3.3706939727e+02 1.2606220573e-01
3.4339847799e+02 1.2673684521e-01
3.4984454091e+02 1.2740701756e-01
3.5640978188e+02 1.2807260574e-01
3.6309643733e+02 1.2873341836e-01
3.6990678487e+02 1.2939002723e-01
3.7684314396e+02 1.3003851533e-01
3.8390787633e+02 1.3067704795e-01
3.9110338615e+02 1.3130445187e-01
3.9843211953e+02 1.3191974440e-01
4.0589656306e+02 1.3252052135e-01
4.1349924044e+02 1.3310303951e-01
4.2124270614e+02 1.3366440686e-01
4.2912953435e+02 1.3420239379e-01
4.3716230063e+02 1.3471244732e-01
4.4534355328e+02 1.3519207857e-01
4.5367577013e+02 1.3563904437e-01
4.6216129653e+02 1.3605040280e-01
4.7080225980e+02 1.3642300930e-01
4.7960045663e+02 1.3675718784e-01
4.8855721127e+02 1.3705394340e-01
4.9767320634e+02 1.3731573121e-01
5.0694829158e+02 1.3754286506e-01
5.1638128212e+02 1.3773626486e-01
5.2596976245e+02 1.3789789917e-01
5.3570991718e+02 1.3803139475e-01
5.4559641198e+02 1.3813888474e-01
5.5562234697e+02 1.3822408220e-01
5.6577930043e+02 1.3829004662e-01
5.7605747209e+02 1.3834073065e-01
5.8644592435e+02 1.3837911489e-01
5.9693290738e+02 1.3840874458e-01
6.0750624294e+02 1.3843116931e-01
6.1815373393e+02 1.3844762972e-01
6.2886356302e+02 1.3845900692e-01
6.3962464611e+02 1.3846690822e-01
6.5042691296e+02 1.3847206723e-01
6.6126149787e+02 1.3847593883e-01
6.7212083508e+02 1.3847857158e-01
6.8299866488e+02 1.3848064580e-01
6.9388996500e+02 1.3848190106e-01
7.0479082754e+02 1.3848286102e-01
7.1569830307e+02 1.3848324857e-01
7.2661023225e+02 1.3848358855e-01
7.3752508151e+02 1.3848366042e-01
7.4844179417e+02 1.3848396155e-01
7.5935966386e+02 1.3848402866e-01
7.7027823245e+02 1.3848420604e-01
7.8119721165e+02 1.3848411566e-01
7.9211642543e+02 1.3848419337e-01
8.0303576952e+02 1.3848405804e-01
8.1395518398e+02 1.3848411822e-01
8.2487463536e+02 1.3848398162e-01
8.3579410559e+02 1.3848404776e-01
8.4671358515e+02 1.3848392150e-01
8.5763306920e+02 1.3848399539e-01
8.6855255537e+02 1.3848387076e-01
8.7947204248e+02 1.3848393690e-01
8.9039153002e+02 1.3848380062e-01
9.0131101774e+02 1.3848385337e-01
9.1223050554e+02 1.3848370474e-01
9.2314999336e+02 1.3848374294e-01
9.3406948120e+02 1.3848357846e-01
9.4498896904e+02 1.3848359834e-01
9.5590845688e+02 1.3848341579e-01
9.6682794473e+02 1.3848341750e-01
9.7774743257e+02 1.3848321760e-01
9.8866692042e+02 1.3848320041e-01
9.9958640826e+02 1.3848297962e-01
1.0105058961e+03 1.3848293877e-01
1.0214253840e+03 1.3848269496e-01
1.0323448718e+03 1.3848263428e-01
1.0432643596e+03 1.3848237712e-01
1.0541838475e+03 1.3848231068e-01
1.0651033353e+03 1.3848205730e-01
1.0760228232e+03 1.3848200500e-01
1.0869423110e+03 1.3848177791e-01
1.0978617989e+03 1.3848176080e-01
1.1087812867e+03 1.3848157552e-01
1.1197007746e+03 1.3848160081e-01
1.1306202624e+03 1.3848145668e-01
1.1415397502e+03 1.3848151707e-01
1.1524592381e+03 1.3848140017e-01
1.1633787259e+03 1.3848147616e-01
1.1742982138e+03 1.3848136340e-01
1.1852177016e+03 1.3848143155e-01
1.1961371895e+03 1.3848130267e-01
1.2070566773e+03 1.3848134948e-01
1.2179761652e+03 1.3848119969e-01
1.2288956530e+03 1.3848122789e-01
1.2398151408e+03 1.3848106343e-01
1.2507346287e+03 1.3848107903e-01
1.2616541165e+03 1.3848090350e-01
1.2725736044e+03 1.3848090658e-01
1.2834930922e+03 1.3848071640e-01
1.2944125801e+03 1.3848070074e-01
1.3053320679e+03 1.3848049000e-01
1.3162515558e+03 1.3848045341e-01
1.3271710436e+03 1.3848022634e-01
1.3380905314e+03 1.3848017992e-01
1.3490100193e+03 1.3847995214e-01
1.3599295071e+03 1.3847991146e-01
1.3708489950e+03 1.3847969402e-01
1.3817684828e+03 1.3847966394e-01
1.3926879707e+03 1.3847945686e-01
1.4036074585e+03 1.3847943529e-01
1.4145269464e+03 1.3847923657e-01
1.4254464342e+03 1.3847922369e-01
1.4363659220e+03 1.3847903642e-01
1.4472854099e+03 1.3847903793e-01
1.4582048977e+03 1.3847886628e-01
1.4691243856e+03 1.3847888140e-01
1.4800438734e+03 1.3847871783e-01
1.4909633613e+03 1.3847873558e-01
1.5018828491e+03 1.3847856953e-01
1.5128023370e+03 1.3847858328e-01
1.5237218248e+03 1.3847841195e-01
1.5346413126e+03 1.3847842016e-01
1.5455608005e+03 1.3847823943e-01
1.5564802883e+03 1.3847823273e-01
1.5673997762e+03 1.3847802953e-01
1.5783192640e+03 1.3847799612e-01
1.5892387519e+03 1.3847776622e-01
1.6001582397e+03 1.3847771273e-01
1.6110777276e+03 1.3847747336e-01
1.6219972154e+03 1.3847742407e-01
1.6329167032e+03 1.3847720200e-01
1.6438361911e+03 1.3847718073e-01
1.6547556789e+03 1.3847699204e-01
1.6656751668e+03 1.3847700336e-01
1.6765946546e+03 1.3847684010e-01
1.6875141425e+03 1.3847686515e-01
1.6984336303e+03 1.3847670233e-01
1.7093531182e+03 1.3847671684e-01
1.7202726060e+03 1.3847653848e-01
1.7311920938e+03 1.3847653835e-01
1.7421115817e+03 1.3847635052e-01
1.7530310695e+03 1.3847634486e-01
1.7639505574e+03 1.3847615341e-01
1.7748700452e+03 1.3847614231e-01
1.7857895331e+03 1.3847594465e-01
1.7967090209e+03 1.3847592747e-01
1.8076285088e+03 1.3847572829e-01
1.8185479966e+03 1.3847571458e-01
1.8294674844e+03 1.3847552563e-01
1.8403869723e+03 1.3847552474e-01
1.8513064601e+03 1.3847534969e-01
1.8622259480e+03 1.3847535764e-01
1.8731454358e+03 1.3847518644e-01
1.8840649237e+03 1.3847519075e-01
1.8949844115e+03 1.3847501238e-01
1.9059038994e+03 1.3847500540e-01
1.9168233872e+03 1.3847481490e-01
1.9277428750e+03 1.3847479285e-01
1.9386623629e+03 1.3847458715e-01
1.9495818507e+03 1.3847454885e-01
1.9605013386e+03 1.3847433086e-01
1.9714208264e+03 1.3847428349e-01
1.9823403143e+03 1.3847406226e-01
1.9932598021e+03 1.3847401276e-01
2.0041792900e+03 1.3847379124e-01
2.0150987778e+03 1.3847373998e-01
2.0260182656e+03 1.3847351930e-01
2.0369377535e+03 1.3847347056e-01
2.0478572413e+03 1.3847325689e-01
2.0587767292e+03 1.3847321573e-01
2.0696962170e+03 1.3847300948e-01
2.0806157049e+03 1.3847297129e-01
2.0915351927e+03 1.3847276455e-01
2.1024546806e+03 1.3847272199e-01
2.1133741684e+03 1.3847251100e-01
2.1242936562e+03 1.3847246551e-01
2.1352131441e+03 1.3847225594e-01
2.1461326319e+03 1.3847221430e-01
2.1570521198e+03 1.3847201111e-01
2.1679716076e+03 1.3847197436e-01
2.1788910955e+03 1.3847177579e-01
2.1898105833e+03 1.3847174122e-01
2.2007300712e+03 1.3847154586e-01
2.2116495590e+03 1.3847151390e-01
2.2225690468e+03 1.3847132307e-01
2.2334885347e+03 1.3847129415e-01
2.2444080225e+03 1.3847110614e-01
2.2553275104e+03 1.3847107754e-01
2.2662469982e+03 1.3847089216e-01
2.2771664861e+03 1.3847086954e-01
2.2880859739e+03 1.3847069957e-01
2.2990054618e+03 1.3847069982e-01
2.3099249496e+03 1.3847056117e-01
2.3208444374e+03 1.3847059354e-01
2.3317639253e+03 1.3847048457e-01
2.3426834131e+03 1.3847053553e-01
2.3536029010e+03 1.3847043255e-01
2.3645223888e+03 1.3847047487e-01
2.3754418767e+03 1.3847035326e-01
2.3863613645e+03 1.3847037157e-01
2.3972808524e+03 1.3847022524e-01
2.4082003402e+03 1.3847022159e-01
2.4191198280e+03 1.3847005518e-01
2.4300393159e+03 1.3847003422e-01
2.4409588037e+03 1.3846984988e-01
2.4518782916e+03 1.3846981140e-01
2.4627977794e+03 1.3846960638e-01
2.4737172673e+03 1.3846954498e-01
2.4846367551e+03 1.3846931246e-01
2.4955562430e+03 1.3846922157e-01
2.5064757308e+03 1.3846895900e-01
2.5173952187e+03 1.3846884208e-01
2.5283147065e+03 1.3846856090e-01
2.5392341943e+03 1.3846843614e-01
2.5501536822e+03 1.3846815976e-01
2.5610731700e+03 1.3846805136e-01
2.5719926579e+03 1.3846780092e-01
2.5829121457e+03 1.3846772275e-01
2.5938316336e+03 1.3846750445e-01
2.6047511214e+03 1.3846745614e-01
2.6156706093e+03 1.3846726682e-01
2.6265900971e+03 1.3846724495e-01
2.6375095849e+03 1.3846708175e-01
2.6484290728e+03 1.3846708343e-01
2.6593485606e+03 1.3846694118e-01
2.6702680485e+03 1.3846695932e-01
2.6811875363e+03 1.3846682845e-01
2.6921070242e+03 1.3846685321e-01
2.7030265120e+03 1.3846672325e-01
2.7139459999e+03 1.3846674477e-01
2.7248654877e+03 1.3846660660e-01
2.7357849755e+03 1.3846661826e-01
2.7467044634e+03 1.3846646875e-01
2.7576239512e+03 1.3846647106e-01
2.7685434391e+03 1.3846631435e-01
2.7794629269e+03 1.3846631322e-01
2.7903824148e+03 1.3846615103e-01
2.8013019026e+03 1.3846612906e-01
2.8122213905e+03 1.3846591895e-01
