# d tau_yz / dy
# Columns: y_plus    value
3.9832992606e-01 -3.4145299899e-04
1.1887924427e+00 -3.5591045952e-02
1.9799514194e+00 -8.0767104270e-02
2.7719943680e+00 -1.4118393598e-01
3.5651283791e+00 -2.0721900842e-01
4.3595770683e+00 -2.6933747115e-01
5.1555775073e+00 -3.2011062637e-01
5.9533773809e+00 -3.5550404829e-01
6.7532325235e+00 -3.7474120367e-01
7.5554049053e+00 -3.7938832836e-01
8.3601610713e+00 -3.7226228085e-01
9.1677709952e+00 -3.5653576442e-01
9.9785072812e+00 -3.3517255251e-01
1.0792644643e+01 -3.1064899334e-01
1.1610459588e+01 -2.8485977107e-01
1.2432230253e+01 -2.5913297428e-01
1.3258236337e+01 -2.3431639947e-01
1.4088759099e+01 -2.1090467257e-01
1.4924081400e+01 -1.8916808067e-01
1.5764487770e+01 -1.6924548228e-01
1.6610264487e+01 -1.5119390062e-01
1.7461699667e+01 -1.3500630948e-01
1.8319083357e+01 -1.2061649044e-01
1.9182707631e+01 -1.0789750385e-01
2.0052866693e+01 -9.6668411759e-02
2.0929856971e+01 -8.6720830898e-02
2.1813977219e+01 -7.7860823609e-02
2.2705528623e+01 -6.9938709365e-02
2.3604814899e+01 -6.2853493774e-02
2.4512142398e+01 -5.6536328581e-02
2.5427820210e+01 -5.0923230285e-02
2.6352160271e+01 -4.5933738103e-02
2.7285477466e+01 -4.1474374844e-02
2.8228089740e+01 -3.7460762020e-02
2.9180318202e+01 -3.3831648722e-02
3.0142487241e+01 -3.0542465480e-02
3.1114924627e+01 -2.7556896854e-02
3.2097961633e+01 -2.4853865722e-02
3.3091933139e+01 -2.2432790091e-02
3.4097177753e+01 -2.0296122513e-02
3.5114037921e+01 -1.8425881553e-02
3.6142860047e+01 -1.6783369644e-02
3.7183994610e+01 -1.5325990194e-02
3.8237796283e+01 -1.4020736761e-02
3.9304624055e+01 -1.2852624373e-02
4.0384841351e+01 -1.1824906106e-02
4.1478816159e+01 -1.0940364582e-02
4.2586921152e+01 -1.0178248132e-02
4.3709533817e+01 -9.4920065447e-03
4.4847036585e+01 -8.8296586067e-03
4.5999816957e+01 -8.1594839402e-03
4.7168267640e+01 -7.4888913884e-03
4.8352786679e+01 -6.8624592419e-03
4.9553777591e+01 -6.3175358183e-03
5.0771649508e+01 -5.8335423241e-03
5.2006817308e+01 -5.3549839440e-03
5.3259701767e+01 -4.8641442711e-03
5.4530729690e+01 -4.4052478171e-03
5.5820334067e+01 -4.0507340213e-03
5.7128954215e+01 -3.8561854987e-03
5.8457035929e+01 -3.8152367762e-03
5.9805031633e+01 -3.8469959364e-03
6.1173400536e+01 -3.8486994579e-03
6.2562608788e+01 -3.7481315775e-03
6.3973129635e+01 -3.5052804968e-03
6.5405443587e+01 -3.1179115914e-03
6.6860038576e+01 -2.6433313290e-03
6.8337410125e+01 -2.1755955982e-03
6.9838061516e+01 -1.7830508342e-03
7.1362503960e+01 -1.4801691364e-03
7.2911256775e+01 -1.2624762954e-03
7.4484847559e+01 -1.1433294835e-03
7.6083812373e+01 -1.1281430581e-03
7.7708695921e+01 -1.1663906079e-03
7.9360051734e+01 -1.1738471971e-03
8.1038442365e+01 -1.1208405965e-03
8.2744439576e+01 -1.0580580566e-03
8.4478624530e+01 -1.0377842301e-03
8.6241587997e+01 -1.0586805918e-03
8.8033930547e+01 -1.0894735863e-03
8.9856262762e+01 -1.1028636290e-03
9.1709205436e+01 -1.0878515276e-03
9.3593389795e+01 -1.0548030032e-03
9.5509457704e+01 -1.0265897977e-03
9.7458061892e+01 -1.0115622262e-03
9.9439866172e+01 -9.9783331829e-04
1.0145554566e+02 -9.7658260008e-04
1.0350578703e+02 -9.4909458453e-04
1.0559128871e+02 -9.1469260179e-04
1.0771276115e+02 -8.7240447064e-04
1.0987092704e+02 -8.2975949202e-04
1.1206652160e+02 -7.9459268546e-04
1.1430029277e+02 -7.6335803886e-04
1.1657300151e+02 -7.2322183793e-04
1.1888542205e+02 -6.5811465902e-04
1.2123834212e+02 -5.6484375879e-04
1.2363256328e+02 -4.7175993542e-04
1.2606890115e+02 -4.1465004780e-04
1.2854818569e+02 -4.0120616561e-04
1.3107126148e+02 -4.2372851513e-04
1.3363898805e+02 -4.7301276315e-04
1.3625224012e+02 -5.2427123824e-04
1.3891190791e+02 -5.4350622480e-04
1.4161889747e+02 -5.2272491487e-04
1.4437413097e+02 -4.9243819665e-04
1.4717854699e+02 -4.7832227570e-04
1.5003310091e+02 -4.7422400600e-04
1.5293876514e+02 -4.7918821143e-04
1.5589652954e+02 -5.0393166049e-04
1.5890740169e+02 -5.2826802496e-04
1.6197240728e+02 -5.0750227675e-04
1.6509259044e+02 -4.2518499125e-04
1.6826901409e+02 -3.0827607803e-04
1.7150276031e+02 -1.9294748802e-04
1.7479493070e+02 -1.0883269274e-04
1.7814664679e+02 -9.0892686818e-05
1.8155905037e+02 -1.5628403327e-04
1.8503330390e+02 -2.7100507909e-04
1.8857059093e+02 -3.7336933021e-04
1.9217211647e+02 -4.3077286170e-04
1.9583910742e+02 -4.5319286390e-04
1.9957281298e+02 -4.4805033387e-04
2.0337450507e+02 -4.1235941029e-04
2.0724547877e+02 -3.6927859797e-04
2.1118705278e+02 -3.4989780524e-04
2.1520056983e+02 -3.5176664907e-04
2.1928739716e+02 -3.5215216254e-04
2.2344892701e+02 -3.4412376892e-04
2.2768657703e+02 -3.2777014098e-04
2.3200179082e+02 -2.8905457752e-04
2.3639603841e+02 -2.2393368065e-04
2.4087081674e+02 -1.6364489782e-04
2.4542765019e+02 -1.4537146320e-04
2.5006809109e+02 -1.6583210201e-04
2.5479372026e+02 -1.9611417327e-04
2.5960614754e+02 -2.2174495693e-04
2.6450701231e+02 -2.3134095987e-04
2.6949798412e+02 -2.1617844636e-04
2.7458076319e+02 -1.9277063269e-04
2.7975708102e+02 -1.7912513603e-04
2.8502870098e+02 -1.7183951846e-04
2.9039741890e+02 -1.6246947597e-04
2.9586506368e+02 -1.5726987803e-04
3.0143349794e+02 -1.6374312879e-04
3.0710461862e+02 -1.6102398745e-04
3.1288035765e+02 -1.2838575887e-04
3.1876268259e+02 -8.3648293718e-05
3.2475359732e+02 -5.1314515273e-05
3.3085514269e+02 -3.4091187848e-05
3.3706939727e+02 -3.2715988241e-05
3.4339847799e+02 -5.6264054970e-05
3.4984454091e+02 -9.8037587521e-05
3.5640978188e+02 -1.2820287745e-04
3.6309643733e+02 -1.2672097345e-04
3.6990678487e+02 -1.0559319589e-04
3.7684314396e+02 -8.8212535208e-05
3.8390787633e+02 -8.1650346469e-05
3.9110338615e+02 -8.0868760938e-05
3.9843211953e+02 -8.0745219213e-05
4.0589656306e+02 -7.6379770532e-05
4.1349924044e+02 -6.7280107427e-05
4.2124270614e+02 -5.5746167249e-05
4.2912953435e+02 -4.5244578023e-05
4.3716230063e+02 -4.3615789059e-05
4.4534355328e+02 -5.5262874769e-05
4.5367577013e+02 -7.5453276687e-05
4.6216129653e+02 -9.3021941980e-05
4.7080225980e+02 -9.6764294297e-05
4.7960045663e+02 -8.5176021902e-05
4.8855721127e+02 -6.6422994223e-05
4.9767320634e+02 -4.8455077138e-05
5.0694829158e+02 -3.6243658890e-05
5.1638128212e+02 -3.0813611786e-05
5.2596976245e+02 -2.8846294723e-05
5.3570991718e+02 -2.7080620506e-05
5.4559641198e+02 -2.2762474787e-05
5.5562234697e+02 -1.6197036506e-05
5.6577930043e+02 -1.1878826699e-05
5.7605747209e+02 -1.0755230243e-05
5.8644592435e+02 -9.4709326075e-06
5.9693290738e+02 -6.9534699051e-06
6.0750624294e+02 -4.7263684407e-06
6.1815373393e+02 -3.3913736373e-06
6.2886356302e+02 -2.2718161008e-06
6.3962464611e+02 -1.3712401464e-06
6.5042691296e+02 -1.0899432811e-06
6.6126149787e+02 -9.7467664143e-07
6.7212083508e+02 -6.7385080043e-07
6.8299866488e+02 -4.8946220472e-07
6.9388996500e+02 -4.9559818040e-07
7.0479082754e+02 -4.3555041147e-07
7.1569830307e+02 -2.2818433821e-07
7.2661023225e+02 6.8674102091e-09
7.3752508151e+02 1.4778343257e-07
7.4844179417e+02 1.2528421814e-07
7.5935966386e+02 -1.2422341856e-08
7.7027823245e+02 -9.0918983076e-08
7.8119721165e+02 -4.6599437191e-08
7.9211642543e+02 1.1298955234e-08
8.0303576952e+02 2.9650422422e-08
8.1395518398e+02 3.2269476393e-08
8.2487463536e+02 2.8521157329e-08
8.3579410559e+02 1.9452643290e-08
8.4671358515e+02 7.5813107336e-09
8.5763306920e+02 -4.1383811653e-09
8.6855255537e+02 -1.2634096127e-08
8.7947204248e+02 -1.6369070431e-08
8.9039153002e+02 -1.5644335409e-08
9.0131101774e+02 -1.1839827571e-08
9.1223050554e+02 -6.6182629613e-09
9.2314999336e+02 -1.3629852269e-09
9.3406948120e+02 3.0112563800e-09
9.4498896904e+02 5.9655604957e-09
9.5590845688e+02 7.2196603404e-09
9.6682794473e+02 6.7608428125e-09
9.7774743257e+02 4.9314602351e-09
9.8866692042e+02 2.4290677371e-09
9.9958640826e+02 1.2016885393e-10
1.0105058961e+03 -1.4012504871e-09
1.0214253840e+03 -1.8193888515e-09
1.0323448718e+03 -9.8929878860e-10
1.0432643596e+03 5.2361603899e-10
1.0541838475e+03 1.5594058542e-09
1.0651033353e+03 1.4836636815e-09
1.0760228232e+03 5.0674483456e-10
1.0869423110e+03 -7.3390758612e-10
1.0978617989e+03 -1.5475726322e-09
1.1087812867e+03 -1.6049203953e-09
1.1197007746e+03 -1.0641557189e-09
1.1306202624e+03 -3.8935158278e-10
1.1415397502e+03 1.1562279929e-12
1.1524592381e+03 -3.9821753521e-11
1.1633787259e+03 -3.7598037896e-10
1.1742982138e+03 -7.3539039321e-10
1.1852177016e+03 -8.8665722248e-10
1.1961371895e+03 -7.4356378271e-10
1.2070566773e+03 -3.9221447649e-10
1.2179761652e+03 -2.6758914130e-11
1.2288956530e+03 1.5913619399e-10
1.2398151408e+03 1.0219813437e-10
1.2507346287e+03 -1.0315859604e-10
1.2616541165e+03 -2.7033182040e-10
1.2725736044e+03 -2.6187562799e-10
1.2834930922e+03 -6.4399381904e-11
1.2944125801e+03 2.3394886080e-10
1.3053320679e+03 5.1319574001e-10
1.3162515558e+03 6.8396724508e-10
1.3271710436e+03 6.8574622386e-10
1.3380905314e+03 5.1157868977e-10
1.3490100193e+03 2.0515970957e-10
1.3599295071e+03 -1.2535078300e-10
1.3708489950e+03 -3.7195202888e-10
1.3817684828e+03 -4.6842469264e-10
1.3926879707e+03 -4.2513757968e-10
1.4036074585e+03 -3.0227257295e-10
1.4145269464e+03 -1.6409404210e-10
1.4254464342e+03 -5.9856326124e-11
1.4363659220e+03 1.9372186655e-12
1.4472854099e+03 2.5241839375e-11
1.4582048977e+03 2.9557622178e-11
1.4691243856e+03 2.7300937624e-11
1.4800438734e+03 2.5225444920e-11
1.4909633613e+03 2.5203202485e-11
1.5018828491e+03 2.3740255356e-11
1.5128023370e+03 2.0071501474e-11
1.5237218248e+03 1.1582235075e-11
1.5346413126e+03 5.9497806616e-13
1.5455608005e+03 -1.1975979186e-11
1.5564802883e+03 -2.1890917495e-11
1.5673997762e+03 -2.7013799210e-11
1.5783192640e+03 -2.5434946450e-11
1.5892387519e+03 -1.7024031685e-11
1.6001582397e+03 -2.9632694033e-12
1.6110777276e+03 1.4411724704e-11
1.6219972154e+03 3.3127653258e-11
1.6329167032e+03 4.8714200722e-11
1.6438361911e+03 6.0975782613e-11
1.6547556789e+03 6.7540150700e-11
1.6656751668e+03 7.0633406875e-11
1.6765946546e+03 7.3931283382e-11
1.6875141425e+03 7.5831792858e-11
1.6984336303e+03 8.2754168054e-11
1.7093531182e+03 8.5709021613e-11
1.7202726060e+03 9.0799115907e-11
1.7311920938e+03 8.8329688472e-11
1.7421115817e+03 8.1279840821e-11
1.7530310695e+03 6.4894817099e-11
1.7639505574e+03 3.9754742231e-11
1.7748700452e+03 9.5656785914e-12
1.7857895331e+03 -2.5832204011e-11
1.7967090209e+03 -5.5856961992e-11
1.8076285088e+03 -8.6311032532e-11
1.8185479966e+03 -1.0193739702e-10
1.8294674844e+03 -1.1596828826e-10
1.8403869723e+03 -1.0977964871e-10
1.8513064601e+03 -9.9615561126e-11
1.8622259480e+03 -6.9132729596e-11
1.8731454358e+03 -3.3580938044e-11
1.8840649237e+03 1.2478884648e-11
1.8949844115e+03 5.7459529597e-11
1.9059038994e+03 9.3757739411e-11
1.9168233872e+03 1.2001086661e-10
1.9277428750e+03 1.2440687876e-10
1.9386623629e+03 1.1735522210e-10
1.9495818507e+03 9.0518703733e-11
1.9605013386e+03 6.0063051602e-11
1.9714208264e+03 2.2835767262e-11
1.9823403143e+03 -6.0353772010e-12
1.9932598021e+03 -2.9572866974e-11
2.0041792900e+03 -4.0248508825e-11
2.0150987778e+03 -4.4798639953e-11
2.0260182656e+03 -4.1975517997e-11
2.0369377535e+03 -3.8446156658e-11
2.0478572413e+03 -3.0133768875e-11
2.0587767292e+03 -2.2318415028e-11
2.0696962170e+03 -4.8042609930e-12
2.0806157049e+03 9.6190463550e-12
2.0915351927e+03 3.4769788222e-11
2.1024546806e+03 4.5899936032e-11
2.1133741684e+03 6.1026678755e-11
2.1242936562e+03 5.3382074233e-11
2.1352131441e+03 4.5347960252e-11
2.1461326319e+03 2.0246050179e-11
2.1570521198e+03 8.3464002423e-13
2.1679716076e+03 -1.9504423015e-11
2.1788910955e+03 -2.3694284030e-11
2.1898105833e+03 -1.7083807288e-11
2.2007300712e+03 6.5030340971e-12
2.2116495590e+03 3.8645308527e-11
2.2225690468e+03 7.2463044016e-11
2.2334885347e+03 1.0275989315e-10
2.2444080225e+03 1.1294984540e-10
2.2553275104e+03 1.1508028389e-10
2.2662469982e+03 9.0823792436e-11
2.2771664861e+03 7.5165711583e-11
2.2880859739e+03 4.7825714937e-11
2.2990054618e+03 4.8725386397e-11
2.3099249496e+03 4.5925960013e-11
2.3208444374e+03 6.8338727827e-11
2.3317639253e+03 7.4933336366e-11
2.3426834131e+03 9.3107876926e-11
2.3536029010e+03 8.2532263122e-11
2.3645223888e+03 7.7382229621e-11
2.3754418767e+03 4.3161457671e-11
2.3863613645e+03 1.2847332462e-11
2.3972808524e+03 -3.1787007334e-11
2.4082003402e+03 -7.0803771452e-11
2.4191198280e+03 -9.7933994705e-11
2.4300393159e+03 -1.1946665266e-10
2.4409588037e+03 -1.1025962417e-10
2.4518782916e+03 -1.0977934707e-10
2.4627977794e+03 -7.5730839641e-11
2.4737172673e+03 -6.7575055264e-11
2.4846367551e+03 -2.4923013748e-11
2.4955562430e+03 -8.4303822727e-12
2.5064757308e+03 4.2524460553e-11
2.5173952187e+03 7.0038488889e-11
2.5283147065e+03 1.1658507672e-10
2.5392341943e+03 1.3152958631e-10
2.5501536822e+03 1.5149786029e-10
2.5610731700e+03 1.4244828973e-10
2.5719926579e+03 1.4570796283e-10
2.5829121457e+03 1.3853155853e-10
2.5938316336e+03 1.4441147829e-10
2.6047511214e+03 1.5826366584e-10
2.6156706093e+03 1.5193233824e-10
2.6265900971e+03 1.7216368063e-10
2.6375095849e+03 1.2591658642e-10
2.6484290728e+03 1.2596772615e-10
2.6593485606e+03 4.1309131244e-11
2.6702680485e+03 1.2816157746e-11
2.6811875363e+03 -8.3193924872e-11
2.6921070242e+03 -1.2677052425e-10
2.7030265120e+03 -2.3046503573e-10
2.7139459999e+03 -2.6289924804e-10
2.7248654877e+03 -4.0350541935e-10
2.7357849755e+03 -3.6958161191e-10
2.7467044634e+03 -5.0454618697e-10
2.7576239512e+03 -2.5488089314e-10
2.7685434391e+03 1.2047857919e-10
2.7794629269e+03 1.3498632008e-09
2.7903824148e+03 3.5870494110e-09
2.8013019026e+03 -2.8842909309e-10
2.8122213905e+03 -9.3832910990e-09
