# Residual = MP_x + TP_x + MP_y + TP_y + d tau derivatives + Coriolis
# Columns: y_plus    value
3.9832992606e-01 -1.7792207672e-03
1.1887924427e+00 -7.8457945274e-04
1.9799514194e+00 -5.8608397872e-04
2.7719943680e+00 -7.7228721092e-04
3.5651283791e+00 -9.0282057695e-04
4.3595770683e+00 -1.0708914478e-03
5.1555775073e+00 -1.4952222850e-03
5.9533773809e+00 -2.0811264561e-03
6.7532325235e+00 -2.7746127221e-03
7.5554049053e+00 -3.3139866009e-03
8.3601610713e+00 -3.6409615056e-03
9.1677709952e+00 -3.6877707004e-03
9.9785072812e+00 -3.5533839653e-03
1.0792644643e+01 -3.2902461284e-03
1.1610459588e+01 -3.0099207403e-03
1.2432230253e+01 -2.7813200305e-03
1.3258236337e+01 -2.6492187873e-03
1.4088759099e+01 -2.5885143881e-03
1.4924081400e+01 -2.4932325194e-03
1.5764487770e+01 -2.2722747038e-03
1.6610264487e+01 -1.8355438356e-03
1.7461699667e+01 -1.2236235951e-03
1.8319083357e+01 -5.0692027402e-04
1.9182707631e+01 1.2011941758e-04
2.0052866693e+01 5.3350992242e-04
2.0929856971e+01 5.9671611079e-04
2.1813977219e+01 3.2511855827e-04
2.2705528623e+01 -2.8596010857e-04
2.3604814899e+01 -1.1447487862e-03
2.4512142398e+01 -2.2325965981e-03
2.5427820210e+01 -3.4546939318e-03
2.6352160271e+01 -4.7773895208e-03
2.7285477466e+01 -6.0769340183e-03
2.8228089740e+01 -7.2804849580e-03
2.9180318202e+01 -8.2263185027e-03
3.0142487241e+01 -8.7889811474e-03
3.1114924627e+01 -8.7616364045e-03
3.2097961633e+01 -8.0205365213e-03
3.3091933139e+01 -6.4753405579e-03
3.4097177753e+01 -4.2538909342e-03
3.5114037921e+01 -1.6124738700e-03
3.6142860047e+01 1.0346589510e-03
3.7183994610e+01 3.3405596016e-03
3.8237796283e+01 5.0163276345e-03
3.9304624055e+01 5.9583287484e-03
4.0384841351e+01 6.1698382359e-03
4.1478816159e+01 5.8014026953e-03
4.2586921152e+01 4.9668619846e-03
4.3709533817e+01 3.7542513531e-03
4.4847036585e+01 2.1984809014e-03
4.5999816957e+01 4.7076581338e-04
4.7168267640e+01 -1.1627604007e-03
4.8352786679e+01 -2.4077537390e-03
4.9553777591e+01 -3.1399484978e-03
5.0771649508e+01 -3.3465524238e-03
5.2006817308e+01 -3.1195449827e-03
5.3259701767e+01 -2.5714465319e-03
5.4530729690e+01 -1.8879269636e-03
5.5820334067e+01 -1.2400732104e-03
5.7128954215e+01 -7.6618607689e-04
5.8457035929e+01 -4.6897361186e-04
5.9805031633e+01 -2.9208064140e-04
6.1173400536e+01 -5.3421672822e-05
6.2562608788e+01 4.1640883578e-04
6.3973129635e+01 1.2881605831e-03
6.5405443587e+01 2.6470256790e-03
6.6860038576e+01 4.4743413447e-03
6.8337410125e+01 6.4313196839e-03
6.9838061516e+01 7.9589085998e-03
7.1362503960e+01 8.5018060432e-03
7.2911256775e+01 7.9206535503e-03
7.4484847559e+01 6.5207049301e-03
7.6083812373e+01 4.8538812089e-03
7.7708695921e+01 3.3741785918e-03
7.9360051734e+01 2.4831927877e-03
8.1038442365e+01 2.4416678261e-03
8.2744439576e+01 3.2182920200e-03
8.4478624530e+01 4.4203414118e-03
8.6241587997e+01 5.6233503365e-03
8.8033930547e+01 6.5365277213e-03
8.9856262762e+01 7.0468338940e-03
9.1709205436e+01 7.1195165464e-03
9.3593389795e+01 6.8228498886e-03
9.5509457704e+01 6.3160058670e-03
9.7458061892e+01 5.8386805314e-03
9.9439866172e+01 5.5341099662e-03
1.0145554566e+02 5.3116473412e-03
1.0350578703e+02 4.9312438325e-03
1.0559128871e+02 4.0757853706e-03
1.0771276115e+02 2.5544542536e-03
1.0987092704e+02 4.0722019566e-04
1.1206652160e+02 -2.0436050042e-03
1.1430029277e+02 -4.3843064972e-03
1.1657300151e+02 -6.3295552408e-03
1.1888542205e+02 -7.7543727472e-03
1.2123834212e+02 -8.6569681843e-03
1.2363256328e+02 -9.2228679448e-03
1.2606890115e+02 -9.7564919980e-03
1.2854818569e+02 -1.0403116192e-02
1.3107126148e+02 -1.1085944960e-02
1.3363898805e+02 -1.1596063404e-02
1.3625224012e+02 -1.1710681295e-02
1.3891190791e+02 -1.1308863863e-02
1.4161889747e+02 -1.0321652097e-02
1.4437413097e+02 -8.7567958240e-03
1.4717854699e+02 -6.8113301326e-03
1.5003310091e+02 -4.6114552239e-03
1.5293876514e+02 -1.9481577412e-03
1.5589652954e+02 1.4817140643e-03
1.5890740169e+02 5.5441420365e-03
1.6197240728e+02 9.5711951906e-03
1.6509259044e+02 1.2568909776e-02
1.6826901409e+02 1.3774004937e-02
1.7150276031e+02 1.3345861886e-02
1.7479493070e+02 1.2229360488e-02
1.7814664679e+02 1.1506273335e-02
1.8155905037e+02 1.1858858550e-02
1.8503330390e+02 1.3200406889e-02
1.8857059093e+02 1.4975384641e-02
1.9217211647e+02 1.6344667494e-02
1.9583910742e+02 1.6731815736e-02
1.9957281298e+02 1.6214748387e-02
2.0337450507e+02 1.5145274897e-02
2.0724547877e+02 1.4155893284e-02
2.1118705278e+02 1.3544854672e-02
2.1520056983e+02 1.2844387242e-02
2.1928739716e+02 1.1277144201e-02
2.2344892701e+02 8.3816328718e-03
2.2768657703e+02 4.6356211569e-03
2.3200179082e+02 8.2596281909e-04
2.3639603841e+02 -2.5490258256e-03
2.4087081674e+02 -5.1514672966e-03
2.4542765019e+02 -6.3986682644e-03
2.5006809109e+02 -5.6657144098e-03
2.5479372026e+02 -3.3738193082e-03
2.5960614754e+02 -4.8286912180e-04
2.6450701231e+02 1.8402104682e-03
2.6949798412e+02 2.6855385666e-03
2.7458076319e+02 2.5574555702e-03
2.7975708102e+02 3.0084846234e-03
2.8502870098e+02 4.7963658243e-03
2.9039741890e+02 8.0824807342e-03
2.9586506368e+02 1.1648198256e-02
3.0143349794e+02 1.3678258039e-02
3.0710461862e+02 1.4344623052e-02
3.1288035765e+02 1.4330462466e-02
3.1876268259e+02 1.4107364205e-02
3.2475359732e+02 1.3973770335e-02
3.3085514269e+02 1.4510837008e-02
3.3706939727e+02 1.5421501685e-02
3.4339847799e+02 1.5170054834e-02
3.4984454091e+02 1.3020615354e-02
3.5640978188e+02 1.0185007821e-02
3.6309643733e+02 7.9850006070e-03
3.6990678487e+02 7.0949113022e-03
3.7684314396e+02 7.5687228939e-03
3.8390787633e+02 8.0475014440e-03
3.9110338615e+02 6.8130018635e-03
3.9843211953e+02 4.3122661949e-03
4.0589656306e+02 1.9120080519e-03
4.1349924044e+02 1.1340409428e-04
4.2124270614e+02 -9.4034932214e-04
4.2912953435e+02 -1.6242427176e-03
4.3716230063e+02 -2.0713591239e-03
4.4534355328e+02 -2.8854853074e-03
4.5367577013e+02 -4.4121602252e-03
4.6216129653e+02 -5.7204278549e-03
4.7080225980e+02 -6.6137155475e-03
4.7960045663e+02 -6.6337711487e-03
4.8855721127e+02 -6.2307224332e-03
4.9767320634e+02 -6.1007279852e-03
5.0694829158e+02 -5.7929082089e-03
5.1638128212e+02 -5.2736935421e-03
5.2596976245e+02 -4.3659894126e-03
5.3570991718e+02 -3.5753306897e-03
5.4559641198e+02 -2.7685000216e-03
5.5562234697e+02 -1.6652893871e-03
5.6577930043e+02 -8.1000990105e-04
5.7605747209e+02 -2.6540354495e-04
5.8644592435e+02 -8.2654299238e-06
5.9693290738e+02 1.7363330597e-04
6.0750624294e+02 3.0753910569e-04
6.1815373393e+02 2.7249320614e-04
6.2886356302e+02 1.6536887218e-04
6.3962464611e+02 1.8838057473e-04
6.5042691296e+02 2.9829213632e-04
6.6126149787e+02 2.6587472109e-04
6.7212083508e+02 1.1513711347e-04
6.8299866488e+02 1.7357095713e-05
6.9388996500e+02 2.0075391437e-05
7.0479082754e+02 3.8858616747e-05
7.1569830307e+02 4.5676413940e-05
7.2661023225e+02 5.2157705082e-05
7.3752508151e+02 5.0030722958e-05
7.4844179417e+02 4.4868413342e-05
7.5935966386e+02 5.0284314178e-05
7.7027823245e+02 6.7484939040e-05
7.8119721165e+02 8.9254499650e-05
7.9211642543e+02 1.1080423467e-04
8.0303576952e+02 1.2716351013e-04
8.1395518398e+02 1.3528697984e-04
8.2487463536e+02 1.3487577329e-04
8.3579410559e+02 1.2814371059e-04
8.4671358515e+02 1.1539266593e-04
8.5763306920e+02 9.9125040715e-05
8.6855255537e+02 7.9460939137e-05
8.7947204248e+02 5.7501079495e-05
8.9039153002e+02 3.2106219584e-05
9.0131101774e+02 4.8316302615e-06
9.1223050554e+02 -2.3431837672e-05
9.2314999336e+02 -4.9047673700e-05
9.3406948120e+02 -7.0168626693e-05
9.4498896904e+02 -8.3908464933e-05
9.5590845688e+02 -8.9548450783e-05
9.6682794473e+02 -8.5347668389e-05
9.7774743257e+02 -7.1684388841e-05
9.8866692042e+02 -4.8548674968e-05
9.9958640826e+02 -1.8511657982e-05
1.0105058961e+03 1.0720064007e-05
1.0214253840e+03 3.8670980059e-05
1.0323448718e+03 5.5425440769e-05
1.0432643596e+03 7.3457962098e-05
1.0541838475e+03 8.4500026949e-05
1.0651033353e+03 8.6074514088e-05
1.0760228232e+03 7.4163417970e-05
1.0869423110e+03 4.7914334845e-05
1.0978617989e+03 9.6566810800e-06
1.1087812867e+03 -3.9242196635e-05
1.1197007746e+03 -9.4790014779e-05
1.1306202624e+03 -1.5354449962e-04
1.1415397502e+03 -2.0953126066e-04
1.1524592381e+03 -2.5718678841e-04
1.1633787259e+03 -2.9056781710e-04
1.1742982138e+03 -3.0644916027e-04
1.1852177016e+03 -3.0268682910e-04
1.1961371895e+03 -2.8124130282e-04
1.2070566773e+03 -2.4422748566e-04
1.2179761652e+03 -1.9583304255e-04
1.2288956530e+03 -1.3882305014e-04
1.2398151408e+03 -7.7197258294e-05
1.2507346287e+03 -1.4131511698e-05
1.2616541165e+03 4.7150140173e-05
1.2725736044e+03 1.0454016716e-04
1.2834930922e+03 1.5680246999e-04
1.2944125801e+03 2.0184665952e-04
1.3053320679e+03 2.3865230082e-04
1.3162515558e+03 2.6428080879e-04
1.3271710436e+03 2.7947342886e-04
1.3380905314e+03 2.8357419623e-04
1.3490100193e+03 2.8117481708e-04
1.3599295071e+03 2.7439381434e-04
1.3708489950e+03 2.6864409816e-04
1.3817684828e+03 2.6533816152e-04
1.3926879707e+03 2.6659275053e-04
1.4036074585e+03 2.7130321150e-04
1.4145269464e+03 2.7732986987e-04
1.4254464342e+03 2.8251304252e-04
1.4363659220e+03 2.8366684163e-04
1.4472854099e+03 2.8209942907e-04
1.4582048977e+03 2.7627569430e-04
1.4691243856e+03 2.6987456532e-04
1.4800438734e+03 2.5952273040e-04
1.4909633613e+03 2.4815736115e-04
1.5018828491e+03 2.3100906538e-04
1.5128023370e+03 2.1262937156e-04
1.5237218248e+03 1.9059136795e-04
1.5346413126e+03 1.7239010930e-04
1.5455608005e+03 1.5674337167e-04
1.5564802883e+03 1.4864877894e-04
1.5673997762e+03 1.4217255346e-04
1.5783192640e+03 1.3662288140e-04
1.5892387519e+03 1.2397766327e-04
1.6001582397e+03 1.0419622466e-04
1.6110777276e+03 7.3241959890e-05
1.6219972154e+03 3.5159703585e-05
1.6329167032e+03 -9.9132726868e-06
1.6438361911e+03 -5.4923989351e-05
1.6547556789e+03 -9.7353723793e-05
1.6656751668e+03 -1.3000201153e-04
1.6765946546e+03 -1.5142079899e-04
1.6875141425e+03 -1.5874903219e-04
1.6984336303e+03 -1.5498201041e-04
1.7093531182e+03 -1.4312862798e-04
1.7202726060e+03 -1.2793532279e-04
1.7311920938e+03 -1.1214901522e-04
1.7421115817e+03 -9.5555800377e-05
1.7530310695e+03 -7.7729859795e-05
1.7639505574e+03 -5.6012936651e-05
1.7748700452e+03 -3.2365865181e-05
1.7857895331e+03 -6.5916454655e-06
1.7967090209e+03 1.6030200294e-05
1.8076285088e+03 3.5426581932e-05
1.8185479966e+03 4.7498969323e-05
1.8294674844e+03 5.5295226056e-05
1.8403869723e+03 5.7713240949e-05
1.8513064601e+03 5.9282608374e-05
1.8622259480e+03 5.8276927234e-05
1.8731454358e+03 5.6508034584e-05
1.8840649237e+03 5.0243194342e-05
1.8949844115e+03 4.0673181308e-05
1.9059038994e+03 2.5965408386e-05
1.9168233872e+03 9.2897203441e-06
1.9277428750e+03 -9.8236279635e-06
1.9386623629e+03 -2.8702521853e-05
1.9495818507e+03 -4.8803870783e-05
1.9605013386e+03 -6.7657942238e-05
1.9714208264e+03 -8.5478812008e-05
1.9823403143e+03 -9.8202455112e-05
1.9932598021e+03 -1.0605377762e-04
2.0041792900e+03 -1.0736492753e-04
2.0150987778e+03 -1.0518046526e-04
2.0260182656e+03 -9.9706693940e-05
2.0369377535e+03 -9.2682507765e-05
2.0478572413e+03 -8.2579796264e-05
2.0587767292e+03 -6.9244936257e-05
2.0696962170e+03 -5.2302298018e-05
2.0806157049e+03 -3.3741947949e-05
2.0915351927e+03 -1.6295825854e-05
2.1024546806e+03 -3.1628484869e-06
2.1133741684e+03 3.7943764088e-06
2.1242936562e+03 4.5886411042e-06
2.1352131441e+03 1.6530975639e-06
2.1461326319e+03 -1.8904008137e-06
2.1570521198e+03 -2.1639040992e-06
2.1679716076e+03 2.5467191924e-06
2.1788910955e+03 1.4140106342e-05
2.1898105833e+03 3.1711089165e-05
2.2007300712e+03 5.5801030308e-05
2.2116495590e+03 8.4834594860e-05
2.2225690468e+03 1.1931880572e-04
2.2334885347e+03 1.5713642707e-04
2.2444080225e+03 1.9659409225e-04
2.2553275104e+03 2.3227354257e-04
2.2662469982e+03 2.5923050914e-04
2.2771664861e+03 2.7175239465e-04
2.2880859739e+03 2.6733393813e-04
2.2990054618e+03 2.4627044940e-04
2.3099249496e+03 2.1153348138e-04
2.3208444374e+03 1.6980624922e-04
2.3317639253e+03 1.2608015966e-04
2.3426834131e+03 8.8286970658e-05
2.3536029010e+03 5.6763947985e-05
2.3645223888e+03 3.5663973747e-05
2.3754418767e+03 1.9405407475e-05
2.3863613645e+03 1.1003556213e-05
2.3972808524e+03 4.3415235241e-06
2.4082003402e+03 4.8405085897e-06
2.4191198280e+03 7.6331514166e-06
2.4300393159e+03 1.8432393042e-05
2.4409588037e+03 3.2318560494e-05
2.4518782916e+03 5.3456335647e-05
2.4627977794e+03 7.7300495489e-05
2.4737172673e+03 1.0543248342e-04
2.4846367551e+03 1.3288298983e-04
2.4955562430e+03 1.5735227473e-04
2.5064757308e+03 1.7396321040e-04
2.5173952187e+03 1.7854915881e-04
2.5283147065e+03 1.6937681521e-04
2.5392341943e+03 1.4384499790e-04
2.5501536822e+03 1.0643411708e-04
2.5610731700e+03 5.8156543872e-05
2.5719926579e+03 8.9279484963e-06
2.5829121457e+03 -4.0496758229e-05
2.5938316336e+03 -8.1031336648e-05
2.6047511214e+03 -1.1689100587e-04
2.6156706093e+03 -1.4205340034e-04
2.6265900971e+03 -1.6322036567e-04
2.6375095849e+03 -1.7458552417e-04
2.6484290728e+03 -1.8181500056e-04
2.6593485606e+03 -1.7915055433e-04
2.6702680485e+03 -1.7184138464e-04
2.6811875363e+03 -1.5555901205e-04
2.6921070242e+03 -1.3540322439e-04
2.7030265120e+03 -1.0807684756e-04
2.7139459999e+03 -7.8825250715e-05
2.7248654877e+03 -4.5462605499e-05
2.7357849755e+03 -1.3231784330e-05
2.7467044634e+03 2.0783271651e-05
2.7576239512e+03 5.1879633284e-05
2.7685434391e+03 8.2943651039e-05
2.7794629269e+03 1.0719140901e-04
2.7903824148e+03 1.2433627261e-04
2.8013019026e+03 1.0052438647e-04
2.8122213905e+03 3.9729987110e-05
