# Momentum production x-direction
# Columns: y_plus    value
3.9832992606e-01 -3.7433896039e-05
1.1887924427e+00 -3.0968566101e-04
1.9799514194e+00 -8.0153729716e-04
2.7719943680e+00 -1.4846321413e-03
3.5651283791e+00 -2.3823503473e-03
4.3595770683e+00 -3.5855219456e-03
5.1555775073e+00 -5.2140605901e-03
5.9533773809e+00 -7.3307284673e-03
6.7532325235e+00 -9.8643778382e-03
7.5554049053e+00 -1.2595890417e-02
8.3601610713e+00 -1.5220881929e-02
9.1677709952e+00 -1.7459697355e-02
9.9785072812e+00 -1.9163227103e-02
1.0792644643e+01 -2.0360483668e-02
1.1610459588e+01 -2.1226385407e-02
1.2432230253e+01 -2.1991444292e-02
1.3258236337e+01 -2.2836601688e-02
1.4088759099e+01 -2.3825706915e-02
1.4924081400e+01 -2.4891869269e-02
1.5764487770e+01 -2.5884220591e-02
1.6610264487e+01 -2.6638818432e-02
1.7461699667e+01 -2.7048787647e-02
1.8319083357e+01 -2.7091199440e-02
1.9182707631e+01 -2.6813568043e-02
2.0052866693e+01 -2.6286137135e-02
2.0929856971e+01 -2.5564419349e-02
2.1813977219e+01 -2.4677621142e-02
2.2705528623e+01 -2.3657649518e-02
2.3604814899e+01 -2.2581337502e-02
2.4512142398e+01 -2.1613146386e-02
2.5427820210e+01 -2.0999237373e-02
2.6352160271e+01 -2.0997359630e-02
2.7285477466e+01 -2.1753536010e-02
2.8228089740e+01 -2.3212890361e-02
2.9180318202e+01 -2.5104452125e-02
3.0142487241e+01 -2.7017746863e-02
3.1114924627e+01 -2.8526505093e-02
3.2097961633e+01 -2.9332298165e-02
3.3091933139e+01 -2.9369969729e-02
3.4097177753e+01 -2.8842534949e-02
3.5114037921e+01 -2.8135148674e-02
3.6142860047e+01 -2.7646518922e-02
3.7183994610e+01 -2.7641819699e-02
3.8237796283e+01 -2.8221020469e-02
3.9304624055e+01 -2.9339310922e-02
4.0384841351e+01 -3.0830102939e-02
4.1478816159e+01 -3.2463733739e-02
4.2586921152e+01 -3.4083785130e-02
4.3709533817e+01 -3.5704532438e-02
4.4847036585e+01 -3.7461617603e-02
4.5999816957e+01 -3.9442852721e-02
4.7168267640e+01 -4.1553491735e-02
4.8352786679e+01 -4.3514184878e-02
4.9553777591e+01 -4.4964496607e-02
5.0771649508e+01 -4.5588467675e-02
5.2006817308e+01 -4.5245196029e-02
5.3259701767e+01 -4.4052052800e-02
5.4530729690e+01 -4.2389429806e-02
5.5820334067e+01 -4.0793334218e-02
5.7128954215e+01 -3.9769877751e-02
5.8457035929e+01 -3.9620447329e-02
5.9805031633e+01 -4.0323958251e-02
6.1173400536e+01 -4.1550505873e-02
6.2562608788e+01 -4.2856213759e-02
6.3973129635e+01 -4.3851066745e-02
6.5405443587e+01 -4.4246821068e-02
6.6860038576e+01 -4.3950008658e-02
6.8337410125e+01 -4.3203167963e-02
6.9838061516e+01 -4.2536439672e-02
7.1362503960e+01 -4.2456584436e-02
7.2911256775e+01 -4.3099605151e-02
7.4484847559e+01 -4.4212906703e-02
7.6083812373e+01 -4.5494312801e-02
7.7708695921e+01 -4.6815241033e-02
7.9360051734e+01 -4.8086873468e-02
8.1038442365e+01 -4.9147769696e-02
8.2744439576e+01 -4.9919724091e-02
8.4478624530e+01 -5.0466420150e-02
8.6241587997e+01 -5.0839609293e-02
8.8033930547e+01 -5.1009745118e-02
8.9856262762e+01 -5.0968836068e-02
9.1709205436e+01 -5.0846023242e-02
9.3593389795e+01 -5.0876359238e-02
9.5509457704e+01 -5.1232324174e-02
9.7458061892e+01 -5.1907649637e-02
9.9439866172e+01 -5.2793183991e-02
1.0145554566e+02 -5.3804327042e-02
1.0350578703e+02 -5.4887928299e-02
1.0559128871e+02 -5.6048010226e-02
1.0771276115e+02 -5.7223301230e-02
1.0987092704e+02 -5.8270506442e-02
1.1206652160e+02 -5.9007895797e-02
1.1430029277e+02 -5.9339189382e-02
1.1657300151e+02 -5.9311391214e-02
1.1888542205e+02 -5.9003605550e-02
1.2123834212e+02 -5.8458933366e-02
1.2363256328e+02 -5.7759949000e-02
1.2606890115e+02 -5.7005677314e-02
1.2854818569e+02 -5.6216179426e-02
1.3107126148e+02 -5.5471325549e-02
1.3363898805e+02 -5.4967333924e-02
1.3625224012e+02 -5.4918408962e-02
1.3891190791e+02 -5.5416564862e-02
1.4161889747e+02 -5.6169803678e-02
1.4437413097e+02 -5.6625172296e-02
1.4717854699e+02 -5.6464971644e-02
1.5003310091e+02 -5.5645267134e-02
1.5293876514e+02 -5.4220087940e-02
1.5589652954e+02 -5.2307715512e-02
1.5890740169e+02 -5.0223655275e-02
1.6197240728e+02 -4.8450040954e-02
1.6509259044e+02 -4.7586347439e-02
1.6826901409e+02 -4.8147013950e-02
1.7150276031e+02 -5.0057613500e-02
1.7479493070e+02 -5.2717459794e-02
1.7814664679e+02 -5.5478842883e-02
1.8155905037e+02 -5.7879482303e-02
1.8503330390e+02 -5.9795956791e-02
1.8857059093e+02 -6.1177385556e-02
1.9217211647e+02 -6.2113363002e-02
1.9583910742e+02 -6.2790030159e-02
1.9957281298e+02 -6.3388369422e-02
2.0337450507e+02 -6.4305003193e-02
2.0724547877e+02 -6.5721184016e-02
2.1118705278e+02 -6.7564044368e-02
2.1520056983e+02 -6.9939390062e-02
2.1928739716e+02 -7.3047775946e-02
2.2344892701e+02 -7.6646827985e-02
2.2768657703e+02 -7.9913506644e-02
2.3200179082e+02 -8.2178881950e-02
2.3639603841e+02 -8.3521558226e-02
2.4087081674e+02 -8.4425926975e-02
2.4542765019e+02 -8.4775378531e-02
2.5006809109e+02 -8.4112576743e-02
2.5479372026e+02 -8.2722912766e-02
2.5960614754e+02 -8.1073627388e-02
2.6450701231e+02 -7.9892128801e-02
2.6949798412e+02 -7.9960743778e-02
2.7458076319e+02 -8.0937232727e-02
2.7975708102e+02 -8.1791582186e-02
2.8502870098e+02 -8.2047636021e-02
2.9039741890e+02 -8.1244723089e-02
2.9586506368e+02 -8.0000595113e-02
3.0143349794e+02 -7.9453173835e-02
3.0710461862e+02 -7.8988031878e-02
3.1288035765e+02 -7.7986246765e-02
3.1876268259e+02 -7.6670781964e-02
3.2475359732e+02 -7.5751707772e-02
3.3085514269e+02 -7.5294118850e-02
3.3706939727e+02 -7.5944184960e-02
3.4339847799e+02 -7.9035675596e-02
3.4984454091e+02 -8.4441220178e-02
3.5640978188e+02 -9.0049310088e-02
3.6309643733e+02 -9.4147100199e-02
3.6990678487e+02 -9.6271925990e-02
3.7684314396e+02 -9.6948996822e-02
3.8390787633e+02 -9.7806154950e-02
3.9110338615e+02 -1.0085346838e-01
3.9843211953e+02 -1.0566223105e-01
4.0589656306e+02 -1.1051792686e-01
4.1349924044e+02 -1.1449942714e-01
4.2124270614e+02 -1.1718801932e-01
4.2912953435e+02 -1.1909606800e-01
4.3716230063e+02 -1.2059435254e-01
4.4534355328e+02 -1.2255124689e-01
4.5367577013e+02 -1.2546591780e-01
4.6216129653e+02 -1.2844960193e-01
4.7080225980e+02 -1.3121107162e-01
4.7960045663e+02 -1.3295470702e-01
4.8855721127e+02 -1.3390473558e-01
4.9767320634e+02 -1.3466498611e-01
5.0694829158e+02 -1.3493064537e-01
5.1638128212e+02 -1.3499110218e-01
5.2596976245e+02 -1.3487325499e-01
5.3570991718e+02 -1.3520436282e-01
5.4559641198e+02 -1.3574190315e-01
5.5562234697e+02 -1.3601289799e-01
5.6577930043e+02 -1.3639199678e-01
5.7605747209e+02 -1.3682996238e-01
5.8644592435e+02 -1.3726655727e-01
5.9693290738e+02 -1.3754898856e-01
6.0750624294e+02 -1.3772991807e-01
6.1815373393e+02 -1.3796089323e-01
6.2886356302e+02 -1.3817372191e-01
6.3962464611e+02 -1.3822636463e-01
6.5042691296e+02 -1.3819830588e-01
6.6126149787e+02 -1.3831030031e-01
6.7212083508e+02 -1.3851769422e-01
6.8299866488e+02 -1.3866012349e-01
6.9388996500e+02 -1.3870493007e-01
7.0479082754e+02 -1.3873004757e-01
7.1569830307e+02 -1.3875773763e-01
7.2661023225e+02 -1.3877739614e-01
7.3752508151e+02 -1.3879584825e-01
7.4844179417e+02 -1.3880942865e-01
7.5935966386e+02 -1.3880915802e-01
7.7027823245e+02 -1.3879843196e-01
7.8119721165e+02 -1.3878164385e-01
7.9211642543e+02 -1.3876030908e-01
8.0303576952e+02 -1.3873953816e-01
8.1395518398e+02 -1.3872516583e-01
8.2487463536e+02 -1.3871865264e-01
8.3579410559e+02 -1.3871871441e-01
8.4671358515e+02 -1.3872574601e-01
8.5763306920e+02 -1.3873865366e-01
8.6855255537e+02 -1.3875688381e-01
8.7947204248e+02 -1.3877842333e-01
8.9039153002e+02 -1.3880251775e-01
9.0131101774e+02 -1.3882702487e-01
9.1223050554e+02 -1.3885091825e-01
9.2314999336e+02 -1.3887196506e-01
9.3406948120e+02 -1.3888911129e-01
9.4498896904e+02 -1.3890068776e-01
9.5590845688e+02 -1.3890623532e-01
9.6682794473e+02 -1.3890509393e-01
9.7774743257e+02 -1.3889786139e-01
9.8866692042e+02 -1.3888527572e-01
9.9958640826e+02 -1.3886922126e-01
1.0105058961e+03 -1.3885473159e-01
1.0214253840e+03 -1.3884608911e-01
1.0323448718e+03 -1.3884110345e-01
1.0432643596e+03 -1.3883706446e-01
1.0541838475e+03 -1.3883099816e-01
1.0651033353e+03 -1.3882833974e-01
1.0760228232e+03 -1.3883108847e-01
1.0869423110e+03 -1.3884121737e-01
1.0978617989e+03 -1.3885863789e-01
1.1087812867e+03 -1.3888367482e-01
1.1197007746e+03 -1.3891419461e-01
1.1306202624e+03 -1.3894753090e-01
1.1415397502e+03 -1.3898004510e-01
1.1524592381e+03 -1.3900710170e-01
1.1633787259e+03 -1.3902502760e-01
1.1742982138e+03 -1.3903089139e-01
1.1852177016e+03 -1.3902386945e-01
1.1961371895e+03 -1.3900422623e-01
1.2070566773e+03 -1.3897338723e-01
1.2179761652e+03 -1.3893305188e-01
1.2288956530e+03 -1.3888580078e-01
1.2398151408e+03 -1.3883382937e-01
1.2507346287e+03 -1.3878029496e-01
1.2616541165e+03 -1.3872709485e-01
1.2725736044e+03 -1.3867671348e-01
1.2834930922e+03 -1.3862966922e-01
1.2944125801e+03 -1.3858794070e-01
1.3053320679e+03 -1.3855183585e-01
1.3162515558e+03 -1.3852374290e-01
1.3271710436e+03 -1.3850292938e-01
1.3380905314e+03 -1.3849060169e-01
1.3490100193e+03 -1.3848463611e-01
1.3599295071e+03 -1.3848514986e-01
1.3708489950e+03 -1.3848881072e-01
1.3817684828e+03 -1.3849390070e-01
1.3926879707e+03 -1.3849745070e-01
1.4036074585e+03 -1.3849896901e-01
1.4145269464e+03 -1.3849895580e-01
1.4254464342e+03 -1.3849808330e-01
1.4363659220e+03 -1.3849829297e-01
1.4472854099e+03 -1.3849938404e-01
1.4582048977e+03 -1.3850407779e-01
1.4691243856e+03 -1.3851113945e-01
1.4800438734e+03 -1.3852344849e-01
1.4909633613e+03 -1.3853820552e-01
1.5018828491e+03 -1.3855781649e-01
1.5128023370e+03 -1.3857787238e-01
1.5237218248e+03 -1.3859974792e-01
1.5346413126e+03 -1.3861809074e-01
1.5455608005e+03 -1.3863483157e-01
1.5564802883e+03 -1.3864683262e-01
1.5673997762e+03 -1.3865890273e-01
1.5783192640e+03 -1.3867078521e-01
1.5892387519e+03 -1.3868799067e-01
1.6001582397e+03 -1.3870919779e-01
1.6110777276e+03 -1.3873666853e-01
1.6219972154e+03 -1.3876620541e-01
1.6329167032e+03 -1.3879772423e-01
1.6438361911e+03 -1.3882654317e-01
1.6547556789e+03 -1.3885222375e-01
1.6656751668e+03 -1.3887129764e-01
1.6765946546e+03 -1.3888437567e-01
1.6875141425e+03 -1.3889077246e-01
1.6984336303e+03 -1.3889219575e-01
1.7093531182e+03 -1.3888931373e-01
1.7202726060e+03 -1.3888272326e-01
1.7311920938e+03 -1.3887343371e-01
1.7421115817e+03 -1.3886120358e-01
1.7530310695e+03 -1.3884792671e-01
1.7639505574e+03 -1.3883225050e-01
1.7748700452e+03 -1.3881624329e-01
1.7857895331e+03 -1.3879786149e-01
1.7967090209e+03 -1.3878051496e-01
1.8076285088e+03 -1.3876290194e-01
1.8185479966e+03 -1.3874908057e-01
1.8294674844e+03 -1.3873708378e-01
1.8403869723e+03 -1.3872978233e-01
1.8513064601e+03 -1.3872473070e-01
1.8622259480e+03 -1.3872467167e-01
1.8731454358e+03 -1.3872808003e-01
1.8840649237e+03 -1.3873749979e-01
1.8949844115e+03 -1.3875102005e-01
1.9059038994e+03 -1.3876949161e-01
1.9168233872e+03 -1.3879014919e-01
1.9277428750e+03 -1.3881295728e-01
1.9386623629e+03 -1.3883531659e-01
1.9495818507e+03 -1.3885686810e-01
1.9605013386e+03 -1.3887519639e-01
1.9714208264e+03 -1.3888997387e-01
1.9823403143e+03 -1.3889988712e-01
1.9932598021e+03 -1.3890595180e-01
2.0041792900e+03 -1.3890843829e-01
2.0150987778e+03 -1.3890875136e-01
2.0260182656e+03 -1.3890642230e-01
2.0369377535e+03 -1.3890123748e-01
2.0478572413e+03 -1.3889178627e-01
2.0587767292e+03 -1.3887833380e-01
2.0696962170e+03 -1.3886142102e-01
2.0806157049e+03 -1.3884383995e-01
2.0915351927e+03 -1.3882781152e-01
2.1024546806e+03 -1.3881626802e-01
2.1133741684e+03 -1.3880935555e-01
2.1242936562e+03 -1.3880703830e-01
2.1352131441e+03 -1.3880652708e-01
2.1461326319e+03 -1.3880645874e-01
2.1570521198e+03 -1.3880390098e-01
2.1679716076e+03 -1.3879817692e-01
2.1788910955e+03 -1.3878712628e-01
2.1898105833e+03 -1.3877101482e-01
2.2007300712e+03 -1.3874883688e-01
2.2116495590e+03 -1.3872197995e-01
2.2225690468e+03 -1.3869070764e-01
2.2334885347e+03 -1.3865736000e-01
2.2444080225e+03 -1.3862372898e-01
2.2553275104e+03 -1.3859293311e-01
2.2662469982e+03 -1.3856791736e-01
2.2771664861e+03 -1.3855101804e-01
2.2880859739e+03 -1.3854462951e-01
2.2990054618e+03 -1.3854815036e-01
2.3099249496e+03 -1.3856225944e-01
2.3208444374e+03 -1.3858295370e-01
2.3317639253e+03 -1.3861003554e-01
2.3426834131e+03 -1.3863761881e-01
2.3536029010e+03 -1.3866637368e-01
2.3645223888e+03 -1.3869063402e-01
2.3754418767e+03 -1.3871304326e-01
2.3863613645e+03 -1.3872907591e-01
2.3972808524e+03 -1.3874241992e-01
2.4082003402e+03 -1.3874918672e-01
2.4191198280e+03 -1.3875281476e-01
2.4300393159e+03 -1.3875018928e-01
2.4409588037e+03 -1.3874409429e-01
2.4518782916e+03 -1.3873283287e-01
2.4627977794e+03 -1.3871867516e-01
2.4737172673e+03 -1.3870234067e-01
2.4846367551e+03 -1.3868613808e-01
2.4955562430e+03 -1.3867358080e-01
2.5064757308e+03 -1.3866639401e-01
2.5173952187e+03 -1.3866947037e-01
2.5283147065e+03 -1.3868197155e-01
2.5392341943e+03 -1.3870786343e-01
2.5501536822e+03 -1.3874176378e-01
2.5610731700e+03 -1.3878547398e-01
2.5719926579e+03 -1.3882973502e-01
2.5829121457e+03 -1.3887632015e-01
2.5938316336e+03 -1.3891569459e-01
2.6047511214e+03 -1.3895220843e-01
2.6156706093e+03 -1.3897795357e-01
2.6265900971e+03 -1.3899937219e-01
2.6375095849e+03 -1.3900949609e-01
2.6484290728e+03 -1.3901523725e-01
2.6593485606e+03 -1.3900993903e-01
2.6702680485e+03 -1.3900059843e-01
2.6811875363e+03 -1.3898119083e-01
2.6921070242e+03 -1.3895927478e-01
2.7030265120e+03 -1.3892982912e-01
2.7139459999e+03 -1.3890106836e-01
2.7248654877e+03 -1.3886838842e-01
2.7357849755e+03 -1.3883946273e-01
2.7467044634e+03 -1.3880875934e-01
2.7576239512e+03 -1.3878290127e-01
2.7685434391e+03 -1.3875611008e-01
2.7794629269e+03 -1.3873557998e-01
2.7903824148e+03 -1.3871598532e-01
2.8013019026e+03 -1.3870463507e-01
2.8122213905e+03 -1.3869465608e-01
