# Turbulent production y-direction
# Columns: y_plus    value
3.9832992606e-01 -3.5355841644e-03
1.1887924427e+00 2.9322787527e-02
1.9799514194e+00 7.1635369307e-02
2.7719943680e+00 1.2917327589e-01
3.5651283791e+00 1.9267471279e-01
4.3595770683e+00 2.5257761890e-01
5.1555775073e+00 3.0140732293e-01
5.9533773809e+00 3.3529653921e-01
6.7532325235e+00 3.5352258870e-01
7.5554049053e+00 3.5764862536e-01
8.3601610713e+00 3.5028522389e-01
9.1677709952e+00 3.3434154242e-01
9.9785072812e+00 3.1262096056e-01
1.0792644643e+01 2.8759521582e-01
1.1610459588e+01 2.6128808484e-01
1.2432230253e+01 2.3509497840e-01
1.3258236337e+01 2.0990854044e-01
1.4088759099e+01 1.8619071552e-01
1.4924081400e+01 1.6426172858e-01
1.5764487770e+01 1.4426808941e-01
1.6610264487e+01 1.2632030234e-01
1.7461699667e+01 1.1035164873e-01
1.8319083357e+01 9.6255246161e-02
1.9182707631e+01 8.3765603691e-02
2.0052866693e+01 7.2635449245e-02
2.0929856971e+01 6.2567405931e-02
2.1813977219e+01 5.3410704502e-02
2.2705528623e+01 4.5061493533e-02
2.3604814899e+01 3.7571744732e-02
2.4512142398e+01 3.0991582371e-02
2.5427820210e+01 2.5417548143e-02
2.6352160271e+01 2.0808535081e-02
2.7285477466e+01 1.7042687425e-02
2.8228089740e+01 1.3850270738e-02
2.9180318202e+01 1.0986403976e-02
3.0142487241e+01 8.2295152364e-03
3.1114924627e+01 5.5080600000e-03
3.2097961633e+01 2.8409826565e-03
3.3091933139e+01 3.7006226982e-04
3.4097177753e+01 -1.7870007201e-03
3.5114037921e+01 -3.5580158930e-03
3.6142860047e+01 -4.9879565859e-03
3.7183994610e+01 -6.1583506660e-03
3.8237796283e+01 -7.1930451213e-03
3.9304624055e+01 -8.1665327514e-03
4.0384841351e+01 -9.1102885797e-03
4.1478816159e+01 -1.0011104579e-02
4.2586921152e+01 -1.0905854782e-02
4.3709533817e+01 -1.1839193365e-02
4.4847036585e+01 -1.2814222776e-02
4.5999816957e+01 -1.3719855118e-02
4.7168267640e+01 -1.4427402073e-02
4.8352786679e+01 -1.4899946060e-02
4.9553777591e+01 -1.5270658773e-02
5.0771649508e+01 -1.5743107387e-02
5.2006817308e+01 -1.6463725191e-02
5.3259701767e+01 -1.7424863636e-02
5.4530729690e+01 -1.8522859822e-02
5.5820334067e+01 -1.9582457320e-02
5.7128954215e+01 -2.0408094349e-02
5.8457035929e+01 -2.0884495616e-02
5.9805031633e+01 -2.1081180002e-02
6.1173400536e+01 -2.1137843455e-02
6.2562608788e+01 -2.1128668167e-02
6.3973129635e+01 -2.1045504307e-02
6.5405443587e+01 -2.0892485993e-02
6.6860038576e+01 -2.0703293258e-02
6.8337410125e+01 -2.0571441235e-02
6.9838061516e+01 -2.0645555262e-02
7.1362503960e+01 -2.1075563335e-02
7.2911256775e+01 -2.1903999779e-02
7.4484847559e+01 -2.2994258850e-02
7.6083812373e+01 -2.4031583436e-02
7.7708695921e+01 -2.4680953710e-02
7.9360051734e+01 -2.4732932274e-02
8.1038442365e+01 -2.4147695160e-02
8.2744439576e+01 -2.3020618466e-02
8.4478624530e+01 -2.1568170270e-02
8.6241587997e+01 -2.0073459706e-02
8.8033930547e+01 -1.8766261475e-02
8.9856262762e+01 -1.7713484531e-02
9.1709205436e+01 -1.6808829006e-02
9.3593389795e+01 -1.5866717404e-02
9.5509457704e+01 -1.4764018843e-02
9.7458061892e+01 -1.3509797454e-02
9.9439866172e+01 -1.2264406052e-02
1.0145554566e+02 -1.1299718168e-02
1.0350578703e+02 -1.0857057492e-02
1.0559128871e+02 -1.1012632566e-02
1.0771276115e+02 -1.1678708336e-02
1.0987092704e+02 -1.2670124178e-02
1.1206652160e+02 -1.3746374972e-02
1.1430029277e+02 -1.4680625230e-02
1.1657300151e+02 -1.5364534191e-02
1.1888542205e+02 -1.5858305289e-02
1.2123834212e+02 -1.6324148139e-02
1.2363256328e+02 -1.6867924536e-02
1.2606890115e+02 -1.7449074077e-02
1.2854818569e+02 -1.7948424875e-02
1.3107126148e+02 -1.8237568012e-02
1.3363898805e+02 -1.8213566543e-02
1.3625224012e+02 -1.7872742811e-02
1.3891190791e+02 -1.7347591602e-02
1.4161889747e+02 -1.6826511627e-02
1.4437413097e+02 -1.6409848664e-02
1.4717854699e+02 -1.6080837746e-02
1.5003310091e+02 -1.5801555619e-02
1.5293876514e+02 -1.5544644833e-02
1.5589652954e+02 -1.5302037300e-02
1.5890740169e+02 -1.5116015034e-02
1.6197240728e+02 -1.5030041096e-02
1.6509259044e+02 -1.5018348862e-02
1.6826901409e+02 -1.4967901962e-02
1.7150276031e+02 -1.4747437607e-02
1.7479493070e+02 -1.4331990246e-02
1.7814664679e+02 -1.3783703135e-02
1.8155905037e+02 -1.3198891938e-02
1.8503330390e+02 -1.2709081675e-02
1.8857059093e+02 -1.2435650109e-02
1.9217211647e+02 -1.2435847589e-02
1.9583910742e+02 -1.2621790185e-02
1.9957281298e+02 -1.2796529183e-02
2.0337450507e+02 -1.2785791635e-02
2.0724547877e+02 -1.2446110242e-02
2.1118705278e+02 -1.1755751153e-02
2.1520056983e+02 -1.0857985698e-02
2.1928739716e+02 -1.0018502686e-02
2.2344892701e+02 -9.5361439640e-03
2.2768657703e+02 -9.5563962534e-03
2.3200179082e+02 -9.9986815873e-03
2.3639603841e+02 -1.0599482915e-02
2.4087081674e+02 -1.1043318427e-02
2.4542765019e+02 -1.1110668177e-02
2.5006809109e+02 -1.0736469025e-02
2.5479372026e+02 -1.0050434926e-02
2.5960614754e+02 -9.3003986500e-03
2.6450701231e+02 -8.6925816087e-03
2.6949798412e+02 -8.3042188433e-03
2.7458076319e+02 -8.0827662906e-03
2.7975708102e+02 -7.9069907440e-03
2.8502870098e+02 -7.6778732269e-03
2.9039741890e+02 -7.4482734251e-03
2.9586506368e+02 -7.3136779171e-03
3.0143349794e+02 -7.2469065814e-03
3.0710461862e+02 -7.1736622360e-03
3.1288035765e+02 -7.0229788054e-03
3.1876268259e+02 -6.7718650728e-03
3.2475359732e+02 -6.4762493328e-03
3.3085514269e+02 -6.1678350094e-03
3.3706939727e+02 -5.8640223018e-03
3.4339847799e+02 -5.5769425154e-03
3.4984454091e+02 -5.2493165230e-03
3.5640978188e+02 -4.8460028756e-03
3.6309643733e+02 -4.4167686784e-03
3.6990678487e+02 -4.0757286532e-03
3.7684314396e+02 -3.9129885413e-03
3.8390787633e+02 -3.8832801112e-03
3.9110338615e+02 -3.8949453410e-03
3.9843211953e+02 -3.8809155566e-03
4.0589656306e+02 -3.7710917031e-03
4.1349924044e+02 -3.5439345748e-03
4.2124270614e+02 -3.2356975720e-03
4.2912953435e+02 -2.9078731049e-03
4.3716230063e+02 -2.6096949065e-03
4.4534355328e+02 -2.3327762199e-03
4.5367577013e+02 -2.0617573444e-03
4.6216129653e+02 -1.7883023655e-03
4.7080225980e+02 -1.5149205014e-03
4.7960045663e+02 -1.2653230639e-03
4.8855721127e+02 -1.0449657307e-03
4.9767320634e+02 -8.6487455825e-04
5.0694829158e+02 -7.4271838513e-04
5.1638128212e+02 -6.4149205181e-04
5.2596976245e+02 -5.3050770204e-04
5.3570991718e+02 -4.2326871934e-04
5.4559641198e+02 -3.3501947190e-04
5.5562234697e+02 -2.7026118705e-04
5.6577930043e+02 -2.1353209051e-04
5.7605747209e+02 -1.5275509869e-04
5.8644592435e+02 -1.0287672654e-04
5.9693290738e+02 -7.1377375539e-05
6.0750624294e+02 -4.9948739955e-05
6.1815373393e+02 -3.3116102041e-05
6.2886356302e+02 -2.2149598815e-05
6.3962464611e+02 -1.9699326490e-05
6.5042691296e+02 -2.0315757846e-05
6.6126149787e+02 -1.8396912447e-05
6.7212083508e+02 -1.6627409301e-05
6.8299866488e+02 -1.5050804911e-05
6.9388996500e+02 -1.1256605898e-05
7.0479082754e+02 -5.9435657788e-06
7.1569830307e+02 -1.4680452498e-06
7.2661023225e+02 9.4144365304e-07
7.3752508151e+02 1.2651348375e-06
7.4844179417e+02 2.4915214009e-07
7.5935966386e+02 -5.2676473694e-07
7.7027823245e+02 -3.8447029724e-07
7.8119721165e+02 -1.2694957256e-07
7.9211642543e+02 -2.1524001792e-07
8.0303576952e+02 -3.3015020676e-07
8.1395518398e+02 -3.2494000568e-07
8.2487463536e+02 -2.7516765602e-07
8.3579410559e+02 -2.2760029471e-07
8.4671358515e+02 -1.8995747330e-07
8.5763306920e+02 -1.5667568501e-07
8.6855255537e+02 -1.2747670648e-07
8.7947204248e+02 -1.0726495285e-07
8.9039153002e+02 -9.9920796325e-08
9.0131101774e+02 -1.0525993110e-07
9.1223050554e+02 -1.1929055636e-07
9.2314999336e+02 -1.3584011973e-07
9.3406948120e+02 -1.4827428390e-07
9.4498896904e+02 -1.5143856312e-07
9.5590845688e+02 -1.4224382809e-07
9.6682794473e+02 -1.2030839989e-07
9.7774743257e+02 -8.7155698742e-08
9.8866692042e+02 -4.5949000218e-08
9.9958640826e+02 -1.1315349384e-09
1.0105058961e+03 4.3657819949e-08
1.0214253840e+03 8.2417665668e-08
1.0323448718e+03 1.1589382178e-07
1.0432643596e+03 1.3468994871e-07
1.0541838475e+03 1.4008157630e-07
1.0651033353e+03 1.2995434338e-07
1.0760228232e+03 1.0613410001e-07
1.0869423110e+03 7.3585059531e-08
1.0978617989e+03 3.6943909119e-08
1.1087812867e+03 1.9176002014e-09
1.1197007746e+03 -3.0604823839e-08
1.1306202624e+03 -5.9377755613e-08
1.1415397502e+03 -8.3535205710e-08
1.1524592381e+03 -9.8430049922e-08
1.1633787259e+03 -1.0082017827e-07
1.1742982138e+03 -8.9703511226e-08
1.1852177016e+03 -6.9089013059e-08
1.1961371895e+03 -4.4452483132e-08
1.2070566773e+03 -2.2202349400e-08
1.2179761652e+03 -6.6114315113e-09
1.2288956530e+03 -7.5584596619e-10
1.2398151408e+03 -4.3750895263e-09
1.2507346287e+03 -1.7394113044e-08
1.2616541165e+03 -3.7755219299e-08
1.2725736044e+03 -6.3753712890e-08
1.2834930922e+03 -8.9287506486e-08
1.2944125801e+03 -1.0793268214e-07
1.3053320679e+03 -1.1274237418e-07
1.3162515558e+03 -1.0281809175e-07
1.3271710436e+03 -8.0555983402e-08
1.3380905314e+03 -5.2462928255e-08
1.3490100193e+03 -2.3474184321e-08
1.3599295071e+03 2.3135448194e-09
1.3708489950e+03 2.3665282476e-08
1.3817684828e+03 4.0111942093e-08
1.3926879707e+03 5.2663705537e-08
1.4036074585e+03 6.2664881214e-08
1.4145269464e+03 7.1349907096e-08
1.4254464342e+03 7.7756594426e-08
1.4363659220e+03 8.0227044971e-08
1.4472854099e+03 7.7367552991e-08
1.4582048977e+03 7.1217784805e-08
1.4691243856e+03 6.4202100216e-08
1.4800438734e+03 5.8681997559e-08
1.4909633613e+03 5.3901085619e-08
1.5018828491e+03 4.9180345761e-08
1.5128023370e+03 4.3633156105e-08
1.5237218248e+03 3.8508748784e-08
1.5346413126e+03 3.5642623262e-08
1.5455608005e+03 3.7199364719e-08
1.5564802883e+03 4.4769008540e-08
1.5673997762e+03 5.7291677598e-08
1.5783192640e+03 7.3342317272e-08
1.5892387519e+03 8.8297387831e-08
1.6001582397e+03 1.0047145476e-07
1.6110777276e+03 1.0681074173e-07
1.6219972154e+03 1.0911437688e-07
1.6329167032e+03 1.0610882216e-07
1.6438361911e+03 9.9530956956e-08
1.6547556789e+03 8.7245088302e-08
1.6656751668e+03 7.2167651941e-08
1.6765946546e+03 5.4737607106e-08
1.6875141425e+03 3.9959025029e-08
1.6984336303e+03 2.8072914154e-08
1.7093531182e+03 2.1219714277e-08
1.7202726060e+03 1.6774623031e-08
1.7311920938e+03 1.4271851748e-08
1.7421115817e+03 1.1926582333e-08
1.7530310695e+03 1.0519480131e-08
1.7639505574e+03 1.0185491394e-08
1.7748700452e+03 1.0277054898e-08
1.7857895331e+03 8.3185122628e-09
1.7967090209e+03 1.7867276923e-09
1.8076285088e+03 -1.0514315678e-08
1.8185479966e+03 -2.6307016684e-08
1.8294674844e+03 -4.2644925568e-08
1.8403869723e+03 -5.5528198261e-08
1.8513064601e+03 -6.5644259579e-08
1.8622259480e+03 -7.4195395447e-08
1.8731454358e+03 -8.5954564068e-08
1.8840649237e+03 -1.0040023049e-07
1.8949844115e+03 -1.1665761086e-07
1.9059038994e+03 -1.2888929885e-07
1.9168233872e+03 -1.3518754699e-07
1.9277428750e+03 -1.3360077769e-07
1.9386623629e+03 -1.2632523346e-07
1.9495818507e+03 -1.1406595570e-07
1.9605013386e+03 -9.8456619121e-08
1.9714208264e+03 -7.9368738180e-08
1.9823403143e+03 -5.8407969600e-08
1.9932598021e+03 -3.6375096547e-08
2.0041792900e+03 -1.5896578620e-08
2.0150987778e+03 2.8860953655e-09
2.0260182656e+03 1.9349048909e-08
2.0369377535e+03 3.6387907327e-08
2.0478572413e+03 5.5317267857e-08
2.0587767292e+03 7.8102888498e-08
2.0696962170e+03 1.0141880492e-07
2.0806157049e+03 1.2226527979e-07
2.0915351927e+03 1.3557412614e-07
2.1024546806e+03 1.4176080535e-07
2.1133741684e+03 1.4173253069e-07
2.1242936562e+03 1.3977621651e-07
2.1352131441e+03 1.3698249413e-07
2.1461326319e+03 1.3406866655e-07
2.1570521198e+03 1.2970033117e-07
2.1679716076e+03 1.2281618558e-07
2.1788910955e+03 1.1402705695e-07
2.1898105833e+03 1.0213840467e-07
2.2007300712e+03 9.0421046441e-08
2.2116495590e+03 7.6562027626e-08
2.2225690468e+03 6.6626435309e-08
2.2334885347e+03 5.6893043452e-08
2.2444080225e+03 5.4800886761e-08
2.2553275104e+03 5.3533605687e-08
2.2662469982e+03 5.8603992822e-08
2.2771664861e+03 6.0745329224e-08
2.2880859739e+03 6.5267159348e-08
2.2990054618e+03 6.5436505334e-08
2.3099249496e+03 6.7096036153e-08
2.3208444374e+03 6.4000874773e-08
2.3317639253e+03 5.8870939569e-08
2.3426834131e+03 4.6042007388e-08
2.3536029010e+03 2.9713709889e-08
2.3645223888e+03 9.2169024417e-09
2.3754418767e+03 -9.5470128024e-09
2.3863613645e+03 -2.7079265388e-08
2.3972808524e+03 -4.1000665569e-08
2.4082003402e+03 -5.2933972004e-08
2.4191198280e+03 -6.1752874633e-08
2.4300393159e+03 -6.6558417881e-08
2.4409588037e+03 -6.5906211058e-08
2.4518782916e+03 -5.7342535666e-08
2.4627977794e+03 -4.1429158166e-08
2.4737172673e+03 -1.7507012637e-08
2.4846367551e+03 1.1111531159e-08
2.4955562430e+03 4.2585322813e-08
2.5064757308e+03 7.3168710527e-08
2.5173952187e+03 9.9894581748e-08
2.5283147065e+03 1.2105273474e-07
2.5392341943e+03 1.3450256011e-07
2.5501536822e+03 1.4093427489e-07
2.5610731700e+03 1.3812150244e-07
2.5719926579e+03 1.2729315818e-07
2.5829121457e+03 1.0521248479e-07
2.5938316336e+03 7.6312380149e-08
2.6047511214e+03 3.9249826846e-08
2.6156706093e+03 3.8119233354e-09
2.6265900971e+03 -3.2375693692e-08
2.6375095849e+03 -6.0182279566e-08
2.6484290728e+03 -8.6508983677e-08
2.6593485606e+03 -1.0354648294e-07
2.6702680485e+03 -1.1694113170e-07
2.6811875363e+03 -1.1814215703e-07
2.6921070242e+03 -1.1137755216e-07
2.7030265120e+03 -9.1945374283e-08
2.7139459999e+03 -6.5020934434e-08
2.7248654877e+03 -2.9168911773e-08
2.7357849755e+03 1.0681677793e-08
2.7467044634e+03 5.1073101173e-08
2.7576239512e+03 8.7906658631e-08
2.7685434391e+03 1.1137208935e-07
2.7794629269e+03 1.2920258569e-07
2.7903824148e+03 1.2507732693e-07
2.8013019026e+03 1.1964347359e-07
2.8122213905e+03 7.9887940571e-08
