# Turbulent production x-direction
# Columns: y_plus    value
3.9832992606e-01 -1.3542809287e-05
1.1887924427e+00 -9.8790466986e-05
1.9799514194e+00 -2.0163487020e-04
2.7719943680e+00 -2.4131143919e-04
3.5651283791e+00 -1.9248385544e-04
4.3595770683e+00 -1.3517830950e-04
5.1555775073e+00 -2.1232151823e-04
5.9533773809e+00 -5.4176524254e-04
6.7532325235e+00 -1.1469597249e-03
7.5554049053e+00 -1.9344800394e-03
8.3601610713e+00 -2.7250144735e-03
9.1677709952e+00 -3.3418647028e-03
9.9785072812e+00 -3.7091361373e-03
1.0792644643e+01 -3.8808996705e-03
1.1610459588e+01 -3.9718265697e-03
1.2432230253e+01 -4.0610081436e-03
1.3258236337e+01 -4.1576012677e-03
1.4088759099e+01 -4.2384983540e-03
1.4924081400e+01 -4.2972965580e-03
1.5764487770e+01 -4.3534502897e-03
1.6610264487e+01 -4.4272332001e-03
1.7461699667e+01 -4.5157565230e-03
1.8319083357e+01 -4.5901697579e-03
1.9182707631e+01 -4.6038675353e-03
2.0052866693e+01 -4.5053993944e-03
2.0929856971e+01 -4.2581875226e-03
2.1813977219e+01 -3.8638666754e-03
2.2705528623e+01 -3.3741664377e-03
2.3604814899e+01 -2.8873321864e-03
2.4512142398e+01 -2.5263860388e-03
2.5427820210e+01 -2.3999317427e-03
2.6352160271e+01 -2.5553178098e-03
2.7285477466e+01 -2.9517804413e-03
2.8228089740e+01 -3.4747727021e-03
2.9180318202e+01 -3.9830289650e-03
3.0142487241e+01 -4.3561923404e-03
3.1114924627e+01 -4.5249580156e-03
3.2097961633e+01 -4.4814714835e-03
3.3091933139e+01 -4.2705155241e-03
3.4097177753e+01 -3.9696699455e-03
3.5114037921e+01 -3.6658509499e-03
3.6142860047e+01 -3.4317691594e-03
3.7183994610e+01 -3.3024559801e-03
3.8237796283e+01 -3.2711741097e-03
3.9304624055e+01 -3.3203396733e-03
4.0384841351e+01 -3.4531632931e-03
4.1478816159e+01 -3.6799952396e-03
4.2586921152e+01 -3.9831904772e-03
4.3709533817e+01 -4.3208842237e-03
4.4847036585e+01 -4.6744939401e-03
4.5999816957e+01 -5.0638167983e-03
4.7168267640e+01 -5.4863383496e-03
4.8352786679e+01 -5.8562506662e-03
4.9553777591e+01 -6.0315136594e-03
5.0771649508e+01 -5.9116064486e-03
5.2006817308e+01 -5.4928795986e-03
5.3259701767e+01 -4.8442145895e-03
5.4530729690e+01 -4.0280208342e-03
5.5820334067e+01 -3.1192011903e-03
5.7128954215e+01 -2.2450895593e-03
5.8457035929e+01 -1.5327272562e-03
5.9805031633e+01 -1.0334131410e-03
6.1173400536e+01 -7.2956505771e-04
6.2562608788e+01 -5.9745413718e-04
6.3973129635e+01 -6.1905051413e-04
6.5405443587e+01 -7.4591629213e-04
6.6860038576e+01 -8.8837628124e-04
6.8337410125e+01 -9.3349586830e-04
6.9838061516e+01 -7.8439286969e-04
7.1362503960e+01 -3.9713254955e-04
7.2911256775e+01 2.1521090702e-04
7.4484847559e+01 9.9245271085e-04
7.6083812373e+01 1.8050375238e-03
7.7708695921e+01 2.4797606271e-03
7.9360051734e+01 2.8833249072e-03
8.1038442365e+01 2.9874602214e-03
8.2744439576e+01 2.8601164719e-03
8.4478624530e+01 2.6032716930e-03
8.6241587997e+01 2.3059868045e-03
8.8033930547e+01 2.0099566269e-03
8.9856262762e+01 1.7167333892e-03
9.1709205436e+01 1.4351107823e-03
9.3593389795e+01 1.1929480794e-03
9.5509457704e+01 9.8831015879e-04
9.7458061892e+01 7.7324181873e-04
9.9439866172e+01 4.9935192313e-04
1.0145554566e+02 1.6507506037e-04
1.0350578703e+02 -1.8097202179e-04
1.0559128871e+02 -5.0424986554e-04
1.0771276115e+02 -7.9001404693e-04
1.0987092704e+02 -1.0393521028e-03
1.1206652160e+02 -1.2550204437e-03
1.1430029277e+02 -1.4355846457e-03
1.1657300151e+02 -1.5879199662e-03
1.1888542205e+02 -1.7361456776e-03
1.2123834212e+02 -1.8911314258e-03
1.2363256328e+02 -2.0400048573e-03
1.2606890115e+02 -2.1799588168e-03
1.2854818569e+02 -2.3124968660e-03
1.3107126148e+02 -2.4302547884e-03
1.3363898805e+02 -2.5331228017e-03
1.3625224012e+02 -2.6106044351e-03
1.3891190791e+02 -2.6391219209e-03
1.4161889747e+02 -2.6369624662e-03
1.4437413097e+02 -2.6545949732e-03
1.4717854699e+02 -2.6837408258e-03
1.5003310091e+02 -2.6610158896e-03
1.5293876514e+02 -2.5407698430e-03
1.5589652954e+02 -2.3344807071e-03
1.5890740169e+02 -2.0951818005e-03
1.6197240728e+02 -1.8803031811e-03
1.6509259044e+02 -1.7226789329e-03
1.6826901409e+02 -1.5978532503e-03
1.7150276031e+02 -1.4758809467e-03
1.7479493070e+02 -1.3355726320e-03
1.7814664679e+02 -1.1854807663e-03
1.8155905037e+02 -1.0565971993e-03
1.8503330390e+02 -9.2507418935e-04
1.8857059093e+02 -7.5787239436e-04
1.9217211647e+02 -5.8527201908e-04
1.9583910742e+02 -4.7389770440e-04
1.9957281298e+02 -4.5745249748e-04
2.0337450507e+02 -5.1986155302e-04
2.0724547877e+02 -6.0989709178e-04
2.1118705278e+02 -6.6019744359e-04
2.1520056983e+02 -6.2445987350e-04
2.1928739716e+02 -4.5787814644e-04
2.2344892701e+02 -2.5269095973e-04
2.2768657703e+02 -1.4227428159e-04
2.3200179082e+02 -1.8801909023e-04
2.3639603841e+02 -3.4681621841e-04
2.4087081674e+02 -5.0557150785e-04
2.4542765019e+02 -6.4561613834e-04
2.5006809109e+02 -7.9874642498e-04
2.5479372026e+02 -9.0525020731e-04
2.5960614754e+02 -9.0772626310e-04
2.6450701231e+02 -8.6329605099e-04
2.6949798412e+02 -7.3702800693e-04
2.7458076319e+02 -5.7034912187e-04
2.7975708102e+02 -3.6500609224e-04
2.8502870098e+02 -8.5634154831e-05
2.9039741890e+02 1.7098135801e-04
2.9586506368e+02 2.9725183425e-04
3.0143349794e+02 3.0693641135e-04
3.0710461862e+02 2.3008404795e-04
3.1288035765e+02 7.9477988758e-05
3.1876268259e+02 -1.2932486836e-04
3.2475359732e+02 -3.8759125051e-04
3.3085514269e+02 -6.5627821179e-04
3.3706939727e+02 -8.0807797378e-04
3.4339847799e+02 -8.3781160904e-04
3.4984454091e+02 -8.2573396074e-04
3.5640978188e+02 -8.5034993996e-04
3.6309643733e+02 -8.8324812829e-04
3.6990678487e+02 -9.1131628478e-04
3.7684314396e+02 -8.6557278824e-04
3.8390787633e+02 -8.0880359432e-04
3.9110338615e+02 -7.1782335996e-04
3.9843211953e+02 -5.8311741379e-04
4.0589656306e+02 -3.7756889455e-04
4.1349924044e+02 -1.2783657678e-04
4.2124270614e+02 4.1749102421e-05
4.2912953435e+02 1.1374625821e-04
4.3716230063e+02 8.5878033582e-05
4.4534355328e+02 7.9019379964e-05
4.5367577013e+02 1.0032055550e-04
4.6216129653e+02 7.1917281133e-05
4.7080225980e+02 4.1323290782e-05
4.7960045663e+02 4.6526376555e-05
4.8855721127e+02 1.1682089141e-04
4.9767320634e+02 1.7016341800e-04
5.0694829158e+02 1.5260167837e-04
5.1638128212e+02 1.1273512974e-04
5.2596976245e+02 7.1502138655e-05
5.3570991718e+02 5.6665868492e-05
5.4559641198e+02 2.6594319133e-05
5.5562234697e+02 -3.6025529395e-06
5.6577930043e+02 -1.7518136698e-05
5.7605747209e+02 -1.6213126733e-05
5.8644592435e+02 -1.1396211704e-05
5.9693290738e+02 -1.1719394883e-05
6.0750624294e+02 -8.7776829645e-06
6.1815373393e+02 -4.3111725254e-06
6.2886356302e+02 -3.1103945636e-06
6.3962464611e+02 -2.8454745030e-06
6.5042691296e+02 7.2789042822e-07
6.6126149787e+02 5.1932185194e-06
6.7212083508e+02 5.6199904183e-06
6.8299866488e+02 4.0851022601e-06
6.9388996500e+02 2.9352315670e-06
7.0479082754e+02 2.1176269948e-06
7.1569830307e+02 1.2440832732e-06
7.2661023225e+02 4.8085776640e-07
7.3752508151e+02 2.0068191075e-07
7.4844179417e+02 4.9131478291e-08
7.5935966386e+02 -8.7439032742e-08
7.7027823245e+02 -3.5322853611e-08
7.8119721165e+02 2.1029090157e-08
7.9211642543e+02 1.0864155851e-07
8.0303576952e+02 1.8380893006e-07
8.1395518398e+02 2.1634139561e-07
8.2487463536e+02 2.2752506265e-07
8.3579410559e+02 2.3273392064e-07
8.4671358515e+02 2.3546481381e-07
8.5763306920e+02 2.3732851794e-07
8.6855255537e+02 2.3871528828e-07
8.7947204248e+02 2.4118228646e-07
8.9039153002e+02 2.4445393996e-07
9.0131101774e+02 2.4986740659e-07
9.1223050554e+02 2.5608637098e-07
9.2314999336e+02 2.6374100522e-07
9.3406948120e+02 2.7043822602e-07
9.4498896904e+02 2.7649947521e-07
9.5590845688e+02 2.7932449636e-07
9.6682794473e+02 2.8018051542e-07
9.7774743257e+02 2.7764769480e-07
9.8866692042e+02 2.7440428583e-07
9.9958640826e+02 2.6967680339e-07
1.0105058961e+03 2.6887054308e-07
1.0214253840e+03 2.7289964460e-07
1.0323448718e+03 2.8020137847e-07
1.0432643596e+03 2.8513319452e-07
1.0541838475e+03 2.8486178655e-07
1.0651033353e+03 2.8221583588e-07
1.0760228232e+03 2.7839840651e-07
1.0869423110e+03 2.7275691521e-07
1.0978617989e+03 2.6498364520e-07
1.1087812867e+03 2.5485294092e-07
1.1197007746e+03 2.4166273728e-07
1.1306202624e+03 2.2522018789e-07
1.1415397502e+03 2.0598390616e-07
1.1524592381e+03 1.8522622385e-07
1.1633787259e+03 1.6407355494e-07
1.1742982138e+03 1.4306345909e-07
1.1852177016e+03 1.2210103227e-07
1.1961371895e+03 1.0134383508e-07
1.2070566773e+03 8.0904388917e-08
1.2179761652e+03 6.1791173470e-08
1.2288956530e+03 4.4540318590e-08
1.2398151408e+03 3.0750128513e-08
1.2507346287e+03 2.1188669629e-08
1.2616541165e+03 1.7050399816e-08
1.2725736044e+03 1.8211767672e-08
1.2834930922e+03 2.4609299590e-08
1.2944125801e+03 3.5154318526e-08
1.3053320679e+03 4.8791926835e-08
1.3162515558e+03 6.3265160330e-08
1.3271710436e+03 7.6769591513e-08
1.3380905314e+03 8.6992978500e-08
1.3490100193e+03 9.2844397393e-08
1.3599295071e+03 9.3701214491e-08
1.3708489950e+03 8.9960663252e-08
1.3817684828e+03 8.2586643763e-08
1.3926879707e+03 7.2459743808e-08
1.4036074585e+03 6.0541540023e-08
1.4145269464e+03 4.7934573557e-08
1.4254464342e+03 3.5839813057e-08
1.4363659220e+03 2.6249374871e-08
1.4472854099e+03 1.9998679925e-08
1.4582048977e+03 1.8356638648e-08
1.4691243856e+03 2.0160836352e-08
1.4800438734e+03 2.5180281196e-08
1.4909633613e+03 3.1017631723e-08
1.5018828491e+03 3.7452287787e-08
1.5128023370e+03 4.2399909921e-08
1.5237218248e+03 4.6491940514e-08
1.5346413126e+03 4.8341866791e-08
1.5455608005e+03 4.9351980565e-08
1.5564802883e+03 4.8815748587e-08
1.5673997762e+03 4.8138501030e-08
1.5783192640e+03 4.6432577627e-08
1.5892387519e+03 4.4097356559e-08
1.6001582397e+03 3.9908175092e-08
1.6110777276e+03 3.3905272325e-08
1.6219972154e+03 2.5471810418e-08
1.6329167032e+03 1.5002188731e-08
1.6438361911e+03 2.2641387980e-09
1.6547556789e+03 -1.2339514320e-08
1.6656751668e+03 -2.8867597330e-08
1.6765946546e+03 -4.6698395697e-08
1.6875141425e+03 -6.5525316070e-08
1.6984336303e+03 -8.4407437544e-08
1.7093531182e+03 -1.0248306633e-07
1.7202726060e+03 -1.1855840839e-07
1.7311920938e+03 -1.3170770908e-07
1.7421115817e+03 -1.4178561231e-07
1.7530310695e+03 -1.4896275128e-07
1.7639505574e+03 -1.5473759843e-07
1.7748700452e+03 -1.5966936493e-07
1.7857895331e+03 -1.6602678541e-07
1.7967090209e+03 -1.7360082591e-07
1.8076285088e+03 -1.8465988915e-07
1.8185479966e+03 -1.9710326937e-07
1.8294674844e+03 -2.1243114971e-07
1.8403869723e+03 -2.2655913376e-07
1.8513064601e+03 -2.4124239698e-07
1.8622259480e+03 -2.5209592420e-07
1.8731454358e+03 -2.6233322635e-07
1.8840649237e+03 -2.6780605046e-07
1.8949844115e+03 -2.7277192828e-07
1.9059038994e+03 -2.7322295855e-07
1.9168233872e+03 -2.7419916527e-07
1.9277428750e+03 -2.7183233506e-07
1.9386623629e+03 -2.7082048508e-07
1.9495818507e+03 -2.6644759782e-07
1.9605013386e+03 -2.6181616923e-07
1.9714208264e+03 -2.5186460043e-07
1.9823403143e+03 -2.3914924882e-07
1.9932598021e+03 -2.2023978212e-07
2.0041792900e+03 -1.9798725297e-07
2.0150987778e+03 -1.7090143587e-07
2.0260182656e+03 -1.4150447479e-07
2.0369377535e+03 -1.0980351879e-07
2.0478572413e+03 -7.8002220366e-08
2.0587767292e+03 -4.7866274321e-08
2.0696962170e+03 -2.1403473915e-08
2.0806157049e+03 -1.1440824047e-09
2.0915351927e+03 1.2789293509e-08
2.1024546806e+03 1.8827737410e-08
2.1133741684e+03 1.9374769603e-08
2.1242936562e+03 1.2974454650e-08
2.1352131441e+03 2.9677358170e-09
2.1461326319e+03 -1.3487528718e-08
2.1570521198e+03 -3.2630566037e-08
2.1679716076e+03 -5.7762922873e-08
2.1788910955e+03 -8.3399672753e-08
2.1898105833e+03 -1.1239380878e-07
2.2007300712e+03 -1.3845659269e-07
2.2116495590e+03 -1.6535178470e-07
2.2225690468e+03 -1.8734028306e-07
2.2334885347e+03 -2.0921314507e-07
2.2444080225e+03 -2.2553484949e-07
2.2553275104e+03 -2.4141139609e-07
2.2662469982e+03 -2.5142797044e-07
2.2771664861e+03 -2.6054000759e-07
2.2880859739e+03 -2.6354282496e-07
2.2990054618e+03 -2.6525268036e-07
2.3099249496e+03 -2.6112620652e-07
2.3208444374e+03 -2.5598816357e-07
2.3317639253e+03 -2.4599076407e-07
2.3426834131e+03 -2.3563621702e-07
2.3536029010e+03 -2.2087602461e-07
2.3645223888e+03 -2.0504038095e-07
2.3754418767e+03 -1.8315906771e-07
2.3863613645e+03 -1.5777580374e-07
2.3972808524e+03 -1.2405319038e-07
2.4082003402e+03 -8.5500582762e-08
2.4191198280e+03 -3.9205701500e-08
2.4300393159e+03 9.4317031035e-09
2.4409588037e+03 6.1372186385e-08
2.4518782916e+03 1.1092076662e-07
2.4627977794e+03 1.5878045357e-07
2.4737172673e+03 2.0076339347e-07
2.4846367551e+03 2.3772104160e-07
2.4955562430e+03 2.6686464444e-07
2.5064757308e+03 2.8865409201e-07
2.5173952187e+03 3.0176989417e-07
2.5283147065e+03 3.0631114223e-07
2.5392341943e+03 3.0305522194e-07
2.5501536822e+03 2.9181304016e-07
2.5610731700e+03 2.7605769597e-07
2.5719926579e+03 2.5562167115e-07
2.5829121457e+03 2.3692662575e-07
2.5938316336e+03 2.1929291217e-07
2.6047511214e+03 2.1049334082e-07
2.6156706093e+03 2.0735609524e-07
2.6265900971e+03 2.1726180780e-07
2.6375095849e+03 2.3369381230e-07
2.6484290728e+03 2.6402334519e-07
2.6593485606e+03 2.9909920257e-07
2.6702680485e+03 3.4769769576e-07
2.6811875363e+03 3.9833985526e-07
2.6921070242e+03 4.6111418027e-07
2.7030265120e+03 5.2122126056e-07
2.7139459999e+03 5.8972082321e-07
2.7248654877e+03 6.4957229840e-07
2.7357849755e+03 7.1399417968e-07
2.7467044634e+03 7.6495424340e-07
2.7576239512e+03 8.1646077760e-07
2.7685434391e+03 8.4899383531e-07
2.7794629269e+03 8.7621443807e-07
2.7903824148e+03 8.7942743836e-07
2.8013019026e+03 8.7411299188e-07
2.8122213905e+03 8.5138068294e-07
