# d tau_xz / dx
# Columns: y_plus    value
3.9832992606e-01 1.6556392429e-06
1.1887924427e+00 5.3728351629e-06
1.9799514194e+00 9.4895992826e-06
2.7719943680e+00 1.3232448690e-05
3.5651283791e+00 1.5972715250e-05
4.3595770683e+00 1.8012800191e-05
5.1555775073e+00 2.0519750690e-05
5.9533773809e+00 2.4657613986e-05
6.7532325235e+00 3.0668893640e-05
7.5554049053e+00 3.7604375638e-05
8.3601610713e+00 4.3793059174e-05
9.1677709952e+00 4.7583280703e-05
9.9785072812e+00 4.7835427758e-05
1.0792644643e+01 4.4099031162e-05
1.1610459588e+01 3.6717020531e-05
1.2432230253e+01 2.6892404273e-05
1.3258236337e+01 1.6480468184e-05
1.4088759099e+01 7.3561881976e-06
1.4924081400e+01 6.6860199052e-07
1.5764487770e+01 -3.5624858756e-06
1.6610264487e+01 -6.2851234796e-06
1.7461699667e+01 -8.8636294528e-06
1.8319083357e+01 -1.2451002649e-05
1.9182707631e+01 -1.7546860123e-05
2.0052866693e+01 -2.3933408203e-05
2.0929856971e+01 -3.1063648408e-05
2.1813977219e+01 -3.8668790022e-05
2.2705528623e+01 -4.7105638021e-05
2.3604814899e+01 -5.7131527372e-05
2.4512142398e+01 -6.9229123058e-05
2.5427820210e+01 -8.2874746675e-05
2.6352160271e+01 -9.6242441786e-05
2.7285477466e+01 -1.0663208199e-04
2.8228089740e+01 -1.1138937843e-04
2.9180318202e+01 -1.0874848173e-04
3.0142487241e+01 -9.8228952241e-05
3.1114924627e+01 -8.0667627488e-05
3.2097961633e+01 -5.8066683886e-05
3.3091933139e+01 -3.3187879221e-05
3.4097177753e+01 -8.8407336742e-06
3.5114037921e+01 1.2780058995e-05
3.6142860047e+01 3.0248131863e-05
3.7183994610e+01 4.2637691061e-05
3.8237796283e+01 4.9230006321e-05
3.9304624055e+01 4.9391037028e-05
4.0384841351e+01 4.2702276616e-05
4.1478816159e+01 2.9333450862e-05
4.2586921152e+01 1.0427287888e-05
4.3709533817e+01 -1.1728721881e-05
4.4847036585e+01 -3.3929205243e-05
4.5999816957e+01 -5.2784431239e-05
4.7168267640e+01 -6.5764476925e-05
4.8352786679e+01 -7.2009289410e-05
4.9553777591e+01 -7.2268993494e-05
5.0771649508e+01 -6.8107914308e-05
5.2006817308e+01 -6.1373093678e-05
5.3259701767e+01 -5.4398150653e-05
5.4530729690e+01 -4.9882370895e-05
5.5820334067e+01 -5.0309849550e-05
5.7128954215e+01 -5.6841542280e-05
5.8457035929e+01 -6.8099258506e-05
5.9805031633e+01 -7.9858801026e-05
6.1173400536e+01 -8.6521698722e-05
6.2562608788e+01 -8.3350415450e-05
6.3973129635e+01 -6.8116116698e-05
6.5405443587e+01 -4.2125337033e-05
6.6860038576e+01 -1.0397807542e-05
6.8337410125e+01 2.0153859164e-05
6.9838061516e+01 4.4124341035e-05
7.1362503960e+01 5.9625790233e-05
7.2911256775e+01 6.7326597191e-05
7.4484847559e+01 6.8446763515e-05
7.6083812373e+01 6.4400989578e-05
7.7708695921e+01 5.7461901490e-05
7.9360051734e+01 5.0288322781e-05
8.1038442365e+01 4.4001276371e-05
8.2744439576e+01 3.7518105213e-05
8.4478624530e+01 2.9886477090e-05
8.6241587997e+01 2.1967527976e-05
8.8033930547e+01 1.5336304159e-05
8.9856262762e+01 1.0789509844e-05
9.1709205436e+01 8.2583570978e-06
9.3593389795e+01 7.4157958138e-06
9.5509457704e+01 7.9327185088e-06
9.7458061892e+01 9.3008162345e-06
9.9439866172e+01 1.0818407242e-05
1.0145554566e+02 1.2147787129e-05
1.0350578703e+02 1.3590689543e-05
1.0559128871e+02 1.5014012311e-05
1.0771276115e+02 1.6495497087e-05
1.0987092704e+02 1.8423328600e-05
1.1206652160e+02 2.1453863544e-05
1.1430029277e+02 2.5899668434e-05
1.1657300151e+02 3.1136017108e-05
1.1888542205e+02 3.5919441795e-05
1.2123834212e+02 3.9442023739e-05
1.2363256328e+02 4.1719310327e-05
1.2606890115e+02 4.2894340201e-05
1.2854818569e+02 4.2915596725e-05
1.3107126148e+02 4.1900009773e-05
1.3363898805e+02 4.0224439631e-05
1.3625224012e+02 3.8252328317e-05
1.3891190791e+02 3.6501819100e-05
1.4161889747e+02 3.6128324835e-05
1.4437413097e+02 3.8254976645e-05
1.4717854699e+02 4.2904480773e-05
1.5003310091e+02 4.8888792699e-05
1.5293876514e+02 5.4119205129e-05
1.5589652954e+02 5.6650503963e-05
1.5890740169e+02 5.6122447309e-05
1.6197240728e+02 5.3796072255e-05
1.6509259044e+02 5.1025151067e-05
1.6826901409e+02 4.8098790841e-05
1.7150276031e+02 4.4989520687e-05
1.7479493070e+02 4.2528716788e-05
1.7814664679e+02 4.1745466908e-05
1.8155905037e+02 4.2583147211e-05
1.8503330390e+02 4.3615180158e-05
1.8857059093e+02 4.4191672456e-05
1.9217211647e+02 4.5088516919e-05
1.9583910742e+02 4.5909498088e-05
1.9957281298e+02 4.5442769972e-05
2.0337450507e+02 4.3821623384e-05
2.0724547877e+02 4.1241206540e-05
2.1118705278e+02 3.7424577625e-05
2.1520056983e+02 3.2190051411e-05
2.1928739716e+02 2.6569259992e-05
2.2344892701e+02 2.2284066894e-05
2.2768657703e+02 1.9207584170e-05
2.3200179082e+02 1.7098770296e-05
2.3639603841e+02 1.4774131943e-05
2.4087081674e+02 1.1929378489e-05
2.4542765019e+02 1.0509643938e-05
2.5006809109e+02 1.2078710116e-05
2.5479372026e+02 1.4755030478e-05
2.5960614754e+02 1.6251639823e-05
2.6450701231e+02 1.7486567337e-05
2.6949798412e+02 1.8591889113e-05
2.7458076319e+02 1.9909385728e-05
2.7975708102e+02 2.1055730715e-05
2.8502870098e+02 2.1195919736e-05
2.9039741890e+02 1.8120162845e-05
2.9586506368e+02 1.1068092228e-05
3.0143349794e+02 3.3610584166e-06
3.0710461862e+02 -1.7510140165e-06
3.1288035765e+02 -5.1928857881e-06
3.1876268259e+02 -7.8775111062e-06
3.2475359732e+02 -8.3629575223e-06
3.3085514269e+02 -6.0577656272e-06
3.3706939727e+02 -4.5655110264e-06
3.4339847799e+02 -4.2331135164e-06
3.4984454091e+02 -3.4072495968e-06
3.5640978188e+02 -3.5201981307e-06
3.6309643733e+02 -5.3345676539e-06
3.6990678487e+02 -7.4019251855e-06
3.7684314396e+02 -8.0684046032e-06
3.8390787633e+02 -9.1138638313e-06
3.9110338615e+02 -8.8148586333e-06
3.9843211953e+02 -6.0891153736e-06
4.0589656306e+02 -4.2708965588e-06
4.1349924044e+02 -3.1111704097e-06
4.2124270614e+02 -2.0335838521e-06
4.2912953435e+02 -2.1133643253e-06
4.3716230063e+02 -3.1995223723e-06
4.4534355328e+02 -3.6347864132e-06
4.5367577013e+02 -3.9527199913e-06
4.6216129653e+02 -5.4270533185e-06
4.7080225980e+02 -5.9835606363e-06
4.7960045663e+02 -4.9554282045e-06
4.8855721127e+02 -3.2726680344e-06
4.9767320634e+02 -9.8269144979e-07
5.0694829158e+02 9.2261298857e-07
5.1638128212e+02 1.2002358829e-06
5.2596976245e+02 -1.4010654714e-07
5.3570991718e+02 -1.5775161745e-06
5.4559641198e+02 -2.0111500986e-06
5.5562234697e+02 -2.0120463240e-06
5.6577930043e+02 -1.6680474721e-06
5.7605747209e+02 -1.0998781007e-06
5.8644592435e+02 -7.0940237252e-07
5.9693290738e+02 -4.9983110387e-07
6.0750624294e+02 -2.5929343222e-07
6.1815373393e+02 6.1245754966e-08
6.2886356302e+02 2.3739520848e-07
6.3962464611e+02 1.8702945952e-07
6.5042691296e+02 1.4559641549e-07
6.6126149787e+02 1.0754272310e-07
6.7212083508e+02 1.8257698245e-08
6.8299866488e+02 -1.0679890062e-07
6.9388996500e+02 -1.8160339688e-07
7.0479082754e+02 -1.6137676760e-07
7.1569830307e+02 -7.8309356310e-08
7.2661023225e+02 -1.3657151441e-08
7.3752508151e+02 -1.0147857378e-08
7.4844179417e+02 -1.9386799882e-08
7.5935966386e+02 -1.5153223861e-08
7.7027823245e+02 -5.7263442592e-09
7.8119721165e+02 1.9939824327e-09
7.9211642543e+02 4.5640913381e-09
8.0303576952e+02 4.6815152716e-09
8.1395518398e+02 4.3541733093e-09
8.2487463536e+02 3.7403467081e-09
8.3579410559e+02 2.7956069598e-09
8.4671358515e+02 1.7420270067e-09
8.5763306920e+02 8.4151084134e-10
8.6855255537e+02 2.9616014392e-10
8.7947204248e+02 1.8125139995e-10
8.9039153002e+02 4.4076856823e-10
9.0131101774e+02 9.3572411048e-10
9.1223050554e+02 1.5126685730e-09
9.2314999336e+02 2.0446902286e-09
9.3406948120e+02 2.4448629313e-09
9.4498896904e+02 2.6712518510e-09
9.5590845688e+02 2.7338442009e-09
9.6682794473e+02 2.6894590834e-09
9.7774743257e+02 2.6216045829e-09
9.8866692042e+02 2.6013255908e-09
9.9958640826e+02 2.6626476087e-09
1.0105058961e+03 2.8554234653e-09
1.0214253840e+03 3.2081188260e-09
1.0323448718e+03 3.5951974200e-09
1.0432643596e+03 3.8702744247e-09
1.0541838475e+03 3.9733750426e-09
1.0651033353e+03 4.0353776768e-09
1.0760228232e+03 4.1059508364e-09
1.0869423110e+03 4.1808742891e-09
1.0978617989e+03 4.2321859206e-09
1.1087812867e+03 4.2108458366e-09
1.1197007746e+03 4.0747963245e-09
1.1306202624e+03 3.8103928336e-09
1.1415397502e+03 3.4450995880e-09
1.1524592381e+03 3.0430203059e-09
1.1633787259e+03 2.6746244445e-09
1.1742982138e+03 2.3957958282e-09
1.1852177016e+03 2.2300252369e-09
1.1961371895e+03 2.1701118917e-09
1.2070566773e+03 2.1886841940e-09
1.2179761652e+03 2.2535693262e-09
1.2288956530e+03 2.3400532857e-09
1.2398151408e+03 2.4357838830e-09
1.2507346287e+03 2.5386317179e-09
1.2616541165e+03 2.6528819223e-09
1.2725736044e+03 2.7820028031e-09
1.2834930922e+03 2.9250588373e-09
1.2944125801e+03 3.0720747423e-09
1.3053320679e+03 3.2019022824e-09
1.3162515558e+03 3.2873116442e-09
1.3271710436e+03 3.3024727544e-09
1.3380905314e+03 3.2386990984e-09
1.3490100193e+03 3.1105379795e-09
1.3599295071e+03 2.9521315338e-09
1.3708489950e+03 2.8035484777e-09
1.3817684828e+03 2.6919587246e-09
1.3926879707e+03 2.6280963484e-09
1.4036074585e+03 2.6037168467e-09
1.4145269464e+03 2.6060556821e-09
1.4254464342e+03 2.6189598512e-09
1.4363659220e+03 2.6344601094e-09
1.4472854099e+03 2.6467035610e-09
1.4582048977e+03 2.6564918118e-09
1.4691243856e+03 2.6652859469e-09
1.4800438734e+03 2.6747125855e-09
1.4909633613e+03 2.6875682453e-09
1.5018828491e+03 2.7027366944e-09
1.5128023370e+03 2.7222097128e-09
1.5237218248e+03 2.7430043976e-09
1.5346413126e+03 2.7658362780e-09
1.5455608005e+03 2.7883793681e-09
1.5564802883e+03 2.8113230591e-09
1.5673997762e+03 2.8352762307e-09
1.5783192640e+03 2.8617693937e-09
1.5892387519e+03 2.8925872365e-09
1.6001582397e+03 2.9270918549e-09
1.6110777276e+03 2.9640232876e-09
1.6219972154e+03 2.9994606469e-09
1.6329167032e+03 3.0307754312e-09
1.6438361911e+03 3.0553580606e-09
1.6547556789e+03 3.0729135842e-09
1.6656751668e+03 3.0841904647e-09
1.6765946546e+03 3.0910544288e-09
1.6875141425e+03 3.0954227834e-09
1.6984336303e+03 3.0982418384e-09
1.7093531182e+03 3.0994800320e-09
1.7202726060e+03 3.0971122996e-09
1.7311920938e+03 3.0905512679e-09
1.7421115817e+03 3.0769791866e-09
1.7530310695e+03 3.0582840662e-09
1.7639505574e+03 3.0326928737e-09
1.7748700452e+03 3.0037856667e-09
1.7857895331e+03 2.9709676967e-09
1.7967090209e+03 2.9385690933e-09
1.8076285088e+03 2.9076126476e-09
1.8185479966e+03 2.8823968577e-09
1.8294674844e+03 2.8640002702e-09
1.8403869723e+03 2.8549003941e-09
1.8513064601e+03 2.8551957870e-09
1.8622259480e+03 2.8650008195e-09
1.8731454358e+03 2.8834599133e-09
1.8840649237e+03 2.9084445487e-09
1.8949844115e+03 2.9373263792e-09
1.9059038994e+03 2.9665097264e-09
1.9168233872e+03 2.9925625101e-09
1.9277428750e+03 3.0136348945e-09
1.9386623629e+03 3.0275067886e-09
1.9495818507e+03 3.0351670311e-09
1.9605013386e+03 3.0348464698e-09
1.9714208264e+03 3.0292565663e-09
1.9823403143e+03 3.0175883916e-09
1.9932598021e+03 3.0036227442e-09
2.0041792900e+03 2.9878841838e-09
2.0150987778e+03 2.9735085458e-09
2.0260182656e+03 2.9604778461e-09
2.0369377535e+03 2.9496419187e-09
2.0478572413e+03 2.9404187948e-09
2.0587767292e+03 2.9316831223e-09
2.0696962170e+03 2.9255061927e-09
2.0806157049e+03 2.9191830662e-09
2.0915351927e+03 2.9176127015e-09
2.1024546806e+03 2.9159627914e-09
2.1133741684e+03 2.9180068690e-09
2.1242936562e+03 2.9183704705e-09
2.1352131441e+03 2.9183505331e-09
2.1461326319e+03 2.9155203166e-09
2.1570521198e+03 2.9103573870e-09
2.1679716076e+03 2.9028535032e-09
2.1788910955e+03 2.8929531786e-09
2.1898105833e+03 2.8808474710e-09
2.2007300712e+03 2.8665853799e-09
2.2116495590e+03 2.8507077635e-09
2.2225690468e+03 2.8334741966e-09
2.2334885347e+03 2.8164325378e-09
2.2444080225e+03 2.7996690636e-09
2.2553275104e+03 2.7867157426e-09
2.2662469982e+03 2.7765035255e-09
2.2771664861e+03 2.7749376248e-09
2.2880859739e+03 2.7776237665e-09
2.2990054618e+03 2.7917674612e-09
2.3099249496e+03 2.8088975319e-09
2.3208444374e+03 2.8353056430e-09
2.3317639253e+03 2.8607460186e-09
2.3426834131e+03 2.8894761718e-09
2.3536029010e+03 2.9127060309e-09
2.3645223888e+03 2.9331716912e-09
2.3754418767e+03 2.9454607854e-09
2.3863613645e+03 2.9517444739e-09
2.3972808524e+03 2.9505327130e-09
2.4082003402e+03 2.9438214504e-09
2.4191198280e+03 2.9333109121e-09
2.4300393159e+03 2.9202544651e-09
2.4409588037e+03 2.9072789643e-09
2.4518782916e+03 2.8938133466e-09
2.4627977794e+03 2.8817314613e-09
2.4737172673e+03 2.8700565696e-09
2.4846367551e+03 2.8592659638e-09
2.4955562430e+03 2.8514197763e-09
2.5064757308e+03 2.8431432316e-09
2.5173952187e+03 2.8415560969e-09
2.5283147065e+03 2.8377389156e-09
2.5392341943e+03 2.8432532172e-09
2.5501536822e+03 2.8462092779e-09
2.5610731700e+03 2.8588015520e-09
2.5719926579e+03 2.8703249012e-09
2.5829121457e+03 2.8890918450e-09
2.5938316336e+03 2.9075644417e-09
2.6047511214e+03 2.9286704047e-09
2.6156706093e+03 2.9466380393e-09
2.6265900971e+03 2.9628747566e-09
2.6375095849e+03 2.9726220624e-09
2.6484290728e+03 2.9802867553e-09
2.6593485606e+03 2.9830396065e-09
2.6702680485e+03 2.9865298463e-09
2.6811875363e+03 2.9893374539e-09
2.6921070242e+03 2.9945613186e-09
2.7030265120e+03 3.0008731447e-09
2.7139459999e+03 3.0101623804e-09
2.7248654877e+03 3.0209559749e-09
2.7357849755e+03 3.0359243650e-09
2.7467044634e+03 3.0519989144e-09
2.7576239512e+03 3.0712928332e-09
2.7685434391e+03 3.0884122089e-09
2.7794629269e+03 3.1054518335e-09
2.7903824148e+03 3.1161186463e-09
2.8013019026e+03 3.1241015382e-09
2.8122213905e+03 3.1238784051e-09
