# Momentum production y-direction
# Columns: y_plus    value
3.9832992606e-01 1.9535089799e-04
1.1887924427e+00 4.7405205940e-05
1.9799514194e+00 -1.6821450204e-04
2.7719943680e+00 -5.9451073906e-04
3.5651283791e+00 -1.1316914471e-03
4.3595770683e+00 -1.6466483159e-03
5.1555775073e+00 -2.0203986404e-03
5.9533773809e+00 -2.1179726869e-03
6.7532325235e+00 -1.9650424084e-03
7.5554049053e+00 -1.5925761788e-03
8.3601610713e+00 -1.2096063649e-03
9.1677709952e+00 -9.3670248329e-04
9.9785072812e+00 -9.3906672620e-04
1.0792644643e+01 -1.1868267478e-03
1.1610459588e+01 -1.6403687064e-03
1.2432230253e+01 -2.1373688783e-03
1.3258236337e+01 -2.5905320917e-03
1.4088759099e+01 -2.9140732679e-03
1.4924081400e+01 -3.1378484612e-03
1.5764487770e+01 -3.3201621048e-03
1.6610264487e+01 -3.5776310683e-03
1.7461699667e+01 -4.0086470173e-03
1.8319083357e+01 -4.7027333025e-03
1.9182707631e+01 -5.7220245965e-03
2.0052866693e+01 -7.1132975389e-03
2.0929856971e+01 -8.9119432727e-03
2.1813977219e+01 -1.1121572367e-02
2.2705528623e+01 -1.3713752437e-02
2.3604814899e+01 -1.6579174698e-02
2.4512142398e+01 -1.9534266989e-02
2.5427820210e+01 -2.2294885725e-02
2.6352160271e+01 -2.4566604792e-02
2.7285477466e+01 -2.6098234073e-02
2.8228089740e+01 -2.6806019878e-02
2.9180318202e+01 -2.6761480055e-02
3.0142487241e+01 -2.6195383494e-02
3.1114924627e+01 -2.5362954872e-02
3.2097961633e+01 -2.4486441402e-02
3.3091933139e+01 -2.3637823260e-02
3.4097177753e+01 -2.2778232924e-02
3.5114037921e+01 -2.1781877153e-02
3.6142860047e+01 -2.0584954161e-02
3.7183994610e+01 -1.9196003515e-02
3.8237796283e+01 -1.7719927195e-02
3.9304624055e+01 -1.6264066408e-02
4.0384841351e+01 -1.4954036858e-02
4.1478816159e+01 -1.3870576846e-02
4.2586921152e+01 -1.3059571328e-02
4.3709533817e+01 -1.2466107581e-02
4.4847036585e+01 -1.1990843312e-02
4.5999816957e+01 -1.1502313307e-02
4.7168267640e+01 -1.0955789113e-02
4.8352786679e+01 -1.0416260365e-02
4.9553777591e+01 -1.0090861539e-02
5.0771649508e+01 -1.0199599465e-02
5.2006817308e+01 -1.0886350711e-02
5.3259701767e+01 -1.2101236179e-02
5.4530729690e+01 -1.3643946413e-02
5.5820334067e+01 -1.5175727804e-02
5.7128954215e+01 -1.6340168618e-02
5.8457035929e+01 -1.6835031429e-02
5.9805031633e+01 -1.6589011159e-02
6.1173400536e+01 -1.5736587631e-02
6.2562608788e+01 -1.4578580546e-02
6.3973129635e+01 -1.3403329476e-02
6.5405443587e+01 -1.2459106951e-02
6.6860038576e+01 -1.1852405209e-02
6.8337410125e+01 -1.1597946448e-02
6.9838061516e+01 -1.1599848244e-02
7.1362503960e+01 -1.1784224426e-02
7.2911256775e+01 -1.2104445520e-02
7.4484847559e+01 -1.2571853228e-02
7.6083812373e+01 -1.3118318893e-02
7.7708695921e+01 -1.3632796324e-02
7.9360051734e+01 -1.3965912121e-02
8.1038442365e+01 -1.4060334335e-02
8.2744439576e+01 -1.3946723252e-02
8.4478624530e+01 -1.3786199848e-02
8.6241587997e+01 -1.3760209423e-02
8.8033930547e+01 -1.4033726295e-02
8.9856262762e+01 -1.4691001942e-02
9.1709205436e+01 -1.5763517070e-02
9.3593389795e+01 -1.7151349396e-02
9.5509457704e+01 -1.8620907547e-02
9.7458061892e+01 -1.9873506060e-02
9.9439866172e+01 -2.0677252160e-02
1.0145554566e+02 -2.0942714372e-02
1.0350578703e+02 -2.0769003511e-02
1.0559128871e+02 -2.0428471642e-02
1.0771276115e+02 -2.0276456620e-02
1.0987092704e+02 -2.0593398434e-02
1.1206652160e+02 -2.1468750918e-02
1.1430029277e+02 -2.2817520167e-02
1.1657300151e+02 -2.4420804138e-02
1.1888542205e+02 -2.6005460109e-02
1.2123834212e+02 -2.7355860861e-02
1.2363256328e+02 -2.8454342715e-02
1.2606890115e+02 -2.9513875686e-02
1.2854818569e+02 -3.0770156333e-02
1.3107126148e+02 -3.2210388016e-02
1.3363898805e+02 -3.3543073043e-02
1.3625224012e+02 -3.4370370108e-02
1.3891190791e+02 -3.4404871756e-02
1.4161889747e+02 -3.3671145859e-02
1.4437413097e+02 -3.2549835444e-02
1.4717854699e+02 -3.1554918384e-02
1.5003310091e+02 -3.0963426068e-02
1.5293876514e+02 -3.0584323066e-02
1.5589652954e+02 -2.9980897687e-02
1.5890740169e+02 -2.8896022363e-02
1.6197240728e+02 -2.7460502475e-02
1.6509259044e+02 -2.6078601863e-02
1.6826901409e+02 -2.5110109014e-02
1.7150276031e+02 -2.4595203340e-02
1.7479493070e+02 -2.4208007047e-02
1.7814664679e+02 -2.3409548994e-02
1.8155905037e+02 -2.1834988568e-02
1.8503330390e+02 -1.9618521959e-02
1.8857059093e+02 -1.7339426488e-02
1.9217211647e+02 -1.5692395118e-02
1.9583910742e+02 -1.5079040679e-02
1.9957281298e+02 -1.5395557230e-02
2.0337450507e+02 -1.6088215554e-02
2.0724547877e+02 -1.6514342574e-02
2.1118705278e+02 -1.6505679308e-02
2.1520056983e+02 -1.6329157550e-02
2.1928739716e+02 -1.6365301636e-02
2.2344892701e+02 -1.6935539945e-02
2.2768657703e+02 -1.8106120019e-02
2.3200179082e+02 -1.9790831332e-02
2.3639603841e+02 -2.1722776329e-02
2.4087081674e+02 -2.3477602090e-02
2.4542765019e+02 -2.4792772188e-02
2.5006809109e+02 -2.5537885144e-02
2.5479372026e+02 -2.5806379158e-02
2.5960614754e+02 -2.5912872211e-02
2.6450701231e+02 -2.6044299742e-02
2.6949798412e+02 -2.6292645722e-02
2.7458076319e+02 -2.6491640581e-02
2.7975708102e+02 -2.6220650423e-02
2.8502870098e+02 -2.5336303598e-02
2.9039741890e+02 -2.3993707078e-02
2.9586506368e+02 -2.2582660779e-02
3.0143349794e+02 -2.1817106841e-02
3.0710461862e+02 -2.2269563065e-02
3.1288035765e+02 -2.3978212576e-02
3.1876268259e+02 -2.6268477274e-02
3.2475359732e+02 -2.8061868060e-02
3.3085514269e+02 -2.8716579267e-02
3.3706939727e+02 -2.7987137308e-02
3.4339847799e+02 -2.6055863493e-02
3.4984454091e+02 -2.3768686709e-02
3.5640978188e+02 -2.2010211936e-02
3.6309643733e+02 -2.1169245205e-02
3.6990678487e+02 -2.0923149882e-02
3.7684314396e+02 -2.0645953340e-02
3.8390787633e+02 -2.0040543642e-02
3.9110338615e+02 -1.8935529309e-02
3.9843211953e+02 -1.7394379856e-02
4.0589656306e+02 -1.5861275174e-02
4.1349924044e+02 -1.4748045852e-02
4.2124270614e+02 -1.4165008642e-02
4.2912953435e+02 -1.3889083722e-02
4.3716230063e+02 -1.3618821720e-02
4.4534355328e+02 -1.3213662486e-02
4.5367577013e+02 -1.2544444009e-02
4.6216129653e+02 -1.1506394651e-02
4.7080225980e+02 -1.0249308166e-02
4.7960045663e+02 -9.1273238265e-03
4.8855721127e+02 -8.3820897464e-03
4.9767320634e+02 -8.0073241768e-03
5.0694829158e+02 -7.7796901457e-03
5.1638128212e+02 -7.4604859219e-03
5.2596976245e+02 -6.9026416253e-03
5.3570991718e+02 -6.0071016343e-03
5.4559641198e+02 -4.8322828312e-03
5.5562234697e+02 -3.5844007721e-03
5.6577930043e+02 -2.4634626346e-03
5.7605747209e+02 -1.5953484753e-03
5.8644592435e+02 -9.9636977843e-04
5.9693290738e+02 -5.9557264739e-04
6.0750624294e+02 -3.3000004588e-04
6.1815373393e+02 -1.7348588001e-04
6.2886356302e+02 -9.2621731272e-05
6.3962464611e+02 -2.8434005098e-05
6.5042691296e+02 4.5062996567e-05
6.6126149787e+02 1.1430702206e-04
6.7212083508e+02 1.6592276270e-04
6.8299866488e+02 2.0839675423e-04
6.9388996500e+02 2.5210297591e-04
7.0479082754e+02 2.9046802947e-04
7.1569830307e+02 3.2069592990e-04
7.2661023225e+02 3.4454978010e-04
7.3752508151e+02 3.6061510100e-04
7.4844179417e+02 3.6993133178e-04
7.5935966386e+02 3.7605545002e-04
7.7027823245e+02 3.8222729983e-04
7.8119721165e+02 3.8693322403e-04
7.9211642543e+02 3.8701068838e-04
8.0303576952e+02 3.8275564414e-04
8.1395518398e+02 3.7640656685e-04
8.2487463536e+02 3.6956217327e-04
8.3579410559e+02 3.6278298459e-04
8.4671358515e+02 3.5716234591e-04
8.5763306920e+02 3.5370595282e-04
8.6855255537e+02 3.5237509462e-04
8.7947204248e+02 3.5186977326e-04
8.9039153002e+02 3.5069402243e-04
9.0131101774e+02 3.4786943250e-04
9.1223050554e+02 3.4364997856e-04
9.2314999336e+02 3.3904585451e-04
9.3406948120e+02 3.3523657886e-04
9.4498896904e+02 3.3304725704e-04
9.5590845688e+02 3.3312404766e-04
9.6682794473e+02 3.3615944513e-04
9.7774743257e+02 3.4276135983e-04
9.8866692042e+02 3.5329314389e-04
9.9958640826e+02 3.6745865727e-04
1.0105058961e+03 3.8219889973e-04
1.0214253840e+03 4.0170843002e-04
1.0323448718e+03 4.1349591030e-04
1.0432643596e+03 4.2772108020e-04
1.0541838475e+03 4.3275703091e-04
1.0651033353e+03 4.3193926047e-04
1.0760228232e+03 4.2285773390e-04
1.0869423110e+03 4.0700400815e-04
1.0978617989e+03 3.8622915196e-04
1.1087812867e+03 3.6259772615e-04
1.1197007746e+03 3.3758970692e-04
1.1306202624e+03 3.1236046255e-04
1.1415397502e+03 2.8887086734e-04
1.1524592381e+03 2.6842494580e-04
1.1633787259e+03 2.5291807848e-04
1.1742982138e+03 2.4302380439e-04
1.1852177016e+03 2.3969671579e-04
1.1961371895e+03 2.4162393688e-04
1.2070566773e+03 2.4774976672e-04
1.2179761652e+03 2.5596173925e-04
1.2288956530e+03 2.6570355617e-04
1.2398151408e+03 2.7553976427e-04
1.2507346287e+03 2.8507818330e-04
1.2616541165e+03 2.9335980843e-04
1.2725736044e+03 3.0039008645e-04
1.2834930922e+03 3.0581710780e-04
1.2944125801e+03 3.0915608725e-04
1.3053320679e+03 3.1005839475e-04
1.3162515558e+03 3.0760587756e-04
1.3271710436e+03 3.0217627189e-04
1.3380905314e+03 2.9395768675e-04
1.3490100193e+03 2.8578610855e-04
1.3599295071e+03 2.7953337386e-04
1.3708489950e+03 2.7764473248e-04
1.3817684828e+03 2.7945000354e-04
1.3926879707e+03 2.8445925935e-04
1.4036074585e+03 2.9071141922e-04
1.4145269464e+03 2.9692737441e-04
1.4254464342e+03 3.0125649593e-04
1.4363659220e+03 3.0281427319e-04
1.4472854099e+03 3.0234550189e-04
1.4582048977e+03 3.0139494916e-04
1.4691243856e+03 3.0204555385e-04
1.4800438734e+03 3.0416682278e-04
1.4909633613e+03 3.0753966800e-04
1.5018828491e+03 3.1016666211e-04
1.5128023370e+03 3.1182969786e-04
1.5237218248e+03 3.1183958164e-04
1.5346413126e+03 3.1197394405e-04
1.5455608005e+03 3.1324619078e-04
1.5564802883e+03 3.1715229578e-04
1.5673997762e+03 3.2293751909e-04
1.5783192640e+03 3.2928936483e-04
1.5892387519e+03 3.3406684247e-04
1.6001582397e+03 3.3553798335e-04
1.6110777276e+03 3.3229343173e-04
1.6219972154e+03 3.2380342295e-04
1.6329167032e+03 3.1048476095e-04
1.6438361911e+03 2.9433353932e-04
1.6547556789e+03 2.7779993748e-04
1.6656751668e+03 2.6424581173e-04
1.6765946546e+03 2.5610356474e-04
1.6875141425e+03 2.5518067974e-04
1.6984336303e+03 2.6056456027e-04
1.7093531182e+03 2.6954633376e-04
1.7202726060e+03 2.7834804578e-04
1.7311920938e+03 2.8486060384e-04
1.7421115817e+03 2.8942396054e-04
1.7530310695e+03 2.9398730951e-04
1.7639505574e+03 3.0022563193e-04
1.7748700452e+03 3.0788149723e-04
1.7857895331e+03 3.1547996278e-04
1.7967090209e+03 3.2078661818e-04
1.8076285088e+03 3.2279258647e-04
1.8185479966e+03 3.2108559296e-04
1.8294674844e+03 3.1710570871e-04
1.8403869723e+03 3.1225016391e-04
1.8513064601e+03 3.0896775351e-04
1.8622259480e+03 3.0791445430e-04
1.8731454358e+03 3.0974707082e-04
1.8840649237e+03 3.1291751975e-04
1.8949844115e+03 3.1706728204e-04
1.9059038994e+03 3.2085067619e-04
1.9168233872e+03 3.2503028519e-04
1.9277428750e+03 3.2874309597e-04
1.9386623629e+03 3.3242092376e-04
1.9495818507e+03 3.3389275980e-04
1.9605013386e+03 3.3356476947e-04
1.9714208264e+03 3.3053975251e-04
1.9823403143e+03 3.2791695070e-04
1.9932598021e+03 3.2613890385e-04
2.0041792900e+03 3.2749306200e-04
2.0150987778e+03 3.2999600357e-04
2.0260182656e+03 3.3331553789e-04
2.0369377535e+03 3.3515491522e-04
2.0478572413e+03 3.3596936082e-04
2.0587767292e+03 3.3583999261e-04
2.0696962170e+03 3.3602630583e-04
2.0806157049e+03 3.3700265787e-04
2.0915351927e+03 3.3859983178e-04
2.1024546806e+03 3.4021962614e-04
2.1133741684e+03 3.4047484458e-04
2.1242936562e+03 3.3900571075e-04
2.1352131441e+03 3.3578132249e-04
2.1461326319e+03 3.3223051789e-04
2.1570521198e+03 3.2962598651e-04
2.1679716076e+03 3.2868134717e-04
2.1788910955e+03 3.2945709735e-04
2.1898105833e+03 3.3099208299e-04
2.2007300712e+03 3.3313720929e-04
2.2116495590e+03 3.3538653675e-04
2.2225690468e+03 3.3882117567e-04
2.2334885347e+03 3.4335168112e-04
2.2444080225e+03 3.4938474864e-04
2.2553275104e+03 3.5431409003e-04
2.2662469982e+03 3.5644566454e-04
2.2771664861e+03 3.5209783631e-04
2.2880859739e+03 3.4145932142e-04
2.2990054618e+03 3.2391795740e-04
2.3099249496e+03 3.0342293325e-04
2.3208444374e+03 2.8235548953e-04
2.3317639253e+03 2.6581531078e-04
2.3426834131e+03 2.5555685967e-04
2.3536029010e+03 2.5289324284e-04
2.3645223888e+03 2.5601594002e-04
2.3754418767e+03 2.6228512496e-04
2.3863613645e+03 2.6988978394e-04
2.3972808524e+03 2.7669833287e-04
2.4082003402e+03 2.8394120099e-04
2.4191198280e+03 2.9049085742e-04
2.4300393159e+03 2.9864177895e-04
2.4409588037e+03 3.0656471551e-04
2.4518782916e+03 3.1642144521e-04
2.4627977794e+03 3.2624911683e-04
2.4737172673e+03 3.3804211851e-04
2.4846367551e+03 3.4945693895e-04
2.4955562430e+03 3.6139920813e-04
2.5064757308e+03 3.7103350834e-04
2.5173952187e+03 3.7877287258e-04
2.5283147065e+03 3.8235714352e-04
2.5392341943e+03 3.8283175337e-04
2.5501536822e+03 3.7960239687e-04
2.5610731700e+03 3.7516199190e-04
2.5719926579e+03 3.7047612037e-04
2.5829121457e+03 3.6775546831e-04
2.5938316336e+03 3.6686015137e-04
2.6047511214e+03 3.6760844759e-04
2.6156706093e+03 3.6841908142e-04
2.6265900971e+03 3.6871885312e-04
2.6375095849e+03 3.6765221255e-04
2.6484290728e+03 3.6615820042e-04
2.6593485606e+03 3.6364871069e-04
2.6702680485e+03 3.6156396769e-04
2.6811875363e+03 3.5852025874e-04
2.6921070242e+03 3.5666574604e-04
2.7030265120e+03 3.5459697003e-04
2.7139459999e+03 3.5497088965e-04
2.7248654877e+03 3.5569618639e-04
2.7357849755e+03 3.5888534458e-04
2.7467044634e+03 3.6225529014e-04
2.7576239512e+03 3.6740266209e-04
2.7685434391e+03 3.7177581114e-04
2.7794629269e+03 3.7544830193e-04
2.7903824148e+03 3.7315935235e-04
2.8013019026e+03 3.3803380208e-04
2.8122213905e+03 2.6754211488e-04
