# Production contribution: P_vw = -\bar{\rho} \widetilde{v'' w''} (\partial \tilde{w} / \partial y)
# Columns: y_plus    P_vw^+
3.9832992606e-01 1.8176205474e-05
1.1887924427e+00 3.2930437482e-04
1.9799514194e+00 1.4250608921e-03
2.7719943680e+00 3.7184686814e-03
3.5651283791e+00 7.3627700030e-03
4.3595770683e+00 1.2158221303e-02
5.1555775073e+00 1.7661645930e-02
5.9533773809e+00 2.3287220234e-02
6.7532325235e+00 2.8519653402e-02
7.5554049053e+00 3.2955751487e-02
8.3601610713e+00 3.6394783926e-02
9.1677709952e+00 3.8762956412e-02
9.9785072812e+00 4.0126375944e-02
1.0792644643e+01 4.0597423163e-02
1.1610459588e+01 4.0343858215e-02
1.2432230253e+01 3.9518739646e-02
1.3258236337e+01 3.8280903359e-02
1.4088759099e+01 3.6751982741e-02
1.4924081400e+01 3.5045350282e-02
1.5764487770e+01 3.3239433020e-02
1.6610264487e+01 3.1404462567e-02
1.7461699667e+01 2.9582634411e-02
1.8319083357e+01 2.7810419741e-02
1.9182707631e+01 2.6104032427e-02
2.0052866693e+01 2.4478281425e-02
2.0929856971e+01 2.2935830858e-02
2.1813977219e+01 2.1482018174e-02
2.2705528623e+01 2.0115263296e-02
2.3604814899e+01 1.8837297318e-02
2.4512142398e+01 1.7644442869e-02
2.5427820210e+01 1.6535448342e-02
2.6352160271e+01 1.5505074286e-02
2.7285477466e+01 1.4550835990e-02
2.8228089740e+01 1.3667740710e-02
2.9180318202e+01 1.2853029200e-02
3.0142487241e+01 1.2101629634e-02
3.1114924627e+01 1.1410160695e-02
3.2097961633e+01 1.0773598549e-02
3.3091933139e+01 1.0188273308e-02
3.4097177753e+01 9.6488323078e-03
3.5114037921e+01 9.1509392687e-03
3.6142860047e+01 8.6895362232e-03
3.7183994610e+01 8.2612067342e-03
3.8237796283e+01 7.8624093463e-03
3.9304624055e+01 7.4910021253e-03
4.0384841351e+01 7.1442342639e-03
4.1478816159e+01 6.8195672191e-03
4.2586921152e+01 6.5136228766e-03
4.3709533817e+01 6.2240832375e-03
4.4847036585e+01 5.9493815012e-03
4.5999816957e+01 5.6897706538e-03
4.7168267640e+01 5.4459016522e-03
4.8352786679e+01 5.2182578698e-03
4.9553777591e+01 5.0053402592e-03
5.0771649508e+01 4.8051658307e-03
5.2006817308e+01 4.6168140199e-03
5.3259701767e+01 4.4411736772e-03
5.4530729690e+01 4.2784561210e-03
5.5820334067e+01 4.1269727811e-03
5.7128954215e+01 3.9825433370e-03
5.8457035929e+01 3.8399670396e-03
5.9805031633e+01 3.6952866126e-03
6.1173400536e+01 3.5482367910e-03
6.2562608788e+01 3.4013305133e-03
6.3973129635e+01 3.2587485832e-03
6.5405443587e+01 3.1257921873e-03
6.6860038576e+01 3.0077154879e-03
6.8337410125e+01 2.9066663880e-03
6.9838061516e+01 2.8206366400e-03
7.1362503960e+01 2.7453071961e-03
7.2911256775e+01 2.6772588043e-03
7.4484847559e+01 2.6141343826e-03
7.6083812373e+01 2.5525178091e-03
7.7708695921e+01 2.4876628440e-03
7.9360051734e+01 2.4180037433e-03
8.1038442365e+01 2.3484632381e-03
8.2744439576e+01 2.2853393339e-03
8.4478624530e+01 2.2281463427e-03
8.6241587997e+01 2.1709497739e-03
8.8033930547e+01 2.1105337039e-03
8.9856262762e+01 2.0496171029e-03
9.1709205436e+01 1.9910998431e-03
9.3593389795e+01 1.9347838526e-03
9.5509457704e+01 1.8804226569e-03
9.7458061892e+01 1.8282302502e-03
9.9439866172e+01 1.7773237556e-03
1.0145554566e+02 1.7274312059e-03
1.0350578703e+02 1.6794483788e-03
1.0559128871e+02 1.6332917493e-03
1.0771276115e+02 1.5874045936e-03
1.0987092704e+02 1.5407614112e-03
1.1206652160e+02 1.4939757027e-03
1.1430029277e+02 1.4484344712e-03
1.1657300151e+02 1.4040130792e-03
1.1888542205e+02 1.3597206186e-03
1.2123834212e+02 1.3161300867e-03
1.2363256328e+02 1.2754505246e-03
1.2606890115e+02 1.2399278699e-03
1.2854818569e+02 1.2088493237e-03
1.3107126148e+02 1.1751452254e-03
1.3363898805e+02 1.1333396973e-03
1.3625224012e+02 1.0887842471e-03
1.3891190791e+02 1.0475365394e-03
1.4161889747e+02 1.0081132367e-03
1.4437413097e+02 9.6951379148e-04
1.4717854699e+02 9.3293213793e-04
1.5003310091e+02 8.9788236963e-04
1.5293876514e+02 8.6258874159e-04
1.5589652954e+02 8.2614674500e-04
1.5890740169e+02 7.8945500273e-04
1.6197240728e+02 7.5251632043e-04
1.6509259044e+02 7.1485001584e-04
1.6826901409e+02 6.8043490879e-04
1.7150276031e+02 6.5531052563e-04
1.7479493070e+02 6.3906244739e-04
1.7814664679e+02 6.2446242876e-04
1.8155905037e+02 6.0622549538e-04
1.8503330390e+02 5.8391586075e-04
1.8857059093e+02 5.5682378694e-04
1.9217211647e+02 5.2511279005e-04
1.9583910742e+02 4.9246306568e-04
1.9957281298e+02 4.6195565078e-04
2.0337450507e+02 4.3392605602e-04
2.0724547877e+02 4.0648441874e-04
2.1118705278e+02 3.7957743721e-04
2.1520056983e+02 3.5680102771e-04
2.1928739716e+02 3.3678969693e-04
2.2344892701e+02 3.1486200729e-04
2.2768657703e+02 2.9160953234e-04
2.3200179082e+02 2.7077518754e-04
2.3639603841e+02 2.5215484312e-04
2.4087081674e+02 2.3552933443e-04
2.4542765019e+02 2.2225543320e-04
2.5006809109e+02 2.1012719560e-04
2.5479372026e+02 1.9647032056e-04
2.5960614754e+02 1.8035245453e-04
2.6450701231e+02 1.6368771840e-04
2.6949798412e+02 1.4998117025e-04
2.7458076319e+02 1.3883008086e-04
2.7975708102e+02 1.2830807544e-04
2.8502870098e+02 1.1826623916e-04
2.9039741890e+02 1.0747286945e-04
2.9586506368e+02 9.6271085209e-05
3.0143349794e+02 8.7836513789e-05
3.0710461862e+02 8.1196749653e-05
3.1288035765e+02 7.3020205502e-05
3.1876268259e+02 6.3793276278e-05
3.2475359732e+02 5.7245814051e-05
3.3085514269e+02 5.4727680497e-05
3.3706939727e+02 5.2783557200e-05
3.4339847799e+02 4.8393037376e-05
3.4984454091e+02 4.2125996452e-05
3.5640978188e+02 3.6440568644e-05
3.6309643733e+02 3.2033466848e-05
3.6990678487e+02 2.8184229558e-05
3.7684314396e+02 2.4710515691e-05
3.8390787633e+02 2.1499932913e-05
3.9110338615e+02 1.8670747462e-05
3.9843211953e+02 1.5887152054e-05
4.0589656306e+02 1.3274101190e-05
4.1349924044e+02 1.0858792281e-05
4.2124270614e+02 8.7664116502e-06
4.2912953435e+02 7.2668628802e-06
4.3716230063e+02 6.1308054350e-06
4.4534355328e+02 5.0179752451e-06
4.5367577013e+02 3.9433298333e-06
4.6216129653e+02 2.8841696176e-06
4.7080225980e+02 1.9218402590e-06
4.7960045663e+02 1.2557009818e-06
4.8855721127e+02 8.4860012923e-07
4.9767320634e+02 5.9037979771e-07
5.0694829158e+02 4.2469162244e-07
5.1638128212e+02 2.9028999309e-07
5.2596976245e+02 1.7638028189e-07
5.3570991718e+02 1.0219255894e-07
5.4559641198e+02 6.2529560560e-08
5.5562234697e+02 3.8883895192e-08
5.6577930043e+02 2.2242571226e-08
5.7605747209e+02 1.2003141818e-08
5.8644592435e+02 6.5942781002e-09
5.9693290738e+02 3.1295897585e-09
6.0750624294e+02 1.6182926505e-09
6.1815373393e+02 1.1235411013e-09
6.2886356302e+02 7.2153648946e-10
6.3962464611e+02 3.4559424655e-10
6.5042691296e+02 1.5782587739e-10
6.6126149787e+02 1.0874781596e-10
6.7212083508e+02 7.3431023395e-11
6.8299866488e+02 3.0956607088e-11
6.9388996500e+02 4.3365731169e-12
7.0479082754e+02 1.8985313435e-13
7.1569830307e+02 -2.1346137451e-13
7.2661023225e+02 -5.2241148961e-13
7.3752508151e+02 5.1915521603e-13
7.4844179417e+02 1.7781438921e-13
7.5935966386e+02 8.6919754262e-15
7.7027823245e+02 -7.6995528346e-14
7.8119721165e+02 -9.6448085668e-14
7.9211642543e+02 -6.8479616205e-14
8.0303576952e+02 -3.3518039300e-14
8.1395518398e+02 -8.5976249381e-15
8.2487463536e+02 1.0131636155e-15
8.3579410559e+02 -2.8516266591e-15
8.4671358515e+02 -1.2353973830e-14
8.5763306920e+02 -1.9222693114e-14
8.6855255537e+02 -1.8647623626e-14
8.7947204248e+02 -1.1755662027e-14
8.9039153002e+02 -1.7160996729e-15
9.0131101774e+02 8.2196688348e-15
9.1223050554e+02 1.6177215664e-14
9.2314999336e+02 2.1289212048e-14
9.3406948120e+02 2.2444686467e-14
9.4498896904e+02 1.9103228700e-14
9.5590845688e+02 1.1262465560e-14
9.6682794473e+02 8.7113286225e-16
9.7774743257e+02 -8.9467089363e-15
9.8866692042e+02 -1.5151186178e-14
9.9958640826e+02 -1.6339107875e-14
1.0105058961e+03 -1.3675874083e-14
1.0214253840e+03 -9.6231079880e-15
1.0323448718e+03 -6.7744542272e-15
1.0432643596e+03 -6.1071779114e-15
1.0541838475e+03 -7.1480031015e-15
1.0651033353e+03 -8.4132312731e-15
1.0760228232e+03 -8.8819505595e-15
1.0869423110e+03 -8.1402385658e-15
1.0978617989e+03 -6.7064589545e-15
1.1087812867e+03 -5.1246386059e-15
1.1197007746e+03 -4.0138152738e-15
1.1306202624e+03 -3.5638830846e-15
1.1415397502e+03 -3.7077436868e-15
1.1524592381e+03 -4.0100829986e-15
1.1633787259e+03 -4.0128946029e-15
1.1742982138e+03 -3.3718044908e-15
1.1852177016e+03 -2.1703326654e-15
1.1961371895e+03 -7.8212392862e-16
1.2070566773e+03 3.0475753115e-16
1.2179761652e+03 8.4430445863e-16
1.2288956530e+03 9.2877629776e-16
1.2398151408e+03 9.0799064383e-16
1.2507346287e+03 1.0869506042e-15
1.2616541165e+03 1.5690926214e-15
1.2725736044e+03 2.1773632807e-15
1.2834930922e+03 2.6577247438e-15
1.2944125801e+03 2.7548754307e-15
1.3053320679e+03 2.3705335178e-15
1.3162515558e+03 1.5244251197e-15
1.3271710436e+03 4.3544057994e-16
1.3380905314e+03 -5.6176348830e-16
1.3490100193e+03 -1.0872112117e-15
1.3599295071e+03 -9.2513829331e-16
1.3708489950e+03 -1.3377360676e-16
1.3817684828e+03 1.0132594690e-15
1.3926879707e+03 2.1644493958e-15
1.4036074585e+03 3.0912888155e-15
1.4145269464e+03 3.6898252285e-15
1.4254464342e+03 3.9769128378e-15
1.4363659220e+03 4.0246811911e-15
1.4472854099e+03 3.9022751260e-15
1.4582048977e+03 3.7125610330e-15
1.4691243856e+03 3.4834626569e-15
1.4800438734e+03 3.2660186046e-15
1.4909633613e+03 3.0349208105e-15
1.5018828491e+03 2.8135145507e-15
1.5128023370e+03 2.5905723234e-15
1.5237218248e+03 2.3941876304e-15
1.5346413126e+03 2.2299826678e-15
1.5455608005e+03 2.1063244274e-15
1.5564802883e+03 2.0220106958e-15
1.5673997762e+03 1.9481214390e-15
1.5783192640e+03 1.8725198098e-15
1.5892387519e+03 1.7508236012e-15
1.6001582397e+03 1.5946809410e-15
1.6110777276e+03 1.3862571751e-15
1.6219972154e+03 1.1723283418e-15
1.6329167032e+03 9.4260061647e-16
1.6438361911e+03 7.4288654185e-16
1.6547556789e+03 5.5143385707e-16
1.6656751668e+03 4.0837640479e-16
1.6765946546e+03 2.8523594376e-16
1.6875141425e+03 2.0631587944e-16
1.6984336303e+03 1.3992518547e-16
1.7093531182e+03 9.7824385714e-17
1.7202726060e+03 5.8820079689e-17
1.7311920938e+03 2.9252386566e-17
1.7421115817e+03 2.2811197440e-18
1.7530310695e+03 -1.8141816744e-17
1.7639505574e+03 -2.9123690568e-17
1.7748700452e+03 -3.2143708257e-17
1.7857895331e+03 -2.6821712024e-17
1.7967090209e+03 -1.9395110127e-17
1.8076285088e+03 -1.2202801047e-17
1.8185479966e+03 -2.1204866743e-18
1.8294674844e+03 7.7288665394e-18
1.8403869723e+03 3.4668588081e-17
1.8513064601e+03 5.9174316321e-17
1.8622259480e+03 1.0583953286e-16
1.8731454358e+03 1.1714003897e-16
1.8840649237e+03 1.3214720180e-16
1.8949844115e+03 7.2752879397e-17
1.9059038994e+03 1.3309828450e-17
1.9168233872e+03 -1.2072372155e-16
1.9277428750e+03 -2.2983125376e-16
1.9386623629e+03 -3.7953024358e-16
1.9495818507e+03 -4.7014460771e-16
1.9605013386e+03 -5.5136836919e-16
1.9714208264e+03 -5.4170940500e-16
1.9823403143e+03 -4.9833184037e-16
1.9932598021e+03 -3.8679030145e-16
2.0041792900e+03 -2.8478137236e-16
2.0150987778e+03 -1.7027201265e-16
2.0260182656e+03 -9.1877916234e-17
2.0369377535e+03 4.4897742719e-18
2.0478572413e+03 1.0318676567e-16
2.0587767292e+03 2.3861707697e-16
2.0696962170e+03 3.6335365904e-16
2.0806157049e+03 4.4681096703e-16
2.0915351927e+03 4.6475065537e-16
2.1024546806e+03 3.9764649372e-16
2.1133741684e+03 3.1513165041e-16
2.1242936562e+03 1.8870245806e-16
2.1352131441e+03 1.1405560649e-16
2.1461326319e+03 1.6874056792e-17
2.1570521198e+03 -1.6016756492e-17
2.1679716076e+03 -6.6975439868e-17
2.1788910955e+03 -5.9905776945e-17
2.1898105833e+03 -5.6315072919e-17
2.2007300712e+03 1.0223575273e-18
2.2116495590e+03 7.6167196042e-17
2.2225690468e+03 1.9899238833e-16
2.2334885347e+03 3.5437665766e-16
2.2444080225e+03 5.4539436369e-16
2.2553275104e+03 7.8494654580e-16
2.2662469982e+03 1.0531619782e-15
2.2771664861e+03 1.3930944099e-15
2.2880859739e+03 1.7458303973e-15
2.2990054618e+03 2.1764272766e-15
2.3099249496e+03 2.5941769784e-15
2.3208444374e+03 3.0857473138e-15
2.3317639253e+03 3.5368229024e-15
2.3426834131e+03 4.0139491331e-15
2.3536029010e+03 4.3710680478e-15
2.3645223888e+03 4.6412585036e-15
2.3754418767e+03 4.7115678281e-15
2.3863613645e+03 4.6370968769e-15
2.3972808524e+03 4.3788015040e-15
2.4082003402e+03 4.0171185204e-15
2.4191198280e+03 3.5452897231e-15
2.4300393159e+03 3.0631174325e-15
2.4409588037e+03 2.5599913502e-15
2.4518782916e+03 2.1529980815e-15
2.4627977794e+03 1.7926420231e-15
2.4737172673e+03 1.5988925601e-15
2.4846367551e+03 1.4694659314e-15
2.4955562430e+03 1.5309359579e-15
2.5064757308e+03 1.6347278028e-15
2.5173952187e+03 1.9467046177e-15
2.5283147065e+03 2.2518353178e-15
2.5392341943e+03 2.7927757115e-15
2.5501536822e+03 3.2206610599e-15
2.5610731700e+03 3.8917917514e-15
2.5719926579e+03 4.2687709927e-15
2.5829121457e+03 4.8802618031e-15
2.5938316336e+03 4.9891476401e-15
2.6047511214e+03 5.3043603588e-15
2.6156706093e+03 4.9748785925e-15
2.6265900971e+03 4.7992354245e-15
2.6375095849e+03 4.0555432539e-15
2.6484290728e+03 3.4137330734e-15
2.6593485606e+03 2.4814696406e-15
2.6702680485e+03 1.5961428090e-15
2.6811875363e+03 7.4678828986e-16
2.6921070242e+03 -8.9608684693e-17
2.7030265120e+03 -6.4240261544e-16
2.7139459999e+03 -1.3067988069e-15
2.7248654877e+03 -1.5782691915e-15
2.7357849755e+03 -2.2819068101e-15
2.7467044634e+03 -2.4189860599e-15
2.7576239512e+03 -3.3712419790e-15
2.7685434391e+03 -3.0149164822e-15
2.7794629269e+03 -3.1398897758e-15
2.7903824148e+03 -4.3412640699e-15
2.8013019026e+03 1.0389601071e-14
2.8122213905e+03 5.5612221411e-15
