# Production contribution: P_uv = -\bar{\rho} \widetilde{u'' v''} (\partial \tilde{u} / \partial y)
# Columns: y_plus    P_uv^+
3.9832992606e-01 1.0012673007e-04
1.1887924427e+00 1.7215734767e-03
1.9799514194e+00 7.3402751777e-03
2.7719943680e+00 1.9035290427e-02
3.5651283791e+00 3.7575135942e-02
4.3595770683e+00 6.1951851781e-02
5.1555775073e+00 8.9944957575e-02
5.9533773809e+00 1.1861775445e-01
6.7532325235e+00 1.4538734011e-01
7.5554049053e+00 1.6821803916e-01
8.3601610713e+00 1.8608510201e-01
9.1677709952e+00 1.9859560054e-01
9.9785072812e+00 2.0606576291e-01
1.0792644643e+01 2.0904122151e-01
1.1610459588e+01 2.0834857810e-01
1.2432230253e+01 2.0474156163e-01
1.3258236337e+01 1.9901462724e-01
1.4088759099e+01 1.9177946374e-01
1.4924081400e+01 1.8360998563e-01
1.5764487770e+01 1.7489986654e-01
1.6610264487e+01 1.6600352910e-01
1.7461699667e+01 1.5713446485e-01
1.8319083357e+01 1.4848341392e-01
1.9182707631e+01 1.4014012818e-01
2.0052866693e+01 1.3219049415e-01
2.0929856971e+01 1.2465528497e-01
2.1813977219e+01 1.1756682840e-01
2.2705528623e+01 1.1091595852e-01
2.3604814899e+01 1.0470728516e-01
2.4512142398e+01 9.8912168745e-02
2.5427820210e+01 9.3513591435e-02
2.6352160271e+01 8.8472853928e-02
2.7285477466e+01 8.3769637093e-02
2.8228089740e+01 7.9375259995e-02
2.9180318202e+01 7.5281172906e-02
3.0142487241e+01 7.1472263883e-02
3.1114924627e+01 6.7945814710e-02
3.2097961633e+01 6.4687491664e-02
3.3091933139e+01 6.1685826574e-02
3.4097177753e+01 5.8914688051e-02
3.5114037921e+01 5.6350940386e-02
3.6142860047e+01 5.3966929132e-02
3.7183994610e+01 5.1746350403e-02
3.8237796283e+01 4.9673178618e-02
3.9304624055e+01 4.7739905844e-02
4.0384841351e+01 4.5938365108e-02
4.1478816159e+01 4.4266858119e-02
4.2586921152e+01 4.2718877880e-02
4.3709533817e+01 4.1286172628e-02
4.4847036585e+01 3.9954017796e-02
4.5999816957e+01 3.8711950140e-02
4.7168267640e+01 3.7551118146e-02
4.8352786679e+01 3.6467385622e-02
4.9553777591e+01 3.5455102155e-02
5.0771649508e+01 3.4510326121e-02
5.2006817308e+01 3.3626574857e-02
5.3259701767e+01 3.2798073032e-02
5.4530729690e+01 3.2016483996e-02
5.5820334067e+01 3.1272123223e-02
5.7128954215e+01 3.0550672092e-02
5.8457035929e+01 2.9840969257e-02
5.9805031633e+01 2.9140522306e-02
6.1173400536e+01 2.8457922759e-02
6.2562608788e+01 2.7802267840e-02
6.3973129635e+01 2.7178046619e-02
6.5405443587e+01 2.6585592854e-02
6.6860038576e+01 2.6026835908e-02
6.8337410125e+01 2.5501435826e-02
6.9838061516e+01 2.5004010365e-02
7.1362503960e+01 2.4524273546e-02
7.2911256775e+01 2.4055044108e-02
7.4484847559e+01 2.3596061933e-02
7.6083812373e+01 2.3151933827e-02
7.7708695921e+01 2.2722351551e-02
7.9360051734e+01 2.2300307604e-02
8.1038442365e+01 2.1880387691e-02
8.2744439576e+01 2.1467533490e-02
8.4478624530e+01 2.1068987268e-02
8.6241587997e+01 2.0685202047e-02
8.8033930547e+01 2.0311925037e-02
8.9856262762e+01 1.9948227568e-02
9.1709205436e+01 1.9599112061e-02
9.3593389795e+01 1.9270892096e-02
9.5509457704e+01 1.8960841268e-02
9.7458061892e+01 1.8657714388e-02
9.9439866172e+01 1.8348369560e-02
1.0145554566e+02 1.8027129001e-02
1.0350578703e+02 1.7701401516e-02
1.0559128871e+02 1.7381695505e-02
1.0771276115e+02 1.7065129384e-02
1.0987092704e+02 1.6746714333e-02
1.1206652160e+02 1.6434733840e-02
1.1430029277e+02 1.6137849007e-02
1.1657300151e+02 1.5855060801e-02
1.1888542205e+02 1.5588519422e-02
1.2123834212e+02 1.5342540467e-02
1.2363256328e+02 1.5108340111e-02
1.2606890115e+02 1.4872602662e-02
1.2854818569e+02 1.4640413723e-02
1.3107126148e+02 1.4424538985e-02
1.3363898805e+02 1.4219269493e-02
1.3625224012e+02 1.4001309078e-02
1.3891190791e+02 1.3750432375e-02
1.4161889747e+02 1.3471470350e-02
1.4437413097e+02 1.3188709105e-02
1.4717854699e+02 1.2917352457e-02
1.5003310091e+02 1.2662844632e-02
1.5293876514e+02 1.2426978895e-02
1.5589652954e+02 1.2200103567e-02
1.5890740169e+02 1.1961073733e-02
1.6197240728e+02 1.1699066052e-02
1.6509259044e+02 1.1426568076e-02
1.6826901409e+02 1.1165264841e-02
1.7150276031e+02 1.0922024046e-02
1.7479493070e+02 1.0682847624e-02
1.7814664679e+02 1.0428532347e-02
1.8155905037e+02 1.0159251560e-02
1.8503330390e+02 9.8915273499e-03
1.8857059093e+02 9.6285546115e-03
1.9217211647e+02 9.3704894711e-03
1.9583910742e+02 9.1232722100e-03
1.9957281298e+02 8.8880667966e-03
2.0337450507e+02 8.6554604363e-03
2.0724547877e+02 8.4119746038e-03
2.1118705278e+02 8.1608643976e-03
2.1520056983e+02 7.9109079688e-03
2.1928739716e+02 7.6717642467e-03
2.2344892701e+02 7.4453550693e-03
2.2768657703e+02 7.2133442858e-03
2.3200179082e+02 6.9754181367e-03
2.3639603841e+02 6.7449596422e-03
2.4087081674e+02 6.5211199967e-03
2.4542765019e+02 6.2956287976e-03
2.5006809109e+02 6.0633960314e-03
2.5479372026e+02 5.8315356664e-03
2.5960614754e+02 5.5946368559e-03
2.6450701231e+02 5.3462304065e-03
2.6949798412e+02 5.1095366458e-03
2.7458076319e+02 4.8959462804e-03
2.7975708102e+02 4.6869152645e-03
2.8502870098e+02 4.4676535983e-03
2.9039741890e+02 4.2359700532e-03
2.9586506368e+02 4.0039305545e-03
3.0143349794e+02 3.7901057226e-03
3.0710461862e+02 3.5826647658e-03
3.1288035765e+02 3.3722638580e-03
3.1876268259e+02 3.1678969442e-03
3.2475359732e+02 2.9636038979e-03
3.3085514269e+02 2.7579385506e-03
3.3706939727e+02 2.5503109755e-03
3.4339847799e+02 2.3449491188e-03
3.4984454091e+02 2.1470828351e-03
3.5640978188e+02 1.9562070934e-03
3.6309643733e+02 1.7712203313e-03
3.6990678487e+02 1.5869582314e-03
3.7684314396e+02 1.4075061293e-03
3.8390787633e+02 1.2398176412e-03
3.9110338615e+02 1.0843021790e-03
3.9843211953e+02 9.3933603307e-04
4.0589656306e+02 8.0170774449e-04
4.1349924044e+02 6.7134073865e-04
4.2124270614e+02 5.5183780622e-04
4.2912953435e+02 4.4448828638e-04
4.3716230063e+02 3.5149811339e-04
4.4534355328e+02 2.7306886691e-04
4.5367577013e+02 2.0708819135e-04
4.6216129653e+02 1.5307831901e-04
4.7080225980e+02 1.1032144102e-04
4.7960045663e+02 7.7393035584e-05
4.8855721127e+02 5.3198035369e-05
4.9767320634e+02 3.5933887585e-05
5.0694829158e+02 2.3643289145e-05
5.1638128212e+02 1.5068229389e-05
5.2596976245e+02 9.2137510976e-06
5.3570991718e+02 5.3764230183e-06
5.4559641198e+02 3.0163435364e-06
5.5562234697e+02 1.6351019457e-06
5.6577930043e+02 8.6490152320e-07
5.7605747209e+02 4.4547942114e-07
5.8644592435e+02 2.1964014355e-07
5.9693290738e+02 1.0493339250e-07
6.0750624294e+02 4.8458486274e-08
6.1815373393e+02 2.1142758859e-08
6.2886356302e+02 9.0811970374e-09
6.3962464611e+02 4.1842597266e-09
6.5042691296e+02 2.3800556232e-09
6.6126149787e+02 1.5109208439e-09
6.7212083508e+02 9.6533987106e-10
6.8299866488e+02 6.3673816946e-10
6.9388996500e+02 3.9922994187e-10
7.0479082754e+02 2.5888263281e-10
7.1569830307e+02 1.8261224826e-10
7.2661023225e+02 1.5574158503e-10
7.3752508151e+02 1.6414359648e-10
7.4844179417e+02 1.5510511607e-10
7.5935966386e+02 1.2532776820e-10
7.7027823245e+02 1.0584124820e-10
7.8119721165e+02 9.6741299133e-11
7.9211642543e+02 9.0336975035e-11
8.0303576952e+02 8.4631794177e-11
8.1395518398e+02 8.0104852278e-11
8.2487463536e+02 7.6149721046e-11
8.3579410559e+02 7.3370579003e-11
8.4671358515e+02 7.1490884856e-11
8.5763306920e+02 7.0432343539e-11
8.6855255537e+02 6.9484533351e-11
8.7947204248e+02 6.8563270244e-11
8.9039153002e+02 6.7211922570e-11
9.0131101774e+02 6.5461939388e-11
9.1223050554e+02 6.3142074908e-11
9.2314999336e+02 6.0756615329e-11
9.3406948120e+02 5.8445856670e-11
9.4498896904e+02 5.6429931929e-11
9.5590845688e+02 5.4462812332e-11
9.6682794473e+02 5.2622448668e-11
9.7774743257e+02 5.0876117292e-11
9.8866692042e+02 4.9487705257e-11
9.9958640826e+02 4.8277582943e-11
1.0105058961e+03 4.7346763590e-11
1.0214253840e+03 4.6479520134e-11
1.0323448718e+03 4.5823979438e-11
1.0432643596e+03 4.5221240862e-11
1.0541838475e+03 4.4721607437e-11
1.0651033353e+03 4.4087975196e-11
1.0760228232e+03 4.3424790872e-11
1.0869423110e+03 4.2593174487e-11
1.0978617989e+03 4.1791617362e-11
1.1087812867e+03 4.0875371601e-11
1.1197007746e+03 3.9913096192e-11
1.1306202624e+03 3.8770915643e-11
1.1415397502e+03 3.7456196907e-11
1.1524592381e+03 3.5903071017e-11
1.1633787259e+03 3.4155523371e-11
1.1742982138e+03 3.2294818285e-11
1.1852177016e+03 3.0504715325e-11
1.1961371895e+03 2.8917675994e-11
1.2070566773e+03 2.7612017425e-11
1.2179761652e+03 2.6566995821e-11
1.2288956530e+03 2.5687542953e-11
1.2398151408e+03 2.4880499644e-11
1.2507346287e+03 2.4034319182e-11
1.2616541165e+03 2.3095253868e-11
1.2725736044e+03 2.2010852292e-11
1.2834930922e+03 2.0758945016e-11
1.2944125801e+03 1.9367009998e-11
1.3053320679e+03 1.7900995812e-11
1.3162515558e+03 1.6479849195e-11
1.3271710436e+03 1.5187702566e-11
1.3380905314e+03 1.4119649932e-11
1.3490100193e+03 1.3340905334e-11
1.3599295071e+03 1.2906340096e-11
1.3708489950e+03 1.2772586595e-11
1.3817684828e+03 1.2845577134e-11
1.3926879707e+03 1.3001699659e-11
1.4036074585e+03 1.3190259385e-11
1.4145269464e+03 1.3392568371e-11
1.4254464342e+03 1.3612843871e-11
1.4363659220e+03 1.3836117934e-11
1.4472854099e+03 1.4032971160e-11
1.4582048977e+03 1.4186922727e-11
1.4691243856e+03 1.4268848710e-11
1.4800438734e+03 1.4284106681e-11
1.4909633613e+03 1.4220498435e-11
1.5018828491e+03 1.4101053684e-11
1.5128023370e+03 1.3899434582e-11
1.5237218248e+03 1.3600994923e-11
1.5346413126e+03 1.3146836625e-11
1.5455608005e+03 1.2538425408e-11
1.5564802883e+03 1.1786360365e-11
1.5673997762e+03 1.0984336908e-11
1.5783192640e+03 1.0210228997e-11
1.5892387519e+03 9.5631144256e-12
1.6001582397e+03 9.0574869963e-12
1.6110777276e+03 8.6925580484e-12
1.6219972154e+03 8.4003778345e-12
1.6329167032e+03 8.1474397968e-12
1.6438361911e+03 7.8751044634e-12
1.6547556789e+03 7.5718216942e-12
1.6656751668e+03 7.2088821365e-12
1.6765946546e+03 6.8017170931e-12
1.6875141425e+03 6.3621010760e-12
1.6984336303e+03 5.9072279985e-12
1.7093531182e+03 5.4465674596e-12
1.7202726060e+03 4.9581578911e-12
1.7311920938e+03 4.4637754706e-12
1.7421115817e+03 3.9438336324e-12
1.7530310695e+03 3.4558560719e-12
1.7639505574e+03 2.9604001396e-12
1.7748700452e+03 2.5096966467e-12
1.7857895331e+03 2.0291397806e-12
1.7967090209e+03 1.5759778745e-12
1.8076285088e+03 1.0628539608e-12
1.8185479966e+03 5.6448750390e-13
1.8294674844e+03 -1.0786833350e-14
1.8403869723e+03 -5.6805815282e-13
1.8513064601e+03 -1.2037885957e-12
1.8622259480e+03 -1.8057278550e-12
1.8731454358e+03 -2.4750409186e-12
1.8840649237e+03 -3.0806418259e-12
1.8949844115e+03 -3.7264476557e-12
1.9059038994e+03 -4.2775475006e-12
1.9168233872e+03 -4.8549854442e-12
1.9277428750e+03 -5.3460798798e-12
1.9386623629e+03 -5.8840878639e-12
1.9495818507e+03 -6.3684622199e-12
1.9605013386e+03 -6.9068533488e-12
1.9714208264e+03 -7.3956403173e-12
1.9823403143e+03 -7.9149166728e-12
1.9932598021e+03 -8.3926780360e-12
2.0041792900e+03 -8.9184558573e-12
2.0150987778e+03 -9.4648701853e-12
2.0260182656e+03 -1.0096568344e-11
2.0369377535e+03 -1.0768436980e-11
2.0478572413e+03 -1.1481429669e-11
2.0587767292e+03 -1.2191806422e-11
2.0696962170e+03 -1.2894665250e-11
2.0806157049e+03 -1.3612153092e-11
2.0915351927e+03 -1.4351753167e-11
2.1024546806e+03 -1.5175099485e-11
2.1133741684e+03 -1.6027787412e-11
2.1242936562e+03 -1.6945271389e-11
2.1352131441e+03 -1.7797442726e-11
2.1461326319e+03 -1.8648468633e-11
2.1570521198e+03 -1.9360026773e-11
2.1679716076e+03 -2.0037061361e-11
2.1788910955e+03 -2.0507967358e-11
2.1898105833e+03 -2.0904067873e-11
2.2007300712e+03 -2.1062850627e-11
2.2116495590e+03 -2.1177533050e-11
2.2225690468e+03 -2.1106635127e-11
2.2334885347e+03 -2.1063372102e-11
2.2444080225e+03 -2.0908984883e-11
2.2553275104e+03 -2.0849500896e-11
2.2662469982e+03 -2.0748570976e-11
2.2771664861e+03 -2.0770777325e-11
2.2880859739e+03 -2.0777142069e-11
2.2990054618e+03 -2.0869984978e-11
2.3099249496e+03 -2.0941273421e-11
2.3208444374e+03 -2.1044577776e-11
2.3317639253e+03 -2.1144193930e-11
2.3426834131e+03 -2.1245639432e-11
2.3536029010e+03 -2.1392583489e-11
2.3645223888e+03 -2.1555213517e-11
2.3754418767e+03 -2.1863454419e-11
2.3863613645e+03 -2.2254154760e-11
2.3972808524e+03 -2.2887039162e-11
2.4082003402e+03 -2.3620059116e-11
2.4191198280e+03 -2.4599889424e-11
2.4300393159e+03 -2.5615517191e-11
2.4409588037e+03 -2.6798488200e-11
2.4518782916e+03 -2.7888065095e-11
2.4627977794e+03 -2.8991070309e-11
2.4737172673e+03 -2.9873375262e-11
2.4846367551e+03 -3.0672491208e-11
2.4955562430e+03 -3.1298428688e-11
2.5064757308e+03 -3.1919242079e-11
2.5173952187e+03 -3.2599222929e-11
2.5283147065e+03 -3.3442439308e-11
2.5392341943e+03 -3.4602834512e-11
2.5501536822e+03 -3.5982417439e-11
2.5610731700e+03 -3.7739140123e-11
2.5719926579e+03 -3.9503122790e-11
2.5829121457e+03 -4.1513656911e-11
2.5938316336e+03 -4.3213277492e-11
2.6047511214e+03 -4.5082782566e-11
2.6156706093e+03 -4.6384390112e-11
2.6265900971e+03 -4.7896146339e-11
2.6375095849e+03 -4.8581576697e-11
2.6484290728e+03 -4.9561403492e-11
2.6593485606e+03 -4.9405914865e-11
2.6702680485e+03 -4.9735719871e-11
2.6811875363e+03 -4.8702640730e-11
2.6921070242e+03 -4.8583106633e-11
2.7030265120e+03 -4.7017307658e-11
2.7139459999e+03 -4.6945084637e-11
2.7248654877e+03 -4.5351509488e-11
2.7357849755e+03 -4.5737892339e-11
2.7467044634e+03 -4.4406369345e-11
2.7576239512e+03 -4.5192439808e-11
2.7685434391e+03 -4.3952096063e-11
2.7794629269e+03 -4.4048280013e-11
2.7903824148e+03 -4.9906938076e-11
2.8013019026e+03 -2.9468210227e-11
2.8122213905e+03 -2.5364452307e-11
