# Ratio of production contributions: P_vw / P_uv
# Columns: y_plus    P_vw_over_P_uv
3.9832992606e-01 1.8153199910e-01
1.1887924427e+00 1.9128104567e-01
1.9799514194e+00 1.9414270687e-01
2.7719943680e+00 1.9534604401e-01
3.5651283791e+00 1.9594792722e-01
4.3595770683e+00 1.9625275037e-01
5.1555775073e+00 1.9636060104e-01
5.9533773809e+00 1.9632154008e-01
6.7532325235e+00 1.9616325177e-01
7.5554049053e+00 1.9591092401e-01
8.3601610713e+00 1.9558139546e-01
9.1677709952e+00 1.9518537322e-01
9.9785072812e+00 1.9472606889e-01
1.0792644643e+01 1.9420773984e-01
1.1610459588e+01 1.9363635011e-01
1.2432230253e+01 1.9301767228e-01
1.3258236337e+01 1.9235220993e-01
1.4088759099e+01 1.9163669573e-01
1.4924081400e+01 1.9086843322e-01
1.5764487770e+01 1.9004836125e-01
1.6610264487e+01 1.8917948755e-01
1.7461699667e+01 1.8826318236e-01
1.8319083357e+01 1.8729647310e-01
1.9182707631e+01 1.8627093300e-01
2.0052866693e+01 1.8517429398e-01
2.0929856971e+01 1.8399405098e-01
2.1813977219e+01 1.8272176315e-01
2.2705528623e+01 1.8135589833e-01
2.3604814899e+01 1.7990436186e-01
2.4512142398e+01 1.7838495600e-01
2.5427820210e+01 1.7682401123e-01
2.6352160271e+01 1.7525233557e-01
2.7285477466e+01 1.7370059720e-01
2.8228089740e+01 1.7219144492e-01
2.9180318202e+01 1.7073364699e-01
3.0142487241e+01 1.6931924325e-01
3.1114924627e+01 1.6793029480e-01
3.2097961633e+01 1.6654840482e-01
3.3091933139e+01 1.6516392620e-01
3.4097177753e+01 1.6377634555e-01
3.5114037921e+01 1.6239195311e-01
3.6142860047e+01 1.6101594741e-01
3.7183994610e+01 1.5964810407e-01
3.8237796283e+01 1.5828279093e-01
3.9304624055e+01 1.5691279639e-01
4.0384841351e+01 1.5551781713e-01
4.1478816159e+01 1.5405582210e-01
4.2586921152e+01 1.5247645069e-01
4.3709533817e+01 1.5075466776e-01
4.4847036585e+01 1.4890571285e-01
4.5999816957e+01 1.4697711258e-01
4.7168267640e+01 1.4502635131e-01
4.8352786679e+01 1.4309382975e-01
4.9553777591e+01 1.4117404703e-01
5.0771649508e+01 1.3923849383e-01
5.2006817308e+01 1.3729658877e-01
5.3259701767e+01 1.3540959168e-01
5.4530729690e+01 1.3363291614e-01
5.5820334067e+01 1.3196970195e-01
5.7128954215e+01 1.3035861617e-01
5.8457035929e+01 1.2868104271e-01
5.9805031633e+01 1.2680921000e-01
6.1173400536e+01 1.2468361872e-01
6.2562608788e+01 1.2234003833e-01
6.3973129635e+01 1.1990370864e-01
6.5405443587e+01 1.1757466552e-01
6.6860038576e+01 1.1556208748e-01
6.8337410125e+01 1.1398049929e-01
6.9838061516e+01 1.1280736965e-01
7.1362503960e+01 1.1194244718e-01
7.2911256775e+01 1.1129718958e-01
7.4484847559e+01 1.1078689275e-01
7.6083812373e+01 1.1025073880e-01
7.7708695921e+01 1.0948087123e-01
7.9360051734e+01 1.0842916547e-01
8.1038442365e+01 1.0733188421e-01
8.2744439576e+01 1.0645560819e-01
8.4478624530e+01 1.0575479089e-01
8.6241587997e+01 1.0495182831e-01
8.8033930547e+01 1.0390613888e-01
8.9856262762e+01 1.0274682780e-01
9.1709205436e+01 1.0159132908e-01
9.3593389795e+01 1.0039928837e-01
9.5509457704e+01 9.9174009757e-02
9.7458061892e+01 9.7987899924e-02
9.9439866172e+01 9.6865487140e-02
1.0145554566e+02 9.5823977613e-02
1.0350578703e+02 9.4876576712e-02
1.0559128871e+02 9.3966192699e-02
1.0771276115e+02 9.3020366733e-02
1.0987092704e+02 9.2003803287e-02
1.1206652160e+02 9.0903553248e-02
1.1430029277e+02 8.9753874295e-02
1.1657300151e+02 8.8552992438e-02
1.1888542205e+02 8.7225770571e-02
1.2123834212e+02 8.5783061121e-02
1.2363256328e+02 8.4420294704e-02
1.2606890115e+02 8.3369931818e-02
1.2854818569e+02 8.2569341728e-02
1.3107126148e+02 8.1468477198e-02
1.3363898805e+02 7.9704495214e-02
1.3625224012e+02 7.7763032089e-02
1.3891190791e+02 7.6182080011e-02
1.4161889747e+02 7.4833200126e-02
1.4437413097e+02 7.3510893579e-02
1.4717854699e+02 7.2223169650e-02
1.5003310091e+02 7.0906845635e-02
1.5293876514e+02 6.9412586027e-02
1.5589652954e+02 6.7716371460e-02
1.5890740169e+02 6.6002017909e-02
1.6197240728e+02 6.4322768767e-02
1.6509259044e+02 6.2560342797e-02
1.6826901409e+02 6.0942119912e-02
1.7150276031e+02 5.9999000451e-02
1.7479493070e+02 5.9821357550e-02
1.7814664679e+02 5.9880183324e-02
1.8155905037e+02 5.9672259496e-02
1.8503330390e+02 5.9031920966e-02
1.8857059093e+02 5.7830464635e-02
1.9217211647e+02 5.6038992592e-02
1.9583910742e+02 5.3978775855e-02
1.9957281298e+02 5.1974817623e-02
2.0337450507e+02 5.0133214658e-02
2.0724547877e+02 4.8322116730e-02
2.1118705278e+02 4.6511915738e-02
2.1520056983e+02 4.5102411647e-02
2.1928739716e+02 4.3899901782e-02
2.2344892701e+02 4.2289723507e-02
2.2768657703e+02 4.0426398739e-02
2.3200179082e+02 3.8818488330e-02
2.3639603841e+02 3.7384188563e-02
2.4087081674e+02 3.6117926759e-02
2.4542765019e+02 3.5303134975e-02
2.5006809109e+02 3.4655033996e-02
2.5479372026e+02 3.3691008989e-02
2.5960614754e+02 3.2236668648e-02
2.6450701231e+02 3.0617408146e-02
2.6949798412e+02 2.9353184181e-02
2.7458076319e+02 2.8356128296e-02
2.7975708102e+02 2.7375804383e-02
2.8502870098e+02 2.6471667186e-02
2.9039741890e+02 2.5371489434e-02
2.9586506368e+02 2.4044144597e-02
3.0143349794e+02 2.3175214682e-02
3.0710461862e+02 2.2663786584e-02
3.1288035765e+02 2.1653170860e-02
3.1876268259e+02 2.0137421577e-02
3.2475359732e+02 1.9316283830e-02
3.3085514269e+02 1.9843691037e-02
3.3706939727e+02 2.0696910183e-02
3.4339847799e+02 2.0637137492e-02
3.4984454091e+02 1.9620107693e-02
3.5640978188e+02 1.8628175292e-02
3.6309643733e+02 1.8085534748e-02
3.6990678487e+02 1.7759906343e-02
3.7684314396e+02 1.7556240201e-02
3.8390787633e+02 1.7341205834e-02
3.9110338615e+02 1.7219136716e-02
3.9843211953e+02 1.6913172171e-02
4.0589656306e+02 1.6557281979e-02
4.1349924044e+02 1.6174785255e-02
4.2124270614e+02 1.5885848253e-02
4.2912953435e+02 1.6348828761e-02
4.3716230063e+02 1.7441929847e-02
4.4534355328e+02 1.8376226121e-02
4.5367577013e+02 1.9041789914e-02
4.6216129653e+02 1.8841137244e-02
4.7080225980e+02 1.7420369433e-02
4.7960045663e+02 1.6224986813e-02
4.8855721127e+02 1.5951719332e-02
4.9767320634e+02 1.6429611083e-02
5.0694829158e+02 1.7962459446e-02
5.1638128212e+02 1.9265036760e-02
5.2596976245e+02 1.9143156790e-02
5.3570991718e+02 1.9007536905e-02
5.4559641198e+02 2.0730251646e-02
5.5562234697e+02 2.3780716117e-02
5.6577930043e+02 2.5716882939e-02
5.7605747209e+02 2.6944323910e-02
5.8644592435e+02 3.0023100484e-02
5.9693290738e+02 2.9824536154e-02
6.0750624294e+02 3.3395443707e-02
6.1815373393e+02 5.3140704525e-02
6.2886356302e+02 7.9453896495e-02
6.3962464611e+02 8.2593880192e-02
6.5042691296e+02 6.6311844082e-02
6.6126149787e+02 7.1974528910e-02
6.7212083508e+02 7.6067533929e-02
6.8299866488e+02 4.8617482935e-02
6.9388996500e+02 1.0862344384e-02
7.0479082754e+02 7.3335600881e-04
7.1569830307e+02 -1.1689324048e-03
7.2661023225e+02 -3.3543480986e-03
7.3752508151e+02 3.1628112651e-03
7.4844179417e+02 1.1464121475e-03
7.5935966386e+02 6.9353947260e-05
7.7027823245e+02 -7.2746239918e-04
7.8119721165e+02 -9.9696909729e-04
7.9211642543e+02 -7.5804637225e-04
8.0303576952e+02 -3.9604547707e-04
8.1395518398e+02 -1.0732963976e-04
8.2487463536e+02 1.3304889389e-05
8.3579410559e+02 -3.8866078173e-05
8.4671358515e+02 -1.7280488072e-04
8.5763306920e+02 -2.7292422981e-04
8.6855255537e+02 -2.6837085502e-04
8.7947204248e+02 -1.7145713711e-04
8.9039153002e+02 -2.5532667528e-05
9.0131101774e+02 1.2556408978e-04
9.1223050554e+02 2.5620342201e-04
9.2314999336e+02 3.5040154776e-04
9.3406948120e+02 3.8402527991e-04
9.4498896904e+02 3.3853006812e-04
9.5590845688e+02 2.0679184710e-04
9.6682794473e+02 1.6554396162e-05
9.7774743257e+02 -1.7585282471e-04
9.8866692042e+02 -3.0616061301e-04
9.9958640826e+02 -3.3844088455e-04
1.0105058961e+03 -2.8884496100e-04
1.0214253840e+03 -2.0703974482e-04
1.0323448718e+03 -1.4783644525e-04
1.0432643596e+03 -1.3505109092e-04
1.0541838475e+03 -1.5983332244e-04
1.0651033353e+03 -1.9082825273e-04
1.0760228232e+03 -2.0453640377e-04
1.0869423110e+03 -1.9111603359e-04
1.0978617989e+03 -1.6047378345e-04
1.1087812867e+03 -1.2537228177e-04
1.1197007746e+03 -1.0056386642e-04
1.1306202624e+03 -9.1921560931e-05
1.1415397502e+03 -9.8988792055e-05
1.1524592381e+03 -1.1169192175e-04
1.1633787259e+03 -1.1748889219e-04
1.1742982138e+03 -1.0440698136e-04
1.1852177016e+03 -7.1147448593e-05
1.1961371895e+03 -2.7046569329e-05
1.2070566773e+03 1.1037133813e-05
1.2179761652e+03 3.1780200679e-05
1.2288956530e+03 3.6156681059e-05
1.2398151408e+03 3.6494067917e-05
1.2507346287e+03 4.5224938388e-05
1.2616541165e+03 6.7940046485e-05
1.2725736044e+03 9.8922261247e-05
1.2834930922e+03 1.2802792925e-04
1.2944125801e+03 1.4224577934e-04
1.3053320679e+03 1.3242467306e-04
1.3162515558e+03 9.2502370721e-05
1.3271710436e+03 2.8670602288e-05
1.3380905314e+03 -3.9785935984e-05
1.3490100193e+03 -8.1494560109e-05
1.3599295071e+03 -7.1680917011e-05
1.3708489950e+03 -1.0473493819e-05
1.3817684828e+03 7.8880026830e-05
1.3926879707e+03 1.6647434201e-04
1.4036074585e+03 2.3436148792e-04
1.4145269464e+03 2.7551289089e-04
1.4254464342e+03 2.9214416000e-04
1.4363659220e+03 2.9088225544e-04
1.4472854099e+03 2.7807903839e-04
1.4582048977e+03 2.6168895852e-04
1.4691243856e+03 2.4413060420e-04
1.4800438734e+03 2.2864703250e-04
1.4909633613e+03 2.1341873665e-04
1.5018828491e+03 1.9952512868e-04
1.5128023370e+03 1.8637969107e-04
1.5237218248e+03 1.7603033042e-04
1.5346413126e+03 1.6962123524e-04
1.5455608005e+03 1.6798954884e-04
1.5564802883e+03 1.7155513944e-04
1.5673997762e+03 1.7735448715e-04
1.5783192640e+03 1.8339645569e-04
1.5892387519e+03 1.8308090056e-04
1.6001582397e+03 1.7606218388e-04
1.6110777276e+03 1.5947632070e-04
1.6219972154e+03 1.3955662054e-04
1.6329167032e+03 1.1569286058e-04
1.6438361911e+03 9.4333547612e-05
1.6547556789e+03 7.2827105463e-05
1.6656751668e+03 5.6649061125e-05
1.6765946546e+03 4.1935872936e-05
1.6875141425e+03 3.2428890548e-05
1.6984336303e+03 2.3687114415e-05
1.7093531182e+03 1.7960740675e-05
1.7202726060e+03 1.1863292977e-05
1.7311920938e+03 6.5532835956e-06
1.7421115817e+03 5.7840161543e-07
1.7530310695e+03 -5.2495868944e-06
1.7639505574e+03 -9.8377547609e-06
1.7748700452e+03 -1.2807806194e-05
1.7857895331e+03 -1.3218267307e-05
1.7967090209e+03 -1.2306714732e-05
1.8076285088e+03 -1.1481164390e-05
1.8185479966e+03 -3.7564811614e-06
1.8294674844e+03 -7.1650931174e-04
1.8403869723e+03 -6.1029998265e-05
1.8513064601e+03 -4.9156734441e-05
1.8622259480e+03 -5.8613224894e-05
1.8731454358e+03 -4.7328526205e-05
1.8840649237e+03 -4.2895996767e-05
1.8949844115e+03 -1.9523386914e-05
1.9059038994e+03 -3.1115559671e-06
1.9168233872e+03 2.4865928628e-05
1.9277428750e+03 4.2990613483e-05
1.9386623629e+03 6.4501117650e-05
1.9495818507e+03 7.3823882671e-05
1.9605013386e+03 7.9829169861e-05
1.9714208264e+03 7.3247126924e-05
1.9823403143e+03 6.2961097504e-05
1.9932598021e+03 4.6086636446e-05
2.0041792900e+03 3.1931690521e-05
2.0150987778e+03 1.7989894137e-05
2.0260182656e+03 9.0999152489e-06
2.0369377535e+03 -4.1693834309e-07
2.0478572413e+03 -8.9872749864e-06
2.0587767292e+03 -1.9571921397e-05
2.0696962170e+03 -2.8178603476e-05
2.0806157049e+03 -3.2824415359e-05
2.0915351927e+03 -3.2382848978e-05
2.1024546806e+03 -2.6203880515e-05
2.1133741684e+03 -1.9661581622e-05
2.1242936562e+03 -1.1135995036e-05
2.1352131441e+03 -6.4085390384e-06
2.1461326319e+03 -9.0484946108e-07
2.1570521198e+03 8.2731065818e-07
2.1679716076e+03 3.3425779690e-06
2.1788910955e+03 2.9210977324e-06
2.1898105833e+03 2.6939767543e-06
2.2007300712e+03 -4.8538421765e-08
2.2116495590e+03 -3.5966038093e-06
2.2225690468e+03 -9.4279541544e-06
2.2334885347e+03 -1.6824307901e-05
2.2444080225e+03 -2.6084210532e-05
2.2553275104e+03 -3.7648217562e-05
2.2662469982e+03 -5.0758289786e-05
2.2771664861e+03 -6.7069921751e-05
2.2880859739e+03 -8.4026493704e-05
2.2990054618e+03 -1.0428504280e-04
2.3099249496e+03 -1.2387866421e-04
2.3208444374e+03 -1.4662909119e-04
2.3317639253e+03 -1.6727158832e-04
2.3426834131e+03 -1.8893049305e-04
2.3536029010e+03 -2.0432632879e-04
2.3645223888e+03 -2.1531953279e-04
2.3754418767e+03 -2.1549969816e-04
2.3863613645e+03 -2.0836993932e-04
2.3972808524e+03 -1.9132232321e-04
2.4082003402e+03 -1.7007233135e-04
2.4191198280e+03 -1.4411811622e-04
2.4300393159e+03 -1.1958054212e-04
2.4409588037e+03 -9.5527454054e-05
2.4518782916e+03 -7.7201414805e-05
2.4627977794e+03 -6.1834282213e-05
2.4737172673e+03 -5.3522327026e-05
2.4846367551e+03 -4.7908268075e-05
2.4955562430e+03 -4.8914147516e-05
2.5064757308e+03 -5.1214493087e-05
2.5173952187e+03 -5.9716289002e-05
2.5283147065e+03 -6.7334661117e-05
2.5392341943e+03 -8.0709449121e-05
2.5501536822e+03 -8.9506522603e-05
2.5610731700e+03 -1.0312348768e-04
2.5719926579e+03 -1.0806160858e-04
2.5829121457e+03 -1.1755798371e-04
2.5938316336e+03 -1.1545404398e-04
2.6047511214e+03 -1.1765822908e-04
2.6156706093e+03 -1.0725329320e-04
2.6265900971e+03 -1.0020086774e-04
2.6375095849e+03 -8.3479037316e-05
2.6484290728e+03 -6.8878862035e-05
2.6593485606e+03 -5.0226165174e-05
2.6702680485e+03 -3.2092484298e-05
2.6811875363e+03 -1.5333630347e-05
2.6921070242e+03 1.8444412246e-06
2.7030265120e+03 1.3663109341e-05
2.7139459999e+03 2.7836754732e-05
2.7248654877e+03 3.4800808382e-05
2.7357849755e+03 4.9890948039e-05
2.7467044634e+03 5.4473853539e-05
2.7576239512e+03 7.4597476775e-05
2.7685434391e+03 6.8595510846e-05
2.7794629269e+03 7.1282914450e-05
2.7903824148e+03 8.6987185295e-05
2.8013019026e+03 -3.5256980288e-04
2.8122213905e+03 -2.1925260099e-04
