# Momentum thickness as function of Re_theta
# Columns: Re_theta   theta
7.8071696720e+02 1.0839337641e-01
7.8116501347e+02 1.0844656947e-01
7.8157292777e+02 1.0849433229e-01
7.8195594254e+02 1.0854004896e-01
7.8232474738e+02 1.0858484658e-01
7.8268707925e+02 1.0863080677e-01
7.8303893892e+02 1.0867669404e-01
7.8337994046e+02 1.0872308210e-01
7.8370084809e+02 1.0876715181e-01
7.8400577672e+02 1.0880955769e-01
7.8431070819e+02 1.0885157233e-01
7.8461903370e+02 1.0889476165e-01
7.8491926730e+02 1.0893680293e-01
7.8520640306e+02 1.0897722357e-01
7.8547817490e+02 1.0901467794e-01
7.8574525372e+02 1.0905153965e-01
7.8601468944e+02 1.0908814344e-01
7.8628704536e+02 1.0912524343e-01
7.8654778373e+02 1.0916002733e-01
7.8677703645e+02 1.0919101899e-01
7.8707948633e+02 1.0923145376e-01
7.8745856633e+02 1.0928195207e-01
7.8780190460e+02 1.0932610360e-01
7.8810208105e+02 1.0936392658e-01
7.8838199860e+02 1.0939838685e-01
7.8865455516e+02 1.0943221769e-01
7.8891693230e+02 1.0946406108e-01
7.8916454377e+02 1.0949394651e-01
7.8939797022e+02 1.0952107163e-01
7.8967620740e+02 1.0955407063e-01
7.9009900159e+02 1.0960563154e-01
7.9050270435e+02 1.0965490055e-01
7.9088110444e+02 1.0970045965e-01
7.9125713949e+02 1.0974622365e-01
7.9163012744e+02 1.0979127697e-01
7.9199664685e+02 1.0983614350e-01
7.9234884901e+02 1.0987887466e-01
7.9267380918e+02 1.0991827604e-01
7.9295846928e+02 1.0995162362e-01
7.9320071741e+02 1.0997957401e-01
7.9343260871e+02 1.1000592521e-01
7.9366421805e+02 1.1003262330e-01
7.9388950815e+02 1.1005773128e-01
7.9410414139e+02 1.1008162342e-01
7.9431546135e+02 1.1010511085e-01
7.9453642632e+02 1.1013142575e-01
7.9477707240e+02 1.1016144729e-01
7.9504185450e+02 1.1019677865e-01
7.9532736757e+02 1.1023603479e-01
7.9559869755e+02 1.1027476191e-01
7.9583925458e+02 1.1030941528e-01
7.9606472470e+02 1.1034290990e-01
7.9629744848e+02 1.1037758413e-01
7.9655136726e+02 1.1041578914e-01
7.9681807901e+02 1.1045496597e-01
7.9709600893e+02 1.1049549076e-01
7.9737597893e+02 1.1053539210e-01
7.9765119814e+02 1.1057461718e-01
7.9791843263e+02 1.1061199792e-01
7.9816601409e+02 1.1064697061e-01
7.9836772323e+02 1.1067555180e-01
7.9850819098e+02 1.1069641067e-01
7.9859048049e+02 1.1070885913e-01
7.9863276225e+02 1.1071619262e-01
7.9884116097e+02 1.1074507314e-01
7.9910650168e+02 1.1078112322e-01
7.9935764235e+02 1.1081348901e-01
7.9960772728e+02 1.1084514383e-01
7.9985428384e+02 1.1087537741e-01
8.0006440472e+02 1.1089999878e-01
8.0021470530e+02 1.1091440887e-01
8.0043572026e+02 1.1093745938e-01
8.0079974127e+02 1.1097933705e-01
8.0113512451e+02 1.1101810594e-01
8.0145673848e+02 1.1105416824e-01
8.0175986430e+02 1.1108750973e-01
8.0203563532e+02 1.1111696975e-01
8.0229457833e+02 1.1114547980e-01
8.0252982377e+02 1.1117069747e-01
8.0273359937e+02 1.1119166197e-01
8.0291794205e+02 1.1120938035e-01
8.0312161120e+02 1.1123076509e-01
8.0335664794e+02 1.1125687577e-01
8.0360033740e+02 1.1128501129e-01
8.0384627508e+02 1.1131326648e-01
8.0409425668e+02 1.1134248299e-01
8.0436592338e+02 1.1137490124e-01
8.0465620402e+02 1.1141072824e-01
8.0494878931e+02 1.1144708010e-01
8.0524351500e+02 1.1148502064e-01
8.0555298498e+02 1.1152544035e-01
8.0588356930e+02 1.1157003708e-01
8.0622975928e+02 1.1161723068e-01
8.0658691304e+02 1.1166708262e-01
8.0695176142e+02 1.1171789683e-01
8.0730997173e+02 1.1176805645e-01
8.0766749612e+02 1.1181732739e-01
8.0802221299e+02 1.1186609445e-01
8.0835540040e+02 1.1191071774e-01
8.0866092260e+02 1.1195114101e-01
8.0895305243e+02 1.1198870807e-01
8.0924605051e+02 1.1202662682e-01
8.0954419937e+02 1.1206492358e-01
8.0985171990e+02 1.1210514885e-01
8.1016658566e+02 1.1214614983e-01
8.1046521133e+02 1.1218493998e-01
8.1073429324e+02 1.1221810025e-01
8.1098488115e+02 1.1224776913e-01
8.1122804956e+02 1.1227483406e-01
8.1145119326e+02 1.1229868653e-01
8.1163941777e+02 1.1231674084e-01
8.1178528210e+02 1.1232922530e-01
8.1189485405e+02 1.1233621774e-01
8.1229993245e+02 1.1238281711e-01
8.1272060832e+02 1.1243088433e-01
8.1311104370e+02 1.1247557454e-01
8.1347220509e+02 1.1251651202e-01
8.1381584266e+02 1.1255609294e-01
8.1412711855e+02 1.1259150542e-01
8.1436751912e+02 1.1261866992e-01
8.1454310261e+02 1.1263786296e-01
8.1470161600e+02 1.1265618005e-01
8.1486668073e+02 1.1267548127e-01
8.1503370458e+02 1.1269592294e-01
8.1520509441e+02 1.1271739795e-01
8.1540760976e+02 1.1274480212e-01
8.1562991570e+02 1.1277526979e-01
8.1584741401e+02 1.1280553848e-01
8.1606496183e+02 1.1283521389e-01
8.1629355463e+02 1.1286693724e-01
8.1653101674e+02 1.1289998741e-01
8.1676179023e+02 1.1293289914e-01
8.1700133608e+02 1.1296652774e-01
8.1726905619e+02 1.1300408775e-01
8.1756008557e+02 1.1304385720e-01
8.1786188692e+02 1.1308532598e-01
8.1816143265e+02 1.1312608268e-01
8.1845728770e+02 1.1316670563e-01
8.1875148550e+02 1.1320651926e-01
8.1904294546e+02 1.1324636181e-01
8.1932335439e+02 1.1328449262e-01
8.1959449955e+02 1.1332133481e-01
8.1986489219e+02 1.1335640909e-01
8.2012892783e+02 1.1339025962e-01
8.2037849598e+02 1.1342208840e-01
8.2062230498e+02 1.1345431503e-01
8.2087827045e+02 1.1348747907e-01
8.2115770238e+02 1.1352318672e-01
8.2145676505e+02 1.1356014015e-01
8.2178169400e+02 1.1359992064e-01
8.2212793669e+02 1.1364075153e-01
8.2248259459e+02 1.1368200696e-01
8.2282890833e+02 1.1372160269e-01
8.2316173433e+02 1.1376021892e-01
8.2348653169e+02 1.1379726736e-01
8.2379987191e+02 1.1383269291e-01
8.2407974642e+02 1.1386259650e-01
8.2431692770e+02 1.1388677024e-01
8.2452526338e+02 1.1390630546e-01
8.2473235163e+02 1.1392621452e-01
8.2495350719e+02 1.1394850996e-01
8.2517017701e+02 1.1397213627e-01
8.2537339264e+02 1.1399503551e-01
8.2556597859e+02 1.1401812076e-01
8.2576653714e+02 1.1404264243e-01
8.2598024600e+02 1.1406967589e-01
8.2620802008e+02 1.1409808003e-01
8.2645065112e+02 1.1412900579e-01
8.2671888588e+02 1.1416371186e-01
8.2702127443e+02 1.1420460944e-01
8.2734733511e+02 1.1424894108e-01
8.2766549335e+02 1.1429262840e-01
8.2797038751e+02 1.1433395564e-01
8.2826777840e+02 1.1437477350e-01
8.2855753373e+02 1.1441389811e-01
8.2883138835e+02 1.1445054003e-01
8.2909448571e+02 1.1448444340e-01
8.2934624861e+02 1.1451682878e-01
8.2958218199e+02 1.1454661518e-01
8.2979238429e+02 1.1457357261e-01
8.2999099649e+02 1.1459902947e-01
8.3019548210e+02 1.1462632492e-01
8.3041672356e+02 1.1465585555e-01
8.3065964632e+02 1.1468871658e-01
8.3091542393e+02 1.1472203646e-01
8.3116768655e+02 1.1475388021e-01
8.3140862604e+02 1.1478262696e-01
8.3164516238e+02 1.1481127091e-01
8.3189976856e+02 1.1484277001e-01
8.3217360596e+02 1.1487764042e-01
8.3246130974e+02 1.1491315373e-01
8.3274443458e+02 1.1494709780e-01
8.3301022782e+02 1.1497706973e-01
8.3326429990e+02 1.1500543351e-01
8.3360899292e+02 1.1504553777e-01
8.3398996596e+02 1.1509096035e-01
8.3437837586e+02 1.1513612964e-01
8.3478783615e+02 1.1518318519e-01
8.3520430143e+02 1.1522992468e-01
8.3560897805e+02 1.1527551424e-01
8.3599684919e+02 1.1531874877e-01
8.3636429566e+02 1.1536007811e-01
8.3669885001e+02 1.1539738161e-01
8.3701359490e+02 1.1543411441e-01
8.3732275131e+02 1.1547158714e-01
8.3761103702e+02 1.1550811091e-01
8.3787079559e+02 1.1554092853e-01
8.3811658109e+02 1.1557263619e-01
8.3838450091e+02 1.1560747192e-01
8.3867465876e+02 1.1564645625e-01
8.3895525906e+02 1.1568416326e-01
8.3922215840e+02 1.1572080135e-01
8.3947817030e+02 1.1575601562e-01
8.3972833639e+02 1.1579147825e-01
8.3996184250e+02 1.1582436918e-01
8.4017165778e+02 1.1585371141e-01
8.4036564055e+02 1.1587927482e-01
8.4055155132e+02 1.1590343893e-01
8.4074901938e+02 1.1592852284e-01
8.4095334465e+02 1.1595472303e-01
8.4114217947e+02 1.1597797088e-01
8.4132262959e+02 1.1600054991e-01
8.4152406435e+02 1.1602602582e-01
8.4175672978e+02 1.1605671716e-01
8.4200795858e+02 1.1608953079e-01
8.4225712666e+02 1.1612217534e-01
8.4250123144e+02 1.1615315432e-01
8.4274409018e+02 1.1618355624e-01
8.4299663745e+02 1.1621371602e-01
8.4326464481e+02 1.1624570058e-01
8.4353709531e+02 1.1627791438e-01
8.4380454367e+02 1.1631028686e-01
8.4406461937e+02 1.1634098904e-01
8.4431367719e+02 1.1636979401e-01
8.4456126182e+02 1.1639738995e-01
8.4482444857e+02 1.1642771901e-01
8.4508844373e+02 1.1645765727e-01
8.4531497516e+02 1.1648185545e-01
8.4548927979e+02 1.1649709898e-01
8.4563808242e+02 1.1650888863e-01
8.4579298544e+02 1.1652133452e-01
8.4594971515e+02 1.1653459618e-01
8.4610892849e+02 1.1654762469e-01
8.4626555489e+02 1.1656121692e-01
8.4671121885e+02 1.1661424507e-01
8.4712754161e+02 1.1666553718e-01
8.4749728312e+02 1.1671138115e-01
8.4782787821e+02 1.1675284988e-01
8.4811296498e+02 1.1678789313e-01
8.4835458192e+02 1.1681847922e-01
8.4858315695e+02 1.1684858916e-01
8.4879538728e+02 1.1687861968e-01
8.4896451289e+02 1.1690308946e-01
8.4908611638e+02 1.1692161069e-01
8.4917413235e+02 1.1693523031e-01
8.4926088682e+02 1.1694911982e-01
8.4936624493e+02 1.1696464185e-01
8.4952189175e+02 1.1698654766e-01
8.4976776935e+02 1.1701893280e-01
8.5001019334e+02 1.1705023555e-01
8.5034924244e+02 1.1709311033e-01
8.5069879510e+02 1.1713788071e-01
8.5103343613e+02 1.1718079128e-01
8.5136520170e+02 1.1722399066e-01
8.5169954384e+02 1.1726700166e-01
8.5203332669e+02 1.1731054147e-01
8.5235012453e+02 1.1735190693e-01
8.5265078024e+02 1.1739165544e-01
8.5294559858e+02 1.1742899496e-01
8.5325820866e+02 1.1746771311e-01
8.5360700820e+02 1.1751003989e-01
8.5398183989e+02 1.1755632012e-01
8.5437362850e+02 1.1760436925e-01
8.5478353555e+02 1.1765487135e-01
8.5520867120e+02 1.1770665570e-01
8.5562911582e+02 1.1775834113e-01
8.5602747462e+02 1.1780686973e-01
8.5641772535e+02 1.1785458627e-01
8.5681441600e+02 1.1790178706e-01
8.5721604938e+02 1.1794897892e-01
8.5760756320e+02 1.1799353857e-01
8.5797493041e+02 1.1803513013e-01
8.5834102233e+02 1.1807626849e-01
8.5872532149e+02 1.1812065573e-01
8.5911352438e+02 1.1816542662e-01
8.5947888849e+02 1.1820799104e-01
8.5980587347e+02 1.1824551042e-01
8.6011955333e+02 1.1828247997e-01
8.6043986888e+02 1.1832060602e-01
8.6076635187e+02 1.1836047642e-01
8.6111574992e+02 1.1840335493e-01
8.6148315113e+02 1.1844973283e-01
8.6186446920e+02 1.1849861639e-01
8.6224341179e+02 1.1854924425e-01
8.6262746124e+02 1.1860173065e-01
8.6304142257e+02 1.1865993363e-01
8.6348397215e+02 1.1872176393e-01
8.6394704838e+02 1.1878631204e-01
8.6440942281e+02 1.1884918830e-01
8.6483721215e+02 1.1890619756e-01
8.6522372301e+02 1.1895553195e-01
8.6556988584e+02 1.1899892510e-01
8.6589483771e+02 1.1903909362e-01
8.6619383826e+02 1.1907683016e-01
8.6646924245e+02 1.1911136181e-01
8.6674237400e+02 1.1914653780e-01
8.6703253640e+02 1.1918404646e-01
8.6740697189e+02 1.1923358762e-01
8.6786010937e+02 1.1929284426e-01
8.6832049072e+02 1.1935281127e-01
8.6881294163e+02 1.1941566232e-01
8.6935174960e+02 1.1948402305e-01
8.6992061530e+02 1.1955474235e-01
8.7049331786e+02 1.1962549063e-01
8.7106009237e+02 1.1969450428e-01
8.7162779044e+02 1.1976422796e-01
8.7219817684e+02 1.1983439163e-01
8.7276179991e+02 1.1990475293e-01
8.7330824136e+02 1.1997247049e-01
8.7384472937e+02 1.2003905852e-01
8.7437682796e+02 1.2010428059e-01
8.7490369314e+02 1.2016903682e-01
8.7541722139e+02 1.2023087177e-01
8.7590950058e+02 1.2028926867e-01
8.7638825891e+02 1.2034485115e-01
8.7686493244e+02 1.2040107019e-01
8.7733989443e+02 1.2045749877e-01
8.7779754754e+02 1.2051298903e-01
8.7824130055e+02 1.2056724557e-01
8.7868173286e+02 1.2062300847e-01
8.7912087307e+02 1.2067912940e-01
8.7955013879e+02 1.2073447648e-01
8.7997698936e+02 1.2078843515e-01
8.8041196758e+02 1.2084359883e-01
8.8086538506e+02 1.2090122658e-01
8.8132601243e+02 1.2096161490e-01
8.8178166775e+02 1.2102249677e-01
8.8221913592e+02 1.2108259895e-01
8.8262749646e+02 1.2113848044e-01
8.8298269913e+02 1.2112693445e-01
8.8298658264e+02 1.2113304686e-01
8.8299993251e+02 1.2112827711e-01
8.8303052665e+02 1.2114566314e-01
8.8304059107e+02 1.2113538610e-01
8.8312635034e+02 1.2118934946e-01
8.8313263911e+02 1.2116409320e-01
8.8325298119e+02 1.2114681569e-01
8.8326638742e+02 1.2118738857e-01
8.8332840473e+02 1.2115982530e-01
8.8339969172e+02 1.2123278309e-01
8.8343182003e+02 1.2121484309e-01
8.8359694081e+02 1.2124392811e-01
8.8361488049e+02 1.2126762670e-01
8.8378077208e+02 1.2120792923e-01
8.8380836159e+02 1.2127108581e-01
8.8381271157e+02 1.2129337489e-01
8.8390458413e+02 1.2129108054e-01
8.8396455471e+02 1.2131142288e-01
8.8398024590e+02 1.2130310075e-01
8.8402057475e+02 1.2130806519e-01
8.8404816324e+02 1.2131128163e-01
8.8407671709e+02 1.2131561204e-01
8.8408371189e+02 1.2132266927e-01
8.8412119646e+02 1.2126477557e-01
8.8413677490e+02 1.2132151011e-01
8.8414635707e+02 1.2132764674e-01
8.8429693150e+02 1.2132617357e-01
8.8484257144e+02 1.2133061312e-01
8.8545563775e+02 1.2140577870e-01
8.8612001355e+02 1.2148934551e-01
8.8680193746e+02 1.2157592777e-01
8.8749295293e+02 1.2166525676e-01
8.8821097631e+02 1.2175820965e-01
8.8896106861e+02 1.2185606161e-01
8.8973525867e+02 1.2195643153e-01
8.9051786600e+02 1.2205786758e-01
8.9129212006e+02 1.2215709065e-01
8.9204688663e+02 1.2225420380e-01
8.9277645643e+02 1.2234858996e-01
8.9347738280e+02 1.2244116487e-01
8.9416317611e+02 1.2253177588e-01
8.9483567211e+02 1.2262042630e-01
8.9549204589e+02 1.2270538723e-01
8.9611937174e+02 1.2278659496e-01
8.9672153643e+02 1.2286404044e-01
8.9729680648e+02 1.2293823709e-01
8.9782711748e+02 1.2300559913e-01
8.9829745670e+02 1.2306543315e-01
8.9871366244e+02 1.2311794462e-01
8.9908459945e+02 1.2316528320e-01
8.9941509369e+02 1.2320701288e-01
8.9971307190e+02 1.2324565784e-01
8.9999623873e+02 1.2328283481e-01
9.0027994346e+02 1.2332110532e-01
9.0057164653e+02 1.2335935513e-01
9.0086090751e+02 1.2339639940e-01
9.0113606518e+02 1.2342963186e-01
9.0138523168e+02 1.2345883276e-01
9.0162398356e+02 1.2348557167e-01
9.0186367045e+02 1.2351256992e-01
9.0210160016e+02 1.2353828467e-01
9.0232306780e+02 1.2356156278e-01
9.0253422542e+02 1.2358240451e-01
9.0274441574e+02 1.2360358309e-01
9.0295172981e+02 1.2362395408e-01
9.0318675793e+02 1.2364829976e-01
9.0364550428e+02 1.2370123307e-01
9.0409659256e+02 1.2375352988e-01
9.0451907511e+02 1.2380219877e-01
9.0491027742e+02 1.2384844415e-01
9.0528133148e+02 1.2389281770e-01
9.0563415069e+02 1.2393609667e-01
9.0595952808e+02 1.2397540295e-01
9.0626515259e+02 1.2401273254e-01
9.0657226316e+02 1.2405031299e-01
9.0689527147e+02 1.2409144083e-01
9.0723857765e+02 1.2413528186e-01
9.0760966347e+02 1.2418296704e-01
9.0801042182e+02 1.2423314904e-01
9.0841678771e+02 1.2428375821e-01
9.0880888282e+02 1.2433210250e-01
9.0918901540e+02 1.2438031286e-01
9.0957902801e+02 1.2443017257e-01
9.0998086056e+02 1.2448220093e-01
9.1036586471e+02 1.2453085981e-01
9.1072113195e+02 1.2457559052e-01
9.1105825143e+02 1.2461749031e-01
9.1139488184e+02 1.2466025917e-01
9.1173708059e+02 1.2470360009e-01
9.1207063883e+02 1.2474632229e-01
9.1239059555e+02 1.2478660197e-01
9.1270334650e+02 1.2482647749e-01
9.1302715679e+02 1.2486760883e-01
9.1336753541e+02 1.2491195670e-01
9.1371587299e+02 1.2495726294e-01
9.1406612624e+02 1.2500371423e-01
9.1442705842e+02 1.2505144413e-01
9.1479825958e+02 1.2510103009e-01
9.1517193654e+02 1.2514978763e-01
9.1554961690e+02 1.2519861553e-01
9.1593990442e+02 1.2524776839e-01
9.1632023903e+02 1.2529523376e-01
9.1666825510e+02 1.2533636036e-01
9.1699580865e+02 1.2537351469e-01
9.1734236329e+02 1.2541158443e-01
9.1770800166e+02 1.2545260833e-01
9.1806232853e+02 1.2549183048e-01
9.1837623162e+02 1.2552614001e-01
9.1864691398e+02 1.2555395597e-01
9.1887770069e+02 1.2557701713e-01
9.1907728600e+02 1.2559603214e-01
9.1926551693e+02 1.2561509630e-01
9.1947236375e+02 1.2563686418e-01
9.1970297052e+02 1.2566256721e-01
9.1995496536e+02 1.2569080916e-01
9.2022065693e+02 1.2572188560e-01
9.2062138988e+02 1.2577069070e-01
9.2107301996e+02 1.2582696538e-01
9.2151706162e+02 1.2588214070e-01
9.2197014399e+02 1.2593982761e-01
9.2245057916e+02 1.2600106732e-01
9.2294259223e+02 1.2606380103e-01
9.2341666337e+02 1.2612256214e-01
9.2385823762e+02 1.2617710738e-01
9.2428332255e+02 1.2622931046e-01
9.2470930453e+02 1.2628265345e-01
9.2513442777e+02 1.2633547549e-01
9.2555705907e+02 1.2638866071e-01
9.2598771634e+02 1.2644308939e-01
9.2642700580e+02 1.2649992922e-01
9.2685885389e+02 1.2655545424e-01
9.2726893464e+02 1.2660825165e-01
9.2765910067e+02 1.2665751255e-01
9.2802962262e+02 1.2670472111e-01
9.2837894857e+02 1.2674903576e-01
9.2871767144e+02 1.2679315722e-01
9.2906061014e+02 1.2683756349e-01
9.2941502978e+02 1.2688377278e-01
9.2978620307e+02 1.2693182004e-01
9.3016557118e+02 1.2698252105e-01
9.3054721635e+02 1.2703398612e-01
9.3091694117e+02 1.2708401847e-01
9.3125150383e+02 1.2712718055e-01
9.3154544254e+02 1.2716356637e-01
9.3182812596e+02 1.2719627704e-01
9.3213963028e+02 1.2723183796e-01
9.3247800436e+02 1.2726908880e-01
9.3281033082e+02 1.2730532843e-01
9.3314299289e+02 1.2734099291e-01
9.3349419648e+02 1.2737969159e-01
9.3385699501e+02 1.2741914731e-01
9.3419475413e+02 1.2745558921e-01
9.3451114798e+02 1.2748899594e-01
9.3482849416e+02 1.2752392933e-01
9.3515999850e+02 1.2756109504e-01
9.3550231397e+02 1.2760091867e-01
9.3585985216e+02 1.2764276215e-01
9.3622761961e+02 1.2768687301e-01
9.3660815647e+02 1.2773226852e-01
9.3699842439e+02 1.2777964136e-01
9.3739363608e+02 1.2782767692e-01
9.3777946031e+02 1.2787587383e-01
9.3814966947e+02 1.2792197566e-01
9.3850363562e+02 1.2796628020e-01
9.3884867346e+02 1.2800834485e-01
9.3924439070e+02 1.2805719977e-01
9.3970298326e+02 1.2811379266e-01
9.4016260232e+02 1.2817130907e-01
9.4062129380e+02 1.2822832309e-01
9.4106908474e+02 1.2828448914e-01
9.4151333445e+02 1.2833983998e-01
9.4195503438e+02 1.2839615393e-01
9.4238168157e+02 1.2845096785e-01
9.4277801368e+02 1.2850305970e-01
9.4314937249e+02 1.2855153474e-01
9.4351374947e+02 1.2859955851e-01
9.4387302604e+02 1.2864668346e-01
9.4423702751e+02 1.2869563097e-01
9.4460950073e+02 1.2874549084e-01
9.4498296263e+02 1.2879566282e-01
9.4535722413e+02 1.2884505990e-01
9.4572561970e+02 1.2889490449e-01
9.4608734366e+02 1.2894440003e-01
9.4643969295e+02 1.2899335906e-01
9.4679257145e+02 1.2904049968e-01
9.4716894546e+02 1.2908897416e-01
9.4756603022e+02 1.2913736013e-01
9.4798602340e+02 1.2918757567e-01
9.4842208552e+02 1.2923825612e-01
9.4886454007e+02 1.2928966748e-01
9.4931343686e+02 1.2934084193e-01
9.4975954152e+02 1.2939153131e-01
9.5020508379e+02 1.2944077729e-01
9.5064141419e+02 1.2948888502e-01
9.5105364076e+02 1.2953352122e-01
9.5143356075e+02 1.2957534939e-01
9.5178660950e+02 1.2961416401e-01
9.5212270100e+02 1.2965231638e-01
9.5245638724e+02 1.2969060379e-01
9.5279674019e+02 1.2973126203e-01
9.5315033503e+02 1.2977383816e-01
9.5350641980e+02 1.2981768433e-01
9.5386082195e+02 1.2986100190e-01
9.5421160557e+02 1.2990457915e-01
9.5456022500e+02 1.2994737921e-01
9.5489943306e+02 1.2998946387e-01
9.5522753702e+02 1.3002944293e-01
9.5555090960e+02 1.3006922431e-01
9.5587419147e+02 1.3010818595e-01
9.5618348049e+02 1.3014569701e-01
9.5647940800e+02 1.3018104229e-01
9.5676922792e+02 1.3021651818e-01
9.5707071480e+02 1.3025329800e-01
9.5737841025e+02 1.3029164642e-01
9.5769918729e+02 1.3033160270e-01
9.5804064954e+02 1.3037586943e-01
9.5841854692e+02 1.3042565870e-01
9.5882284707e+02 1.3048029695e-01
9.5922630361e+02 1.3053443154e-01
9.5960968738e+02 1.3058650399e-01
9.5999290077e+02 1.3063818975e-01
9.6038539152e+02 1.3069154736e-01
9.6077724478e+02 1.3074359791e-01
9.6116323900e+02 1.3079498711e-01
9.6156583849e+02 1.3084830584e-01
9.6198747626e+02 1.3090526035e-01
9.6240082138e+02 1.3096038213e-01
9.6277520136e+02 1.3100979645e-01
9.6311706061e+02 1.3105270481e-01
9.6344031463e+02 1.3109180629e-01
9.6377277825e+02 1.3112983842e-01
9.6411416721e+02 1.3116853414e-01
9.6445963968e+02 1.3120682710e-01
9.6478677796e+02 1.3124310340e-01
9.6508624868e+02 1.3127458223e-01
9.6536449715e+02 1.3130276555e-01
9.6562440411e+02 1.3132665655e-01
9.6585554005e+02 1.3134640373e-01
9.6609667435e+02 1.3136702896e-01
9.6662421756e+02 1.3142719173e-01
9.6708557243e+02 1.3148045840e-01
9.6750103619e+02 1.3153019872e-01
9.6789805081e+02 1.3157786559e-01
9.6827533897e+02 1.3162382271e-01
9.6864233115e+02 1.3166835952e-01
9.6901878484e+02 1.3171553648e-01
9.6939954142e+02 1.3176311818e-01
9.6976745251e+02 1.3180922920e-01
9.7011702311e+02 1.3185175166e-01
9.7045268526e+02 1.3189282625e-01
9.7078055070e+02 1.3193245911e-01
9.7109767110e+02 1.3197128842e-01
9.7141688418e+02 1.3200962687e-01
9.7174287186e+02 1.3204913167e-01
9.7206820847e+02 1.3208793943e-01
9.7239594001e+02 1.3212830077e-01
9.7273260008e+02 1.3217061935e-01
9.7307402449e+02 1.3221546136e-01
9.7342873821e+02 1.3226210929e-01
9.7378723947e+02 1.3230983858e-01
9.7414799251e+02 1.3235722135e-01
9.7449091369e+02 1.3240303992e-01
9.7480476843e+02 1.3244484079e-01
9.7510090176e+02 1.3248506713e-01
9.7539685403e+02 1.3252429925e-01
9.7570628827e+02 1.3256506156e-01
9.7601331905e+02 1.3260435928e-01
9.7631812174e+02 1.3264389596e-01
9.7665074717e+02 1.3268655828e-01
9.7701117255e+02 1.3273298212e-01
9.7739708926e+02 1.3278121112e-01
9.7779663260e+02 1.3283058998e-01
9.7821060597e+02 1.3287997268e-01
9.7862812719e+02 1.3292926432e-01
9.7902921210e+02 1.3297494499e-01
9.7941204837e+02 1.3301807505e-01
9.7978453223e+02 1.3305838514e-01
9.8014485989e+02 1.3309658709e-01
9.8048715869e+02 1.3313080268e-01
9.8078551027e+02 1.3315912729e-01
9.8104234343e+02 1.3318138834e-01
9.8126830338e+02 1.3320086867e-01
9.8148346401e+02 1.3321960130e-01
9.8169924108e+02 1.3324066537e-01
9.8192839436e+02 1.3326451826e-01
9.8215733127e+02 1.3328994668e-01
9.8237285175e+02 1.3331347237e-01
9.8258108269e+02 1.3333721694e-01
9.8281757019e+02 1.3336511519e-01
9.8309006722e+02 1.3339896465e-01
9.8339513722e+02 1.3343611985e-01
9.8371774037e+02 1.3347556069e-01
9.8405821376e+02 1.3351694691e-01
9.8441114548e+02 1.3356140108e-01
9.8477582825e+02 1.3360730684e-01
9.8513561411e+02 1.3365276454e-01
9.8548078977e+02 1.3369495345e-01
9.8579964397e+02 1.3373403862e-01
9.8611300056e+02 1.3377262397e-01
9.8642316910e+02 1.3381264127e-01
9.8672520821e+02 1.3385170748e-01
9.8700434134e+02 1.3388818891e-01
9.8729106072e+02 1.3392471623e-01
9.8761829270e+02 1.3396761064e-01
9.8798607011e+02 1.3401643535e-01
9.8836630955e+02 1.3406853910e-01
9.8874574003e+02 1.3412010590e-01
9.8911699186e+02 1.3417065030e-01
9.8949531312e+02 1.3422099917e-01
9.8986444350e+02 1.3427011742e-01
9.9020989256e+02 1.3431449252e-01
9.9052967829e+02 1.3435500754e-01
9.9085086452e+02 1.3439459440e-01
9.9116746078e+02 1.3443386624e-01
9.9144729637e+02 1.3446660708e-01
9.9176409310e+02 1.3450290764e-01
9.9215305433e+02 1.3454670574e-01
9.9252863664e+02 1.3458898772e-01
9.9288548611e+02 1.3462782272e-01
9.9321864424e+02 1.3466292083e-01
9.9354233520e+02 1.3469471207e-01
9.9385721683e+02 1.3472526727e-01
9.9416602638e+02 1.3475456741e-01
9.9447173677e+02 1.3478451770e-01
9.9479330993e+02 1.3481668289e-01
9.9514702942e+02 1.3485491256e-01
9.9553597016e+02 1.3489884505e-01
9.9594583824e+02 1.3494757138e-01
9.9637454765e+02 1.3499908690e-01
9.9681228350e+02 1.3505295109e-01
9.9724082219e+02 1.3510551472e-01
9.9764633364e+02 1.3515612769e-01
9.9802642791e+02 1.3520281761e-01
9.9838662965e+02 1.3524724027e-01
9.9873515560e+02 1.3528959756e-01
9.9907355713e+02 1.3533200408e-01
9.9941754546e+02 1.3537550901e-01
9.9976335705e+02 1.3541994599e-01
1.0001163332e+03 1.3546390183e-01
1.0004620160e+03 1.3550669399e-01
1.0008055057e+03 1.3554875132e-01
1.0011562282e+03 1.3559334953e-01
1.0015252408e+03 1.3564057024e-01
1.0018992130e+03 1.3568919503e-01
1.0022596573e+03 1.3573512823e-01
1.0026001920e+03 1.3577896491e-01
1.0029354104e+03 1.3582191343e-01
1.0032764209e+03 1.3586685478e-01
1.0036226754e+03 1.3591249960e-01
1.0039462310e+03 1.3595630441e-01
1.0042413740e+03 1.3599590919e-01
1.0045180794e+03 1.3603304802e-01
1.0048120108e+03 1.3607054137e-01
1.0051282433e+03 1.3611050641e-01
1.0054534280e+03 1.3615071487e-01
1.0057721846e+03 1.3619064905e-01
1.0060923495e+03 1.3622960118e-01
1.0064189111e+03 1.3626849774e-01
1.0067351548e+03 1.3630347972e-01
1.0070116434e+03 1.3633239510e-01
1.0072667619e+03 1.3635739983e-01
1.0075140755e+03 1.3638204071e-01
1.0077578682e+03 1.3640523532e-01
1.0079844477e+03 1.3642573853e-01
1.0082022188e+03 1.3644322531e-01
1.0084145056e+03 1.3645989327e-01
1.0086269857e+03 1.3647622564e-01
1.0089608122e+03 1.3650996973e-01
1.0094627533e+03 1.3656627791e-01
1.0099239148e+03 1.3661920011e-01
1.0103480540e+03 1.3666793002e-01
1.0107465068e+03 1.3671521801e-01
1.0111449410e+03 1.3676312255e-01
1.0115323658e+03 1.3681098780e-01
1.0118873140e+03 1.3685392071e-01
1.0122102796e+03 1.3689270492e-01
1.0125194566e+03 1.3692912264e-01
1.0128145270e+03 1.3696553449e-01
1.0130843315e+03 1.3699950980e-01
1.0133411225e+03 1.3703267337e-01
1.0136139367e+03 1.3706616641e-01
1.0139024811e+03 1.3710122397e-01
1.0141834559e+03 1.3713462132e-01
1.0144311881e+03 1.3716496902e-01
1.0146624014e+03 1.3719324678e-01
1.0148997279e+03 1.3722350558e-01
1.0151548979e+03 1.3725604170e-01
1.0154143203e+03 1.3728992379e-01
1.0156764825e+03 1.3732323614e-01
1.0159487395e+03 1.3735834049e-01
1.0162419175e+03 1.3739601760e-01
1.0165546716e+03 1.3743761732e-01
1.0168900214e+03 1.3748163617e-01
1.0172472099e+03 1.3752839547e-01
1.0176245575e+03 1.3757638042e-01
1.0180164843e+03 1.3762665980e-01
1.0184259016e+03 1.3767888524e-01
1.0188382576e+03 1.3773218083e-01
1.0192370983e+03 1.3778248416e-01
1.0196342795e+03 1.3783195946e-01
1.0200544996e+03 1.3788214711e-01
1.0204754175e+03 1.3793144602e-01
1.0208697270e+03 1.3797565591e-01
1.0212349948e+03 1.3801631004e-01
1.0215904860e+03 1.3805448010e-01
1.0219333342e+03 1.3809049570e-01
1.0222578196e+03 1.3812238728e-01
1.0225693668e+03 1.3815276290e-01
1.0228843772e+03 1.3818302588e-01
1.0231999043e+03 1.3821424649e-01
1.0235230213e+03 1.3824648877e-01
1.0238411321e+03 1.3827983145e-01
1.0241583547e+03 1.3831371949e-01
1.0244655851e+03 1.3834808113e-01
1.0247851111e+03 1.3838449931e-01
1.0251317529e+03 1.3842640606e-01
1.0254972023e+03 1.3847109534e-01
1.0258603476e+03 1.3851614214e-01
1.0262159834e+03 1.3855892369e-01
1.0265732658e+03 1.3860238051e-01
1.0269543056e+03 1.3864935162e-01
1.0273408197e+03 1.3869899136e-01
1.0277305862e+03 1.3874890060e-01
1.0281076422e+03 1.3879724283e-01
1.0284795239e+03 1.3884365004e-01
1.0288342572e+03 1.3888831745e-01
1.0291781939e+03 1.3893099606e-01
1.0295411064e+03 1.3897705832e-01
1.0299390818e+03 1.3902765657e-01
1.0303609999e+03 1.3908303115e-01
1.0307977830e+03 1.3914051463e-01
1.0312471223e+03 1.3920026116e-01
1.0317251267e+03 1.3926245913e-01
1.0322013923e+03 1.3932421029e-01
1.0326709428e+03 1.3938385600e-01
1.0331308917e+03 1.3944250204e-01
1.0335935288e+03 1.3950063208e-01
1.0340327481e+03 1.3955625472e-01
1.0344305936e+03 1.3960574289e-01
1.0347989028e+03 1.3965194591e-01
1.0351756179e+03 1.3969865092e-01
1.0355615420e+03 1.3974732641e-01
1.0359276251e+03 1.3979232985e-01
1.0362359501e+03 1.3982926497e-01
1.0365103595e+03 1.3985984651e-01
1.0367755443e+03 1.3988907296e-01
1.0370586639e+03 1.3991938947e-01
1.0374624000e+03 1.3996486094e-01
1.0379759274e+03 1.4002241627e-01
1.0385202422e+03 1.4008350450e-01
1.0390721112e+03 1.4014456079e-01
1.0396229379e+03 1.4020606273e-01
1.0401593734e+03 1.4026506850e-01
1.0406480419e+03 1.4031906696e-01
1.0410914032e+03 1.4036771686e-01
1.0415014626e+03 1.4041382320e-01
1.0419109017e+03 1.4045979423e-01
1.0423253716e+03 1.4050775878e-01
1.0427507461e+03 1.4055803646e-01
1.0431964271e+03 1.4061345008e-01
1.0436588329e+03 1.4067128812e-01
1.0441111041e+03 1.4072811718e-01
1.0445277933e+03 1.4077897625e-01
1.0449105781e+03 1.4082586741e-01
1.0452970983e+03 1.4087285654e-01
1.0456810168e+03 1.4092065175e-01
1.0460604907e+03 1.4096789888e-01
1.0464318396e+03 1.4101540010e-01
1.0468200442e+03 1.4106474948e-01
1.0472183572e+03 1.4111601971e-01
1.0476100817e+03 1.4116596290e-01
1.0480031866e+03 1.4121758199e-01
1.0484201727e+03 1.4127254756e-01
1.0488647254e+03 1.4133179459e-01
1.0493166808e+03 1.4139017544e-01
1.0497466787e+03 1.4144476172e-01
1.0501685066e+03 1.4149654942e-01
1.0505855758e+03 1.4154773665e-01
1.0510050880e+03 1.4159783696e-01
1.0514107048e+03 1.4164583172e-01
1.0518163279e+03 1.4169288836e-01
1.0522408874e+03 1.4174412953e-01
1.0526943364e+03 1.4180026667e-01
1.0531524656e+03 1.4185896197e-01
1.0535830482e+03 1.4191353853e-01
1.0539599156e+03 1.4196124713e-01
1.0543064720e+03 1.4200376355e-01
1.0546463349e+03 1.4204537826e-01
1.0549857256e+03 1.4208500923e-01
1.0553068921e+03 1.4212129857e-01
1.0556332467e+03 1.4215641852e-01
1.0559792622e+03 1.4219424452e-01
1.0563374079e+03 1.4223242640e-01
1.0566829446e+03 1.4226859103e-01
1.0570332462e+03 1.4230366360e-01
1.0573912050e+03 1.4234009968e-01
1.0577453201e+03 1.4237585916e-01
1.0580707641e+03 1.4240927406e-01
1.0584501193e+03 1.4244951381e-01
1.0589720288e+03 1.4250945636e-01
1.0594746074e+03 1.4256750635e-01
1.0599386406e+03 1.4262296002e-01
1.0603712407e+03 1.4267520840e-01
1.0607805312e+03 1.4272574794e-01
1.0611801787e+03 1.4277411746e-01
1.0615711735e+03 1.4282175126e-01
1.0619591454e+03 1.4286857324e-01
1.0623413687e+03 1.4291588048e-01
1.0627102607e+03 1.4296117557e-01
1.0630647996e+03 1.4300538476e-01
1.0634264118e+03 1.4305002309e-01
1.0637929414e+03 1.4309636672e-01
1.0641477026e+03 1.4314112665e-01
1.0644746281e+03 1.4318374607e-01
1.0648010502e+03 1.4322632149e-01
1.0651480311e+03 1.4327228563e-01
1.0655096780e+03 1.4331856899e-01
1.0658629478e+03 1.4336311027e-01
1.0662100592e+03 1.4340509973e-01
1.0665520466e+03 1.4344628584e-01
1.0668976267e+03 1.4348642791e-01
1.0672483159e+03 1.4352715506e-01
1.0676083306e+03 1.4356816946e-01
1.0679694843e+03 1.4361045077e-01
1.0683360169e+03 1.4365359618e-01
1.0686985405e+03 1.4369791853e-01
1.0690557240e+03 1.4374207440e-01
1.0694146388e+03 1.4378819535e-01
1.0697907722e+03 1.4383628909e-01
1.0701705991e+03 1.4388509677e-01
1.0705440061e+03 1.4393125635e-01
1.0709030099e+03 1.4397464936e-01
1.0712551788e+03 1.4401467164e-01
1.0716021788e+03 1.4405323402e-01
1.0719619715e+03 1.4409203450e-01
1.0723322293e+03 1.4413267511e-01
1.0727043081e+03 1.4417261999e-01
1.0730583702e+03 1.4421029394e-01
1.0733901735e+03 1.4424366918e-01
1.0736933828e+03 1.4427359249e-01
1.0739902219e+03 1.4430202577e-01
1.0742966117e+03 1.4433287056e-01
1.0746233119e+03 1.4436648906e-01
1.0749613463e+03 1.4440326955e-01
1.0753231421e+03 1.4444342766e-01
1.0756977436e+03 1.4448688897e-01
1.0760715424e+03 1.4453062130e-01
1.0764121020e+03 1.4457170504e-01
1.0767388344e+03 1.4461096365e-01
1.0770734336e+03 1.4465217932e-01
1.0774360387e+03 1.4469634430e-01
1.0778070975e+03 1.4474222366e-01
1.0781729858e+03 1.4478663227e-01
1.0785212007e+03 1.4482949467e-01
1.0788536313e+03 1.4486995212e-01
1.0791682442e+03 1.4490940454e-01
1.0794870754e+03 1.4494934471e-01
1.0798097983e+03 1.4499093771e-01
1.0801422291e+03 1.4503329132e-01
1.0804675940e+03 1.4507501574e-01
1.0807940631e+03 1.4511504104e-01
1.0811341698e+03 1.4515617697e-01
1.0815161899e+03 1.4520131159e-01
1.0819210161e+03 1.4525012115e-01
1.0823302061e+03 1.4529891362e-01
1.0827216762e+03 1.4534601085e-01
1.0831007494e+03 1.4539091498e-01
1.0834522859e+03 1.4543355934e-01
1.0837796425e+03 1.4547323208e-01
1.0840834269e+03 1.4551116739e-01
1.0844018973e+03 1.4555072927e-01
1.0847522825e+03 1.4559546414e-01
1.0851273183e+03 1.4564258946e-01
1.0854946485e+03 1.4568862956e-01
1.0858559591e+03 1.4573182668e-01
1.0862112738e+03 1.4577367349e-01
1.0865732641e+03 1.4581499628e-01
1.0869390700e+03 1.4585720510e-01
1.0873216975e+03 1.4590048866e-01
1.0877032022e+03 1.4594360835e-01
1.0881009278e+03 1.4598730834e-01
1.0886916950e+03 1.4605561124e-01
1.0893190555e+03 1.4612697406e-01
1.0899172521e+03 1.4619459543e-01
1.0904978747e+03 1.4625914967e-01
1.0910676310e+03 1.4632342985e-01
1.0916135491e+03 1.4638453009e-01
1.0921134185e+03 1.4644097968e-01
1.0925652326e+03 1.4649134514e-01
1.0929689712e+03 1.4653759072e-01
1.0933440032e+03 1.4658121625e-01
1.0937000334e+03 1.4662452264e-01
1.0940575342e+03 1.4666762693e-01
1.0944181081e+03 1.4671138082e-01
1.0947873263e+03 1.4675519774e-01
1.0951436856e+03 1.4679819521e-01
1.0954906361e+03 1.4683967068e-01
1.0958437448e+03 1.4688300821e-01
1.0962106701e+03 1.4692750070e-01
1.0965561964e+03 1.4696993782e-01
1.0968671462e+03 1.4700754183e-01
1.0971564704e+03 1.4704366531e-01
1.0974694922e+03 1.4708251910e-01
1.0977996560e+03 1.4712392109e-01
1.0981271993e+03 1.4716341024e-01
1.0984236599e+03 1.4719898053e-01
1.0987021363e+03 1.4723139405e-01
1.0989752056e+03 1.4726411771e-01
1.0992647289e+03 1.4729852111e-01
1.0995783488e+03 1.4733681146e-01
1.0999011911e+03 1.4737537614e-01
1.1002011437e+03 1.4741157701e-01
1.1004959350e+03 1.4744695859e-01
1.1007926445e+03 1.4748419977e-01
1.1010962504e+03 1.4752190844e-01
1.1013869698e+03 1.4755785228e-01
1.1016848567e+03 1.4759248306e-01
1.1020015839e+03 1.4762898754e-01
1.1023479071e+03 1.4766818260e-01
1.1027271462e+03 1.4771270548e-01
1.1031416427e+03 1.4776145706e-01
1.1035682910e+03 1.4781226424e-01
1.1039967542e+03 1.4786179417e-01
1.1044052125e+03 1.4790867875e-01
1.1047903510e+03 1.4795128477e-01
1.1051313244e+03 1.4798830620e-01
1.1054391940e+03 1.4801915815e-01
1.1057178883e+03 1.4804536025e-01
1.1059951455e+03 1.4806948015e-01
1.1062762739e+03 1.4809471834e-01
1.1065671977e+03 1.4812133524e-01
1.1068623710e+03 1.4815050116e-01
1.1071970640e+03 1.4818552248e-01
1.1075687300e+03 1.4822776925e-01
1.1079591544e+03 1.4827324344e-01
1.1084328872e+03 1.4833074519e-01
1.1088957365e+03 1.4838604446e-01
1.1093472073e+03 1.4844056399e-01
1.1097943725e+03 1.4849428861e-01
1.1102289513e+03 1.4854780521e-01
1.1106524048e+03 1.4859951943e-01
1.1110542448e+03 1.4864891371e-01
1.1114519743e+03 1.4869642218e-01
1.1118403729e+03 1.4874313096e-01
1.1122150719e+03 1.4878765196e-01
1.1125749573e+03 1.4883156732e-01
1.1129477427e+03 1.4887654755e-01
1.1133524213e+03 1.4892623908e-01
1.1137857089e+03 1.4897920588e-01
1.1142234227e+03 1.4903436865e-01
1.1146615929e+03 1.4908971953e-01
1.1150894136e+03 1.4914443369e-01
1.1155112449e+03 1.4919664157e-01
1.1159332912e+03 1.4924841972e-01
1.1163702272e+03 1.4930085418e-01
1.1168064568e+03 1.4935405384e-01
1.1172352825e+03 1.4940577846e-01
1.1176486276e+03 1.4945647705e-01
1.1180662766e+03 1.4950734047e-01
1.1184978177e+03 1.4956081437e-01
1.1189431303e+03 1.4961458949e-01
1.1193755754e+03 1.4966624074e-01
1.1197872571e+03 1.4971397046e-01
1.1201905715e+03 1.4976187718e-01
1.1206211822e+03 1.4981295615e-01
1.1210740788e+03 1.4986701707e-01
1.1215390817e+03 1.4992086563e-01
1.1220002222e+03 1.4997457508e-01
1.1224760107e+03 1.5002939466e-01
1.1229620961e+03 1.5008530424e-01
1.1234336565e+03 1.5013639379e-01
1.1238731518e+03 1.5018206598e-01
1.1243014560e+03 1.5022509575e-01
1.1247164711e+03 1.5026818153e-01
1.1251202928e+03 1.5031033703e-01
1.1254859816e+03 1.5034906090e-01
1.1258360420e+03 1.5038572810e-01
1.1261787079e+03 1.5042330260e-01
1.1265295698e+03 1.5046242284e-01
1.1268763890e+03 1.5050263006e-01
1.1272121908e+03 1.5054111137e-01
1.1275357982e+03 1.5057927658e-01
1.1278862322e+03 1.5062066713e-01
1.1282837570e+03 1.5066904801e-01
1.1287365615e+03 1.5072354016e-01
1.1291807163e+03 1.5077746133e-01
1.1295846477e+03 1.5082571432e-01
1.1299490149e+03 1.5086988453e-01
1.1303230068e+03 1.5091440158e-01
1.1307282615e+03 1.5096371604e-01
1.1311637879e+03 1.5101720219e-01
1.1315854534e+03 1.5107154074e-01
1.1319841772e+03 1.5112342388e-01
1.1323646681e+03 1.5117344574e-01
1.1327620507e+03 1.5122364022e-01
1.1331597866e+03 1.5127338667e-01
1.1335555831e+03 1.5132120268e-01
1.1339309728e+03 1.5136606094e-01
1.1342981489e+03 1.5140799370e-01
1.1346644180e+03 1.5145043512e-01
1.1350537001e+03 1.5149614618e-01
1.1354564822e+03 1.5154563344e-01
1.1358780458e+03 1.5159721194e-01
1.1363051302e+03 1.5165016261e-01
1.1367469068e+03 1.5170451897e-01
1.1371861902e+03 1.5175991725e-01
1.1376251295e+03 1.5181452326e-01
1.1380380500e+03 1.5186535492e-01
1.1384179361e+03 1.5190921581e-01
1.1387565597e+03 1.5194692216e-01
1.1390860835e+03 1.5198211281e-01
1.1394102420e+03 1.5201758641e-01
1.1397381440e+03 1.5205272265e-01
1.1400567811e+03 1.5208643903e-01
1.1405647991e+03 1.5214193837e-01
1.1411557848e+03 1.5220761741e-01
1.1417372271e+03 1.5227119849e-01
1.1422942726e+03 1.5233312766e-01
1.1428306650e+03 1.5239257105e-01
1.1433259934e+03 1.5244827060e-01
1.1437885542e+03 1.5249970468e-01
1.1442164863e+03 1.5254839267e-01
1.1446351810e+03 1.5259630187e-01
1.1450679743e+03 1.5264776916e-01
1.1455152361e+03 1.5270051617e-01
1.1459544362e+03 1.5275275498e-01
1.1464070215e+03 1.5280601950e-01
1.1468844037e+03 1.5286388604e-01
1.1473955153e+03 1.5292606806e-01
1.1479036459e+03 1.5298916307e-01
1.1484057470e+03 1.5305122929e-01
1.1488894499e+03 1.5311226334e-01
1.1493542032e+03 1.5317056743e-01
1.1497885944e+03 1.5322602022e-01
1.1501918668e+03 1.5327681153e-01
1.1505589470e+03 1.5332380578e-01
1.1509075002e+03 1.5336738199e-01
1.1512376256e+03 1.5340856720e-01
1.1515797445e+03 1.5344932696e-01
1.1519439649e+03 1.5349246174e-01
1.1523507264e+03 1.5353926110e-01
1.1527859309e+03 1.5358983564e-01
1.1532455982e+03 1.5364264785e-01
1.1536993222e+03 1.5369601070e-01
1.1541312805e+03 1.5374702999e-01
1.1545305127e+03 1.5379626462e-01
1.1549281239e+03 1.5384571780e-01
1.1553457014e+03 1.5389862666e-01
1.1557940286e+03 1.5395390848e-01
1.1562423993e+03 1.5400905227e-01
1.1566893276e+03 1.5406248308e-01
1.1571238754e+03 1.5411421388e-01
1.1575666620e+03 1.5416506036e-01
1.1580058087e+03 1.5421537218e-01
1.1584373888e+03 1.5426375613e-01
1.1588531590e+03 1.5431119348e-01
1.1592726401e+03 1.5435827767e-01
1.1596769675e+03 1.5440320400e-01
1.1600422823e+03 1.5444081707e-01
1.1603521088e+03 1.5447097081e-01
1.1606417662e+03 1.5449735126e-01
1.1609012360e+03 1.5452063569e-01
1.1611476222e+03 1.5454161763e-01
1.1613868213e+03 1.5456307388e-01
1.1616323172e+03 1.5458527414e-01
1.1618627794e+03 1.5460699668e-01
1.1621066785e+03 1.5463048187e-01
1.1623791370e+03 1.5465969430e-01
1.1626951171e+03 1.5469514222e-01
1.1630361990e+03 1.5473555030e-01
1.1634018784e+03 1.5477860351e-01
1.1637445094e+03 1.5481962638e-01
1.1640571336e+03 1.5485652480e-01
1.1643918057e+03 1.5489798860e-01
1.1647509952e+03 1.5494278572e-01
1.1651271952e+03 1.5499103840e-01
1.1655354360e+03 1.5504246905e-01
1.1659499778e+03 1.5509516960e-01
1.1663631751e+03 1.5514661019e-01
1.1667511505e+03 1.5519515913e-01
1.1671247556e+03 1.5524011477e-01
1.1674811032e+03 1.5528230249e-01
1.1678389952e+03 1.5532254312e-01
1.1681803108e+03 1.5536053024e-01
1.1685789942e+03 1.5540459264e-01
1.1690760498e+03 1.5546213537e-01
1.1695973123e+03 1.5552289342e-01
1.1701082860e+03 1.5558471971e-01
1.1705905243e+03 1.5564391242e-01
1.1710443958e+03 1.5570144496e-01
1.1715008060e+03 1.5575817401e-01
1.1719590420e+03 1.5581457885e-01
1.1724043942e+03 1.5586750322e-01
1.1728170399e+03 1.5591679718e-01
1.1732316625e+03 1.5596552199e-01
1.1736534545e+03 1.5601559224e-01
1.1740832425e+03 1.5606534738e-01
1.1745168422e+03 1.5611622192e-01
1.1749776506e+03 1.5616952920e-01
1.1754601406e+03 1.5622557172e-01
1.1759544768e+03 1.5628094351e-01
1.1764398834e+03 1.5633485940e-01
1.1769169710e+03 1.5638641618e-01
1.1773632621e+03 1.5643445470e-01
1.1777983455e+03 1.5647968622e-01
1.1782181795e+03 1.5652339970e-01
1.1786279741e+03 1.5656531575e-01
1.1790295586e+03 1.5660784058e-01
1.1794536894e+03 1.5665312675e-01
1.1799017230e+03 1.5670292842e-01
1.1803730150e+03 1.5675602542e-01
1.1808372039e+03 1.5681059600e-01
1.1812939966e+03 1.5686458550e-01
1.1817446452e+03 1.5691901439e-01
1.1822315105e+03 1.5697763461e-01
1.1827440784e+03 1.5704133605e-01
1.1832679763e+03 1.5710689961e-01
1.1837661908e+03 1.5717102314e-01
1.1842386816e+03 1.5723169123e-01
1.1846665655e+03 1.5728781651e-01
1.1850590107e+03 1.5733843161e-01
1.1854223244e+03 1.5738529125e-01
1.1858008497e+03 1.5743196967e-01
1.1861962399e+03 1.5748015157e-01
1.1866060821e+03 1.5752798732e-01
1.1869958987e+03 1.5757292815e-01
1.1873669787e+03 1.5761350218e-01
1.1877248458e+03 1.5765214603e-01
1.1880903632e+03 1.5769041185e-01
1.1884394168e+03 1.5772806979e-01
1.1887868335e+03 1.5776651912e-01
1.1891421177e+03 1.5780876637e-01
1.1895304015e+03 1.5785533665e-01
1.1899209996e+03 1.5790267660e-01
1.1903064245e+03 1.5794784677e-01
1.1906839345e+03 1.5799279669e-01
1.1910817328e+03 1.5803997176e-01
1.1914909979e+03 1.5808965996e-01
1.1919143282e+03 1.5813987861e-01
1.1923145040e+03 1.5818717956e-01
1.1926962613e+03 1.5823054762e-01
1.1930411038e+03 1.5826933610e-01
1.1933684753e+03 1.5830439435e-01
1.1936882163e+03 1.5833897128e-01
1.1940161086e+03 1.5837364327e-01
1.1943187851e+03 1.5840566128e-01
1.1945944814e+03 1.5843267967e-01
1.1948334966e+03 1.5845499071e-01
1.1950635841e+03 1.5847469795e-01
1.1952808052e+03 1.5849325932e-01
1.1955690506e+03 1.5851992499e-01
1.1960756766e+03 1.5857526483e-01
1.1965700832e+03 1.5862902579e-01
1.1970492951e+03 1.5868307638e-01
1.1975261252e+03 1.5873754900e-01
1.1979801394e+03 1.5879112767e-01
1.1983943777e+03 1.5883938822e-01
1.1987581877e+03 1.5888284671e-01
1.1990928337e+03 1.5892337988e-01
1.1993877758e+03 1.5896161074e-01
1.1996511651e+03 1.5899597771e-01
1.1998836360e+03 1.5902696432e-01
1.2001263812e+03 1.5905783883e-01
1.2003981655e+03 1.5909286099e-01
1.2007165620e+03 1.5913205664e-01
1.2010811676e+03 1.5917617781e-01
1.2015206887e+03 1.5922719044e-01
1.2020252789e+03 1.5928651773e-01
1.2025703987e+03 1.5934987253e-01
1.2031145819e+03 1.5941313898e-01
1.2036487037e+03 1.5947294280e-01
1.2041517014e+03 1.5952874360e-01
1.2046283308e+03 1.5958070693e-01
1.2050677215e+03 1.5962988451e-01
1.2054885657e+03 1.5967694965e-01
1.2058852458e+03 1.5972279568e-01
1.2062739381e+03 1.5976775964e-01
1.2066531759e+03 1.5981327783e-01
1.2070280548e+03 1.5985796160e-01
1.2073827283e+03 1.5990136886e-01
1.2077329902e+03 1.5994372341e-01
1.2080769944e+03 1.5998583572e-01
1.2084342970e+03 1.6002759368e-01
1.2087835572e+03 1.6006762827e-01
1.2091473815e+03 1.6010772070e-01
1.2095299043e+03 1.6015086435e-01
1.2099422437e+03 1.6019691527e-01
1.2103710313e+03 1.6024602732e-01
1.2108186649e+03 1.6029679549e-01
1.2112649566e+03 1.6034799025e-01
1.2117151149e+03 1.6039808996e-01
1.2121537861e+03 1.6044688422e-01
1.2126000780e+03 1.6049538453e-01
1.2130406949e+03 1.6054341647e-01
1.2134906316e+03 1.6059096424e-01
1.2139257172e+03 1.6063726188e-01
1.2143466720e+03 1.6068173471e-01
1.2147380257e+03 1.6072470518e-01
1.2151113842e+03 1.6076555652e-01
1.2154614851e+03 1.6080510769e-01
1.2158256550e+03 1.6084700247e-01
1.2162120397e+03 1.6089496464e-01
1.2166291661e+03 1.6094824505e-01
1.2170403795e+03 1.6100274880e-01
1.2174431298e+03 1.6105555351e-01
1.2178215170e+03 1.6110632772e-01
1.2181999437e+03 1.6115618507e-01
1.2185810220e+03 1.6120586839e-01
1.2189717441e+03 1.6125304955e-01
1.2193319838e+03 1.6129414585e-01
1.2196699476e+03 1.6132948976e-01
1.2199879070e+03 1.6136227743e-01
1.2203240046e+03 1.6139610325e-01
1.2206659053e+03 1.6143112192e-01
1.2210150325e+03 1.6146578887e-01
1.2213425712e+03 1.6149856365e-01
1.2216701549e+03 1.6153121665e-01
1.2220154410e+03 1.6156846638e-01
1.2224045717e+03 1.6161177366e-01
1.2228125388e+03 1.6165927161e-01
1.2232275416e+03 1.6170756813e-01
1.2236139446e+03 1.6175414971e-01
1.2239830563e+03 1.6179852578e-01
1.2243208961e+03 1.6183992595e-01
1.2246601820e+03 1.6188027313e-01
1.2249811793e+03 1.6191857646e-01
1.2253018406e+03 1.6195501990e-01
1.2256187243e+03 1.6199045499e-01
1.2259584274e+03 1.6202650744e-01
1.2263070992e+03 1.6206405286e-01
1.2266599422e+03 1.6210137308e-01
1.2269919378e+03 1.6213705655e-01
1.2273130368e+03 1.6217021193e-01
1.2276085217e+03 1.6220078505e-01
1.2279127401e+03 1.6223174445e-01
1.2282183007e+03 1.6226389434e-01
1.2285351820e+03 1.6229639401e-01
1.2288368438e+03 1.6232743566e-01
1.2293197574e+03 1.6237994408e-01
1.2298001237e+03 1.6243282373e-01
1.2302980374e+03 1.6248723920e-01
1.2307828751e+03 1.6254183893e-01
1.2312465969e+03 1.6259442165e-01
1.2316745284e+03 1.6264514534e-01
1.2320896742e+03 1.6269519950e-01
1.2324913345e+03 1.6274642685e-01
1.2328928104e+03 1.6279863399e-01
1.2332729262e+03 1.6285013767e-01
1.2336379565e+03 1.6289898181e-01
1.2339951328e+03 1.6294695174e-01
1.2343886184e+03 1.6299686509e-01
1.2348366047e+03 1.6305191237e-01
1.2353629851e+03 1.6311301856e-01
1.2359523895e+03 1.6318048579e-01
1.2366027159e+03 1.6325300683e-01
1.2372717482e+03 1.6332785811e-01
1.2379409566e+03 1.6340183887e-01
1.2385697616e+03 1.6347218600e-01
1.2391413925e+03 1.6353498368e-01
1.2396203196e+03 1.6358736566e-01
1.2400312733e+03 1.6363078059e-01
1.2404128871e+03 1.6367248888e-01
1.2408141571e+03 1.6371734141e-01
1.2412266106e+03 1.6376597800e-01
1.2416430260e+03 1.6381502684e-01
1.2420242346e+03 1.6386091713e-01
1.2423998991e+03 1.6390598259e-01
1.2427791543e+03 1.6395336455e-01
1.2431987924e+03 1.6400515783e-01
1.2436440490e+03 1.6406007183e-01
1.2441249658e+03 1.6411694117e-01
1.2446338667e+03 1.6417660254e-01
1.2451696670e+03 1.6423696694e-01
1.2456985113e+03 1.6429588122e-01
1.2462157172e+03 1.6435187815e-01
1.2467033217e+03 1.6440556500e-01
1.2472108985e+03 1.6446179941e-01
1.2477388927e+03 1.6452207679e-01
1.2482901848e+03 1.6458445961e-01
1.2488197637e+03 1.6464480200e-01
1.2493351967e+03 1.6470218916e-01
1.2498303725e+03 1.6475763718e-01
1.2503152302e+03 1.6481052486e-01
1.2507609852e+03 1.6485938634e-01
1.2511765158e+03 1.6490409370e-01
1.2515567047e+03 1.6494644372e-01
1.2519394632e+03 1.6498952800e-01
1.2523166892e+03 1.6503387434e-01
1.2527260294e+03 1.6508232831e-01
1.2531603314e+03 1.6513622141e-01
1.2536286031e+03 1.6519536675e-01
1.2541002815e+03 1.6525752143e-01
1.2545779059e+03 1.6531981246e-01
1.2550256184e+03 1.6537778233e-01
1.2554372783e+03 1.6542762101e-01
1.2557981255e+03 1.6546917832e-01
1.2561481437e+03 1.6550592945e-01
1.2564764166e+03 1.6553853809e-01
1.2568036199e+03 1.6556838174e-01
1.2571133451e+03 1.6559668505e-01
1.2574370064e+03 1.6562703332e-01
1.2577553011e+03 1.6565897738e-01
1.2580605794e+03 1.6568853417e-01
1.2583264389e+03 1.6571364922e-01
1.2585808445e+03 1.6573681757e-01
1.2589866173e+03 1.6578144497e-01
1.2593444038e+03 1.6582122571e-01
1.2596482379e+03 1.6585692264e-01
1.2599257103e+03 1.6588990359e-01
1.2601707993e+03 1.6592114439e-01
1.2604124017e+03 1.6595188813e-01
1.2607389745e+03 1.6599391203e-01
1.2611659346e+03 1.6604617634e-01
1.2615902793e+03 1.6609694120e-01
1.2620024709e+03 1.6614281409e-01
1.2623849796e+03 1.6618358035e-01
1.2627729896e+03 1.6622256166e-01
1.2632588951e+03 1.6627446541e-01
1.2637256768e+03 1.6632412173e-01
1.2641504415e+03 1.6637097634e-01
1.2645773859e+03 1.6641786897e-01
1.2649945765e+03 1.6646414091e-01
1.2654234313e+03 1.6651062481e-01
1.2658631776e+03 1.6655956670e-01
1.2663127069e+03 1.6660903382e-01
1.2667489708e+03 1.6665775283e-01
1.2672007571e+03 1.6670743048e-01
1.2676626199e+03 1.6675948142e-01
1.2681361331e+03 1.6681231322e-01
1.2685910870e+03 1.6686425445e-01
1.2690351670e+03 1.6691462635e-01
1.2694504183e+03 1.6696328573e-01
1.2698697370e+03 1.6701281079e-01
1.2702932895e+03 1.6706520455e-01
1.2707315778e+03 1.6711973157e-01
1.2711524242e+03 1.6717384301e-01
1.2715743944e+03 1.6722730834e-01
1.2719969332e+03 1.6728081265e-01
1.2724387373e+03 1.6733341397e-01
1.2728742049e+03 1.6738299477e-01
1.2733136404e+03 1.6742926375e-01
1.2737355147e+03 1.6747259640e-01
1.2741425627e+03 1.6751286592e-01
1.2745184994e+03 1.6755079143e-01
1.2748935324e+03 1.6758812142e-01
1.2752461209e+03 1.6762358618e-01
1.2755905671e+03 1.6765727832e-01
1.2759360752e+03 1.6769323801e-01
1.2763247069e+03 1.6773543975e-01
1.2767242229e+03 1.6778157228e-01
1.2771357663e+03 1.6782980982e-01
1.2775494561e+03 1.6788111313e-01
1.2780045763e+03 1.6793862866e-01
1.2785037161e+03 1.6800390092e-01
1.2790761233e+03 1.6807718617e-01
1.2796835829e+03 1.6815416190e-01
1.2802981417e+03 1.6822856733e-01
1.2808744886e+03 1.6829661364e-01
1.2814278169e+03 1.6835874114e-01
1.2819340180e+03 1.6841438081e-01
1.2824117530e+03 1.6846454780e-01
1.2828529838e+03 1.6851064172e-01
1.2833013524e+03 1.6855685545e-01
1.2837349531e+03 1.6860305741e-01
1.2841636031e+03 1.6864886973e-01
1.2845954480e+03 1.6869699771e-01
1.2850768924e+03 1.6875071191e-01
1.2855773678e+03 1.6880761373e-01
1.2860638996e+03 1.6886119751e-01
1.2864793895e+03 1.6890608750e-01
1.2868549524e+03 1.6894473458e-01
1.2872093770e+03 1.6898231284e-01
1.2875974455e+03 1.6902420536e-01
1.2880129664e+03 1.6907152525e-01
1.2884756190e+03 1.6912477205e-01
1.2889401101e+03 1.6918031583e-01
1.2894062542e+03 1.6923605226e-01
1.2898437659e+03 1.6928953533e-01
1.2902672766e+03 1.6934015898e-01
1.2906521663e+03 1.6938685509e-01
1.2910312106e+03 1.6943172988e-01
1.2913952386e+03 1.6947464596e-01
1.2917698089e+03 1.6951591822e-01
1.2921346510e+03 1.6955538533e-01
1.2925101505e+03 1.6959461055e-01
1.2928695635e+03 1.6963231835e-01
1.2932220271e+03 1.6966718621e-01
1.2936418830e+03 1.6971072324e-01
1.2941419279e+03 1.6976381448e-01
1.2946268910e+03 1.6981737594e-01
1.2951053366e+03 1.6987037359e-01
1.2955793178e+03 1.6992470979e-01
1.2960902848e+03 1.6998378546e-01
1.2966120475e+03 1.7004654406e-01
1.2971303537e+03 1.7010924207e-01
1.2975892989e+03 1.7016666432e-01
1.2979943094e+03 1.7021730604e-01
1.2983499693e+03 1.7026330718e-01
1.2987027882e+03 1.7030754836e-01
1.2990641944e+03 1.7035240944e-01
1.2994533798e+03 1.7039791799e-01
1.2998522893e+03 1.7044371023e-01
1.3002784977e+03 1.7048985684e-01
1.3007004294e+03 1.7053429946e-01
1.3011360687e+03 1.7057805587e-01
1.3015941227e+03 1.7062563108e-01
1.3020935370e+03 1.7067825449e-01
1.3025833837e+03 1.7073136135e-01
1.3030705149e+03 1.7078334373e-01
1.3035656322e+03 1.7083751720e-01
1.3040901881e+03 1.7089487806e-01
1.3046074650e+03 1.7095297854e-01
1.3051357824e+03 1.7101203502e-01
1.3056607115e+03 1.7107195931e-01
1.3061979776e+03 1.7113269075e-01
1.3067272185e+03 1.7119404188e-01
1.3072690583e+03 1.7125689490e-01
1.3077964379e+03 1.7131970165e-01
1.3083066726e+03 1.7137950198e-01
1.3087592667e+03 1.7143277448e-01
1.3091826259e+03 1.7148117151e-01
1.3095816321e+03 1.7152778375e-01
1.3100006186e+03 1.7157630083e-01
1.3104245321e+03 1.7162634713e-01
1.3108770307e+03 1.7167836644e-01
1.3113425928e+03 1.7173252426e-01
1.3118286719e+03 1.7178801761e-01
1.3122875541e+03 1.7184068804e-01
1.3127361324e+03 1.7189015021e-01
1.3131821266e+03 1.7193938484e-01
1.3136619818e+03 1.7199142259e-01
1.3141388655e+03 1.7204405520e-01
1.3146091195e+03 1.7209480342e-01
1.3150451190e+03 1.7214231876e-01
1.3154937312e+03 1.7219081257e-01
1.3159501419e+03 1.7224213989e-01
1.3164180598e+03 1.7229484163e-01
1.3168594596e+03 1.7234628047e-01
1.3173269878e+03 1.7240136936e-01
1.3178376575e+03 1.7246451976e-01
1.3183883540e+03 1.7253291186e-01
1.3188976429e+03 1.7259742917e-01
1.3193811198e+03 1.7265707110e-01
1.3198511209e+03 1.7271475258e-01
1.3203442595e+03 1.7277244573e-01
1.3208235144e+03 1.7282710174e-01
1.3213221352e+03 1.7288073991e-01
1.3218325558e+03 1.7293504442e-01
1.3223535771e+03 1.7298897421e-01
1.3228260600e+03 1.7303828626e-01
1.3232670719e+03 1.7308330705e-01
1.3236764652e+03 1.7312563727e-01
1.3240849256e+03 1.7316695796e-01
1.3244669268e+03 1.7320676190e-01
1.3248537936e+03 1.7324729005e-01
1.3252309354e+03 1.7328828786e-01
1.3256183649e+03 1.7332957041e-01
1.3260407488e+03 1.7337637258e-01
1.3265169340e+03 1.7342975352e-01
1.3269614157e+03 1.7348134952e-01
1.3274242378e+03 1.7353452142e-01
1.3278920604e+03 1.7358882536e-01
1.3283652794e+03 1.7364214322e-01
1.3288193078e+03 1.7369389215e-01
1.3292788604e+03 1.7374555353e-01
1.3297230770e+03 1.7379692006e-01
1.3301685059e+03 1.7384793529e-01
1.3306013776e+03 1.7389853052e-01
1.3310394986e+03 1.7394857081e-01
1.3314553784e+03 1.7399691515e-01
1.3318704168e+03 1.7404435732e-01
1.3322841925e+03 1.7409251836e-01
1.3327309463e+03 1.7414277511e-01
1.3331978025e+03 1.7419521463e-01
1.3336986707e+03 1.7424987342e-01
1.3342016559e+03 1.7430525827e-01
1.3347138405e+03 1.7436019500e-01
1.3351978023e+03 1.7441229331e-01
1.3356486064e+03 1.7445968272e-01
1.3360438962e+03 1.7450284280e-01
1.3364467446e+03 1.7454809545e-01
1.3368825674e+03 1.7460041769e-01
1.3373597335e+03 1.7465798384e-01
1.3378005490e+03 1.7471242703e-01
1.3382043076e+03 1.7476131422e-01
1.3385781085e+03 1.7480747603e-01
1.3389740804e+03 1.7485461803e-01
1.3393998482e+03 1.7490455065e-01
1.3398923384e+03 1.7495893588e-01
1.3404186442e+03 1.7501617439e-01
1.3409782328e+03 1.7507510593e-01
1.3415245819e+03 1.7513285304e-01
1.3420583534e+03 1.7518767547e-01
1.3425472467e+03 1.7523783062e-01
1.3430250112e+03 1.7528598510e-01
1.3434858762e+03 1.7533414324e-01
1.3439460578e+03 1.7538242081e-01
1.3443782718e+03 1.7542925962e-01
1.3448193101e+03 1.7547672751e-01
1.3452454969e+03 1.7552372857e-01
1.3456864703e+03 1.7557174382e-01
1.3461248711e+03 1.7562088339e-01
1.3465843702e+03 1.7567225586e-01
1.3470347937e+03 1.7572414148e-01
1.3474988666e+03 1.7577657499e-01
1.3479583569e+03 1.7582875427e-01
1.3484319319e+03 1.7588099123e-01
1.3488961792e+03 1.7593368782e-01
1.3493832565e+03 1.7598980554e-01
1.3498660616e+03 1.7604809558e-01
1.3503734066e+03 1.7610895235e-01
1.3508829437e+03 1.7617080718e-01
1.3514053854e+03 1.7623274636e-01
1.3518828248e+03 1.7628988298e-01
1.3523426266e+03 1.7634352609e-01
1.3527878778e+03 1.7639587772e-01
1.3532411782e+03 1.7644713697e-01
1.3536562175e+03 1.7649345636e-01
1.3540755391e+03 1.7653795158e-01
1.3545000336e+03 1.7658304618e-01
1.3549548648e+03 1.7663014670e-01
1.3553973399e+03 1.7667715298e-01
1.3558487023e+03 1.7672582400e-01
1.3562906509e+03 1.7677677836e-01
1.3567527107e+03 1.7683123012e-01
1.3572257867e+03 1.7688941230e-01
1.3577552065e+03 1.7695411740e-01
1.3583014770e+03 1.7702197535e-01
1.3588495896e+03 1.7708812493e-01
1.3593420501e+03 1.7714668749e-01
1.3598149470e+03 1.7719954990e-01
1.3602458810e+03 1.7724621940e-01
1.3606521545e+03 1.7728704268e-01
1.3609888073e+03 1.7731900143e-01
1.3612789878e+03 1.7734318091e-01
1.3615192597e+03 1.7736192420e-01
1.3617707657e+03 1.7738127608e-01
1.3620203774e+03 1.7740203200e-01
1.3624589058e+03 1.7744563000e-01
1.3629289909e+03 1.7749553343e-01
1.3633707778e+03 1.7754271154e-01
1.3637884697e+03 1.7758893295e-01
1.3642122582e+03 1.7763411352e-01
1.3646373548e+03 1.7767955216e-01
1.3651121992e+03 1.7773030388e-01
1.3655997091e+03 1.7778492558e-01
1.3660893779e+03 1.7783971411e-01
1.3665617114e+03 1.7789366013e-01
1.3670569105e+03 1.7794916070e-01
1.3675353193e+03 1.7800364083e-01
1.3680057071e+03 1.7805677478e-01
1.3684589866e+03 1.7811048433e-01
1.3689067194e+03 1.7816398146e-01
1.3693050437e+03 1.7821318747e-01
1.3696728328e+03 1.7825727312e-01
1.3699986914e+03 1.7829643106e-01
1.3703220186e+03 1.7833321291e-01
1.3706387446e+03 1.7836978392e-01
1.3709973821e+03 1.7841056347e-01
1.3713690215e+03 1.7845380644e-01
1.3717669107e+03 1.7849778118e-01
1.3721805247e+03 1.7854282226e-01
1.3726374305e+03 1.7859097869e-01
1.3731045391e+03 1.7864184284e-01
1.3735834018e+03 1.7869427878e-01
1.3740399270e+03 1.7874623964e-01
1.3744983344e+03 1.7879805490e-01
1.3749214604e+03 1.7884727219e-01
1.3753341866e+03 1.7889518939e-01
1.3757271674e+03 1.7894305520e-01
1.3761395301e+03 1.7899274012e-01
1.3765596956e+03 1.7904350744e-01
1.3770217674e+03 1.7909603012e-01
1.3775169424e+03 1.7915111635e-01
1.3780586590e+03 1.7920863313e-01
1.3785870686e+03 1.7926397936e-01
1.3791071979e+03 1.7931608886e-01
1.3795815507e+03 1.7936321188e-01
1.3800497234e+03 1.7940869750e-01
1.3805017813e+03 1.7945375722e-01
1.3809715431e+03 1.7950023517e-01
1.3814283998e+03 1.7954681026e-01
1.3818841196e+03 1.7959325715e-01
1.3823306156e+03 1.7964116358e-01
1.3828190591e+03 1.7969424262e-01
1.3833265669e+03 1.7975116364e-01
1.3838697398e+03 1.7981142367e-01
1.3843941975e+03 1.7987076927e-01
1.3849253645e+03 1.7993025938e-01
1.3854362909e+03 1.7998846467e-01
1.3859384190e+03 1.8004404601e-01
1.3863894766e+03 1.8009434182e-01
1.3868333676e+03 1.8014348680e-01
1.3872658886e+03 1.8019366807e-01
1.3877310920e+03 1.8024766889e-01
1.3882080454e+03 1.8030484670e-01
1.3887269908e+03 1.8036679185e-01
1.3892438262e+03 1.8043015801e-01
1.3897776208e+03 1.8049442297e-01
1.3902826995e+03 1.8055578193e-01
1.3907752239e+03 1.8061408379e-01
1.3912257641e+03 1.8066813374e-01
1.3916737262e+03 1.8072024137e-01
1.3921074389e+03 1.8077092163e-01
1.3925638434e+03 1.8082248455e-01
1.3930014451e+03 1.8087223400e-01
1.3934323854e+03 1.8091914904e-01
1.3938308824e+03 1.8096212806e-01
1.3942564797e+03 1.8100662395e-01
1.3946871541e+03 1.8105281469e-01
1.3951307565e+03 1.8109988257e-01
1.3955359817e+03 1.8114430455e-01
1.3959314327e+03 1.8118796375e-01
1.3963030704e+03 1.8123139619e-01
1.3966884077e+03 1.8127545913e-01
1.3970582396e+03 1.8131716482e-01
1.3974475134e+03 1.8135798875e-01
1.3978242369e+03 1.8139676681e-01
1.3982121046e+03 1.8143456142e-01
1.3985686314e+03 1.8146855832e-01
1.3989225036e+03 1.8150027194e-01
1.3992472441e+03 1.8152911195e-01
1.3995841446e+03 1.8155814537e-01
1.4001757419e+03 1.8161967725e-01
1.4008171023e+03 1.8168708067e-01
1.4014218181e+03 1.8175267928e-01
1.4020180051e+03 1.8181772362e-01
1.4025838193e+03 1.8188135464e-01
1.4031573131e+03 1.8194530854e-01
1.4037079426e+03 1.8200758595e-01
1.4042540784e+03 1.8206789571e-01
1.4047935810e+03 1.8212821178e-01
1.4053832182e+03 1.8219302444e-01
1.4059806232e+03 1.8225958905e-01
1.4065817326e+03 1.8232577498e-01
1.4071687665e+03 1.8239257725e-01
1.4077845638e+03 1.8246317553e-01
1.4083813525e+03 1.8253362734e-01
1.4089687458e+03 1.8260265597e-01
1.4095098126e+03 1.8266812033e-01
1.4100403935e+03 1.8273206730e-01
1.4105367689e+03 1.8279344467e-01
1.4110266438e+03 1.8285252925e-01
1.4114674953e+03 1.8290598142e-01
1.4118782170e+03 1.8295385798e-01
1.4122469802e+03 1.8299734646e-01
1.4126054880e+03 1.8303794635e-01
1.4129338494e+03 1.8307526932e-01
1.4132916492e+03 1.8311428464e-01
1.4136866554e+03 1.8315833874e-01
1.4141755841e+03 1.8321196191e-01
1.4147280121e+03 1.8327336632e-01
1.4153359254e+03 1.8333897254e-01
1.4159302126e+03 1.8340325584e-01
1.4165180645e+03 1.8346584654e-01
1.4170664368e+03 1.8352607834e-01
1.4175887665e+03 1.8358369782e-01
1.4180561447e+03 1.8363703342e-01
1.4185137322e+03 1.8368795582e-01
1.4189471906e+03 1.8373581798e-01
1.4194138900e+03 1.8378511241e-01
1.4198866364e+03 1.8383514120e-01
1.4203809180e+03 1.8388540382e-01
1.4208522050e+03 1.8393277734e-01
1.4213404387e+03 1.8398020603e-01
1.4218189258e+03 1.8402760141e-01
1.4222954733e+03 1.8407420524e-01
1.4227263392e+03 1.8411733213e-01
1.4231715818e+03 1.8416211851e-01
1.4236214376e+03 1.8420996587e-01
1.4241012162e+03 1.8426160411e-01
1.4245594934e+03 1.8431254566e-01
1.4250479023e+03 1.8436600591e-01
1.4255687993e+03 1.8442436669e-01
1.4261528558e+03 1.8448891840e-01
1.4267216854e+03 1.8455226654e-01
1.4272851324e+03 1.8461336702e-01
1.4278273958e+03 1.8467337525e-01
1.4283945421e+03 1.8473613958e-01
1.4289219855e+03 1.8479600600e-01
1.4294259587e+03 1.8485235251e-01
1.4299029313e+03 1.8490774412e-01
1.4304172380e+03 1.8496844291e-01
1.4309152372e+03 1.8503009082e-01
1.4314052919e+03 1.8509019097e-01
1.4318512705e+03 1.8514554308e-01
1.4322990410e+03 1.8519885811e-01
1.4327218293e+03 1.8524947877e-01
1.4331658835e+03 1.8530103529e-01
1.4336045062e+03 1.8535282925e-01
1.4340569454e+03 1.8540457725e-01
1.4344636597e+03 1.8545111808e-01
1.4348665362e+03 1.8549480685e-01
1.4352640964e+03 1.8553763265e-01
1.4357052106e+03 1.8558315687e-01
1.4361307680e+03 1.8562669859e-01
1.4365597345e+03 1.8566835858e-01
1.4369596926e+03 1.8570718773e-01
1.4374304160e+03 1.8575422535e-01
1.4380813712e+03 1.8582654550e-01
1.4387018283e+03 1.8589606615e-01
1.4392819734e+03 1.8596246547e-01
1.4398724695e+03 1.8602798839e-01
1.4404445082e+03 1.8609137355e-01
1.4410147136e+03 1.8615267338e-01
1.4415479957e+03 1.8620997307e-01
1.4420920617e+03 1.8626615360e-01
1.4426221882e+03 1.8632037120e-01
1.4431677100e+03 1.8637428389e-01
1.4436930299e+03 1.8642707332e-01
1.4442216603e+03 1.8648009608e-01
1.4447113141e+03 1.8653109671e-01
1.4451947553e+03 1.8658169001e-01
1.4456600903e+03 1.8663272911e-01
1.4461510937e+03 1.8668647813e-01
1.4466154115e+03 1.8673806035e-01
1.4470697291e+03 1.8678662157e-01
1.4475007173e+03 1.8683333379e-01
1.4479799223e+03 1.8688499350e-01
1.4484701119e+03 1.8693963878e-01
1.4489676090e+03 1.8699426614e-01
1.4494015772e+03 1.8704254333e-01
1.4497957620e+03 1.8708479519e-01
1.4501277313e+03 1.8712114034e-01
1.4504433593e+03 1.8715554228e-01
1.4507253434e+03 1.8718897528e-01
1.4510172768e+03 1.8722415944e-01
1.4513172216e+03 1.8726281632e-01
1.4516713295e+03 1.8730721113e-01
1.4520373056e+03 1.8735334030e-01
1.4524485147e+03 1.8740192417e-01
1.4528660063e+03 1.8745090190e-01
1.4533214849e+03 1.8750257852e-01
1.4537941390e+03 1.8755754047e-01
1.4543473859e+03 1.8762093860e-01
1.4549472782e+03 1.8769049575e-01
1.4555814870e+03 1.8776148634e-01
1.4561997974e+03 1.8783011132e-01
1.4568423931e+03 1.8789919417e-01
1.4574655953e+03 1.8796655754e-01
1.4580775131e+03 1.8803114442e-01
1.4586247070e+03 1.8808934217e-01
1.4591605289e+03 1.8814555391e-01
1.4596662131e+03 1.8819988408e-01
1.4601786445e+03 1.8825367189e-01
1.4606410374e+03 1.8830210787e-01
1.4610719235e+03 1.8834537595e-01
1.4614492242e+03 1.8838396975e-01
1.4618327273e+03 1.8842229523e-01
1.4621912858e+03 1.8845773503e-01
1.4625632567e+03 1.8849160422e-01
1.4629292523e+03 1.8852491050e-01
1.4633439693e+03 1.8856335205e-01
1.4637499262e+03 1.8860320176e-01
1.4641632300e+03 1.8864381932e-01
1.4645548112e+03 1.8868401006e-01
1.4649881429e+03 1.8872880253e-01
1.4654284191e+03 1.8877598908e-01
1.4659656498e+03 1.8883371221e-01
1.4665361556e+03 1.8889713204e-01
1.4670866286e+03 1.8895779593e-01
1.4675801368e+03 1.8901369751e-01
1.4680726060e+03 1.8906849544e-01
1.4685534740e+03 1.8912294038e-01
1.4690396465e+03 1.8917663713e-01
1.4694795255e+03 1.8922647029e-01
1.4699101174e+03 1.8927522282e-01
1.4703885362e+03 1.8933269861e-01
1.4709416316e+03 1.8939937602e-01
1.4714928096e+03 1.8946811562e-01
1.4720633197e+03 1.8953856303e-01
1.4725908829e+03 1.8960492691e-01
1.4731045452e+03 1.8966704177e-01
1.4735887246e+03 1.8972492095e-01
1.4740977312e+03 1.8978283293e-01
1.4745690301e+03 1.8983631199e-01
1.4750349724e+03 1.8988721831e-01
1.4754701103e+03 1.8993507572e-01
1.4759233156e+03 1.8998302057e-01
1.4763457023e+03 1.9002756573e-01
1.4767749159e+03 1.9007080032e-01
1.4772014350e+03 1.9011440065e-01
1.4776824166e+03 1.9016280833e-01
1.4781519419e+03 1.9021070030e-01
1.4787772590e+03 1.9027591963e-01
1.4794004640e+03 1.9034228652e-01
1.4800414057e+03 1.9040981338e-01
1.4806541620e+03 1.9047557938e-01
1.4812552597e+03 1.9053885096e-01
1.4818180596e+03 1.9059861787e-01
1.4823834434e+03 1.9065704671e-01
1.4829126335e+03 1.9071236126e-01
1.4834437273e+03 1.9076702541e-01
1.4839532320e+03 1.9082055056e-01
1.4845017240e+03 1.9087698611e-01
1.4850590540e+03 1.9093497396e-01
1.4856565405e+03 1.9099627156e-01
1.4862575155e+03 1.9106000187e-01
1.4868969292e+03 1.9112816910e-01
1.4875297315e+03 1.9119758321e-01
1.4881810431e+03 1.9126840815e-01
1.4887880384e+03 1.9133597168e-01
1.4893897349e+03 1.9140284225e-01
1.4899627627e+03 1.9146869772e-01
1.4905602744e+03 1.9153669730e-01
1.4911344237e+03 1.9160343876e-01
1.4917043294e+03 1.9166887170e-01
1.4922272573e+03 1.9173063030e-01
1.4927593116e+03 1.9179257392e-01
1.4932611316e+03 1.9185202988e-01
1.4937806183e+03 1.9191219570e-01
1.4942921917e+03 1.9197292019e-01
1.4948565854e+03 1.9203911825e-01
1.4954350621e+03 1.9210890207e-01
1.4960432169e+03 1.9218150244e-01
1.4966292942e+03 1.9225302405e-01
1.4972376981e+03 1.9232521166e-01
1.4978439096e+03 1.9239684816e-01
1.4984733839e+03 1.9246789811e-01
1.4990622186e+03 1.9253328746e-01
1.4996568067e+03 1.9259653430e-01
1.5002197905e+03 1.9265671716e-01
1.5007895190e+03 1.9271671247e-01
1.5013083119e+03 1.9277228261e-01
1.5018137101e+03 1.9282455185e-01
1.5022944834e+03 1.9287411691e-01
1.5028106418e+03 1.9292550069e-01
1.5033087602e+03 1.9297550349e-01
1.5037891870e+03 1.9302188465e-01
1.5042027214e+03 1.9306157694e-01
1.5046239405e+03 1.9310114160e-01
1.5050204400e+03 1.9313937231e-01
1.5054268334e+03 1.9317759935e-01
1.5057950058e+03 1.9321261821e-01
1.5061968105e+03 1.9325096726e-01
1.5066308618e+03 1.9329590890e-01
1.5072262652e+03 1.9336016405e-01
1.5079411801e+03 1.9344006359e-01
1.5086619261e+03 1.9351816114e-01
1.5093511609e+03 1.9359279728e-01
1.5100292201e+03 1.9366455802e-01
1.5106146482e+03 1.9372680258e-01
1.5111456727e+03 1.9378176888e-01
1.5115950247e+03 1.9382892797e-01
1.5120339577e+03 1.9387437249e-01
1.5124543424e+03 1.9392002396e-01
1.5129049110e+03 1.9396913982e-01
1.5133342679e+03 1.9401798616e-01
1.5137890615e+03 1.9406898365e-01
1.5142618677e+03 1.9412334988e-01
1.5147981757e+03 1.9418384621e-01
1.5153331794e+03 1.9424608130e-01
1.5158874841e+03 1.9431035974e-01
1.5164129567e+03 1.9437297232e-01
1.5169530376e+03 1.9443544704e-01
1.5174451500e+03 1.9449287598e-01
1.5178997304e+03 1.9454462216e-01
1.5182926954e+03 1.9459120756e-01
1.5187040141e+03 1.9463895158e-01
1.5191330501e+03 1.9468905894e-01
1.5196261419e+03 1.9474349630e-01
1.5201207308e+03 1.9479748670e-01
1.5206416824e+03 1.9485193714e-01
1.5211382396e+03 1.9490399979e-01
1.5216601043e+03 1.9495754386e-01
1.5221993093e+03 1.9501509143e-01
1.5228127698e+03 1.9508083808e-01
1.5234214409e+03 1.9514724540e-01
1.5240350539e+03 1.9521192753e-01
1.5246309494e+03 1.9527486521e-01
1.5252619885e+03 1.9533994158e-01
1.5258335795e+03 1.9539858284e-01
1.5263696268e+03 1.9545106275e-01
1.5268564669e+03 1.9549892256e-01
1.5273716840e+03 1.9554921580e-01
1.5278626461e+03 1.9559879808e-01
1.5283597862e+03 1.9564896663e-01
1.5288272154e+03 1.9569830441e-01
1.5293271353e+03 1.9575112737e-01
1.5298078883e+03 1.9580324995e-01
1.5303138324e+03 1.9585687261e-01
1.5308098061e+03 1.9591055526e-01
1.5313308267e+03 1.9596548915e-01
1.5318066495e+03 1.9601561300e-01
1.5322999048e+03 1.9606596982e-01
1.5327949291e+03 1.9611842022e-01
1.5333278466e+03 1.9617529367e-01
1.5338346220e+03 1.9623179195e-01
1.5343767876e+03 1.9629246746e-01
1.5349242150e+03 1.9635633231e-01
1.5354930097e+03 1.9642187499e-01
1.5360096137e+03 1.9648186041e-01
1.5365254422e+03 1.9653913765e-01
1.5370323085e+03 1.9659639501e-01
1.5376040286e+03 1.9666099966e-01
1.5381931664e+03 1.9673005697e-01
1.5388266371e+03 1.9680288337e-01
1.5394339358e+03 1.9687309601e-01
1.5400428557e+03 1.9694166155e-01
1.5406084890e+03 1.9700679632e-01
1.5411735221e+03 1.9707082067e-01
1.5416903109e+03 1.9713005897e-01
1.5422027843e+03 1.9718634677e-01
1.5426744077e+03 1.9723820841e-01
1.5431654342e+03 1.9729036824e-01
1.5436312910e+03 1.9734023863e-01
1.5441140895e+03 1.9738982095e-01
1.5445598936e+03 1.9743556028e-01
1.5450024270e+03 1.9747889986e-01
1.5453888326e+03 1.9751634689e-01
1.5457754607e+03 1.9755185459e-01
1.5461505902e+03 1.9758719549e-01
1.5465884904e+03 1.9762875038e-01
1.5470249566e+03 1.9767140381e-01
1.5474873890e+03 1.9771524441e-01
1.5479348824e+03 1.9775829220e-01
1.5484217550e+03 1.9780451200e-01
1.5490848818e+03 1.9787348239e-01
1.5497105785e+03 1.9793770058e-01
1.5502888022e+03 1.9799955611e-01
1.5508953322e+03 1.9806524402e-01
1.5514670009e+03 1.9812909979e-01
1.5520647372e+03 1.9819461487e-01
1.5526688082e+03 1.9826188008e-01
1.5533218787e+03 1.9833331246e-01
1.5539474721e+03 1.9840273124e-01
1.5545695335e+03 1.9846978999e-01
1.5551377547e+03 1.9853084927e-01
1.5557155305e+03 1.9859103493e-01
1.5562736417e+03 1.9865101666e-01
1.5568804103e+03 1.9871736665e-01
1.5574693002e+03 1.9878520249e-01
1.5580628945e+03 1.9885389666e-01
1.5586053753e+03 1.9891857907e-01
1.5591660260e+03 1.9898348056e-01
1.5597106198e+03 1.9904649048e-01
1.5602674251e+03 1.9910818995e-01
1.5607698275e+03 1.9916428740e-01
1.5612642033e+03 1.9921818146e-01
1.5617113507e+03 1.9926815569e-01
1.5621934311e+03 1.9932098522e-01
1.5626807995e+03 1.9937557013e-01
1.5632293613e+03 1.9943564422e-01
1.5637776959e+03 1.9949702331e-01
1.5643440809e+03 1.9955939473e-01
1.5648579565e+03 1.9961701613e-01
1.5653709551e+03 1.9967261964e-01
1.5658700685e+03 1.9972716100e-01
1.5664183711e+03 1.9978508126e-01
1.5669469754e+03 1.9984074091e-01
1.5674899890e+03 1.9989523064e-01
1.5679963554e+03 1.9994550377e-01
1.5685212198e+03 1.9999589604e-01
1.5690361995e+03 2.0004668776e-01
1.5696054553e+03 2.0010307238e-01
1.5701663040e+03 2.0016002052e-01
1.5707183572e+03 2.0021377308e-01
1.5712110641e+03 2.0026096890e-01
1.5717200570e+03 2.0030825535e-01
1.5722185781e+03 2.0035606699e-01
1.5727731617e+03 2.0041045470e-01
1.5733398749e+03 2.0046994383e-01
1.5739559274e+03 2.0053611237e-01
1.5745583231e+03 2.0060360345e-01
1.5751884386e+03 2.0067339972e-01
1.5757946665e+03 2.0074132630e-01
1.5764045043e+03 2.0080724278e-01
1.5769564223e+03 2.0086695912e-01
1.5775086118e+03 2.0092511573e-01
1.5780424795e+03 2.0098253927e-01
1.5786326382e+03 2.0104484104e-01
1.5792169624e+03 2.0110755047e-01
1.5798203714e+03 2.0117170221e-01
1.5804058857e+03 2.0123702454e-01
1.5810297845e+03 2.0130733464e-01
1.5816189347e+03 2.0137568077e-01
1.5822157345e+03 2.0144341585e-01
1.5828058964e+03 2.0151162435e-01
1.5834439251e+03 2.0158381698e-01
1.5840333458e+03 2.0165115640e-01
1.5845986316e+03 2.0171414527e-01
1.5851146668e+03 2.0177338302e-01
1.5856614248e+03 2.0183527306e-01
1.5862014768e+03 2.0189709801e-01
1.5867666674e+03 2.0195892937e-01
1.5872770224e+03 2.0201400837e-01
1.5877470048e+03 2.0206173905e-01
1.5881534487e+03 2.0210340850e-01
1.5885776651e+03 2.0214668336e-01
1.5889846399e+03 2.0218989200e-01
1.5894255699e+03 2.0223507629e-01
1.5899691376e+03 2.0229241359e-01
1.5905555011e+03 2.0235208165e-01
1.5911276869e+03 2.0241032215e-01
1.5917438236e+03 2.0247103920e-01
1.5923532405e+03 2.0253129198e-01
1.5930087595e+03 2.0259551178e-01
1.5936644407e+03 2.0266240126e-01
1.5943734297e+03 2.0273562450e-01
1.5950770229e+03 2.0281025665e-01
1.5958384691e+03 2.0289003984e-01
1.5965890108e+03 2.0296950689e-01
1.5973673088e+03 2.0305105311e-01
1.5980835263e+03 2.0312753844e-01
1.5987788436e+03 2.0320123208e-01
1.5994125166e+03 2.0326995217e-01
1.6000635154e+03 2.0334012904e-01
1.6006926053e+03 2.0341017156e-01
1.6013413393e+03 2.0348183092e-01
1.6019458071e+03 2.0354938784e-01
1.6025735691e+03 2.0361702857e-01
1.6031515754e+03 2.0367875147e-01
1.6037343135e+03 2.0373903963e-01
1.6042757086e+03 2.0379639486e-01
1.6048553043e+03 2.0385833077e-01
1.6054301768e+03 2.0392290564e-01
1.6060275864e+03 2.0398985487e-01
1.6065928501e+03 2.0405444648e-01
1.6071842590e+03 2.0412011389e-01
1.6077341184e+03 2.0418180597e-01
1.6082923984e+03 2.0424355284e-01
1.6088282511e+03 2.0430500137e-01
1.6094088566e+03 2.0437079128e-01
1.6099706153e+03 2.0443549077e-01
1.6105335439e+03 2.0449840455e-01
1.6110382419e+03 2.0455565063e-01
1.6115503563e+03 2.0461199467e-01
1.6120851650e+03 2.0467187433e-01
1.6127127010e+03 2.0474056300e-01
1.6133386163e+03 2.0480994349e-01
1.6139607975e+03 2.0487684789e-01
1.6145295215e+03 2.0493803193e-01
1.6151230221e+03 2.0499978435e-01
1.6157282731e+03 2.0506397579e-01
1.6163888412e+03 2.0513279409e-01
1.6170263986e+03 2.0519907532e-01
1.6176396998e+03 2.0525901098e-01
1.6181770970e+03 2.0530986804e-01
1.6187259715e+03 2.0536044862e-01
1.6192880270e+03 2.0541489239e-01
1.6198998624e+03 2.0547488383e-01
1.6206015795e+03 2.0554772280e-01
1.6212552102e+03 2.0561406413e-01
1.6218086391e+03 2.0567044394e-01
1.6223971711e+03 2.0572958869e-01
1.6229866154e+03 2.0579007722e-01
1.6236310449e+03 2.0585596453e-01
1.6242411218e+03 2.0592047142e-01
1.6248695097e+03 2.0598752574e-01
1.6254568651e+03 2.0605229889e-01
1.6260632254e+03 2.0611793344e-01
1.6266131775e+03 2.0617767942e-01
1.6271745790e+03 2.0623688160e-01
1.6277008445e+03 2.0629297510e-01
1.6282599685e+03 2.0635107307e-01
1.6287940381e+03 2.0640748675e-01
1.6293636085e+03 2.0646737334e-01
1.6298986804e+03 2.0652568907e-01
1.6304407475e+03 2.0658420412e-01
1.6309579798e+03 2.0664159955e-01
1.6315303751e+03 2.0670455136e-01
1.6321050673e+03 2.0676989560e-01
1.6327183184e+03 2.0683913650e-01
1.6333057610e+03 2.0690704753e-01
1.6339080561e+03 2.0697487218e-01
1.6344581627e+03 2.0703706162e-01
1.6350109695e+03 2.0709786810e-01
1.6355265588e+03 2.0715609123e-01
1.6360550567e+03 2.0721501102e-01
1.6365466750e+03 2.0727064541e-01
1.6370836007e+03 2.0732937350e-01
1.6376501128e+03 2.0739190535e-01
1.6382971290e+03 2.0746187113e-01
1.6389437872e+03 2.0753246280e-01
1.6396108546e+03 2.0760355342e-01
1.6402288144e+03 2.0766892956e-01
1.6408397041e+03 2.0773078485e-01
1.6414014764e+03 2.0778674265e-01
1.6419845483e+03 2.0784342030e-01
1.6425699186e+03 2.0790116502e-01
1.6432075511e+03 2.0796356459e-01
1.6438397133e+03 2.0802623801e-01
1.6444912999e+03 2.0809042724e-01
1.6451167309e+03 2.0815360015e-01
1.6457557834e+03 2.0821853529e-01
1.6463702149e+03 2.0828225669e-01
1.6470006211e+03 2.0834653155e-01
1.6475993114e+03 2.0840728422e-01
1.6481681999e+03 2.0846323410e-01
1.6486537076e+03 2.0851075015e-01
1.6491260505e+03 2.0855676587e-01
1.6496146449e+03 2.0860642383e-01
1.6501982504e+03 2.0866704858e-01
1.6508444424e+03 2.0873689355e-01
1.6515843164e+03 2.0881803527e-01
1.6522873182e+03 2.0889605958e-01
1.6530200211e+03 2.0897605514e-01
1.6537356198e+03 2.0905394304e-01
1.6544851135e+03 2.0913457092e-01
1.6552043712e+03 2.0921280701e-01
1.6559503921e+03 2.0929391078e-01
1.6566579133e+03 2.0937207851e-01
1.6573843836e+03 2.0945268023e-01
1.6580881805e+03 2.0953233899e-01
1.6588097083e+03 2.0961330394e-01
1.6594775762e+03 2.0968749989e-01
1.6601564914e+03 2.0976103877e-01
1.6608383939e+03 2.0983504220e-01
1.6615921837e+03 2.0991743690e-01
1.6623562039e+03 2.1000302042e-01
1.6631457462e+03 2.1009261134e-01
1.6638914777e+03 2.1017785010e-01
1.6646256977e+03 2.1025960262e-01
1.6653276307e+03 2.1033596181e-01
1.6660571730e+03 2.1041423812e-01
1.6667912449e+03 2.1049386605e-01
1.6675560577e+03 2.1057648032e-01
1.6682790430e+03 2.1065328847e-01
1.6689815080e+03 2.1072556287e-01
1.6696412294e+03 2.1079254718e-01
1.6703253757e+03 2.1086196131e-01
1.6710119846e+03 2.1093211374e-01
1.6717203698e+03 2.1100368151e-01
1.6724060601e+03 2.1107231166e-01
1.6730973981e+03 2.1114062170e-01
1.6737674731e+03 2.1120713772e-01
1.6744292978e+03 2.1127248350e-01
1.6750301579e+03 2.1133148307e-01
1.6756135667e+03 2.1138799915e-01
1.6761794411e+03 2.1144341878e-01
1.6767630773e+03 2.1150096738e-01
1.6773726253e+03 2.1156334364e-01
