# Incompressible form of Friction coefficient and Re_theta_i
# Columns: Re_theta_i   Cf_i
6.6062842072e+02 4.7590261135e-03
6.6098446465e+02 4.7576899639e-03
6.6130789219e+02 4.7563285947e-03
6.6161246263e+02 4.7551666152e-03
6.6190835193e+02 4.7544344789e-03
6.6220266241e+02 4.7544221289e-03
6.6249230517e+02 4.7550390582e-03
6.6277682586e+02 4.7556114495e-03
6.6304642412e+02 4.7558336631e-03
6.6330302680e+02 4.7557968252e-03
6.6355981571e+02 4.7554433406e-03
6.6382019081e+02 4.7550985495e-03
6.6407473976e+02 4.7546491591e-03
6.6431728288e+02 4.7541172137e-03
6.6454564338e+02 4.7535120708e-03
6.6476882023e+02 4.7525473452e-03
6.6499335842e+02 4.7512970722e-03
6.6521959240e+02 4.7497248402e-03
6.6543513971e+02 4.7481165126e-03
6.6562458354e+02 4.7466988671e-03
6.6587551283e+02 4.7455947971e-03
6.6618926572e+02 4.7452138093e-03
6.6647054960e+02 4.7452768426e-03
6.6671346252e+02 4.7457333158e-03
6.6693909433e+02 4.7463886861e-03
6.6715833747e+02 4.7471347662e-03
6.6736840038e+02 4.7480026596e-03
6.6756485143e+02 4.7486810905e-03
6.6774796861e+02 4.7491194630e-03
6.6796700715e+02 4.7489915709e-03
6.6830594591e+02 4.7481876776e-03
6.6862867886e+02 4.7469752701e-03
6.6893066424e+02 4.7452927101e-03
6.6923120633e+02 4.7437923064e-03
6.6952954919e+02 4.7426467430e-03
6.6982320057e+02 4.7419885116e-03
6.7010520752e+02 4.7415321921e-03
6.7036393562e+02 4.7411947925e-03
6.7058815006e+02 4.7411171946e-03
6.7077625935e+02 4.7411276241e-03
6.7095630149e+02 4.7410060928e-03
6.7113574904e+02 4.7403971618e-03
6.7130916182e+02 4.7395385116e-03
6.7147304903e+02 4.7384177568e-03
6.7163540951e+02 4.7371406144e-03
6.7180872667e+02 4.7360496330e-03
6.7200219747e+02 4.7349848253e-03
6.7221999402e+02 4.7344147046e-03
6.7245884869e+02 4.7340572190e-03
6.7268791157e+02 4.7338706306e-03
6.7289199066e+02 4.7338860883e-03
6.7308400813e+02 4.7336709263e-03
6.7328310956e+02 4.7335222334e-03
6.7350009833e+02 4.7335200620e-03
6.7372639364e+02 4.7337349248e-03
6.7396032747e+02 4.7341250019e-03
6.7419455985e+02 4.7341582135e-03
6.7442361095e+02 4.7343994841e-03
6.7464523230e+02 4.7346612555e-03
6.7484989996e+02 4.7351213619e-03
6.7501688872e+02 4.7354708625e-03
6.7513294793e+02 4.7354265624e-03
6.7520015220e+02 4.7350300071e-03
6.7523388543e+02 4.7344110641e-03
6.7540642290e+02 4.7339615775e-03
6.7562499725e+02 4.7336292782e-03
6.7582857503e+02 4.7332706089e-03
6.7602897846e+02 4.7328959962e-03
6.7622547544e+02 4.7322548834e-03
6.7638886973e+02 4.7313894539e-03
6.7649845839e+02 4.7299869365e-03
6.7666466840e+02 4.7286006692e-03
6.7695165054e+02 4.7273838276e-03
6.7721624076e+02 4.7265224906e-03
6.7746895198e+02 4.7258018004e-03
6.7770537860e+02 4.7247159749e-03
6.7791994091e+02 4.7237428513e-03
6.7812327698e+02 4.7228653464e-03
6.7830771369e+02 4.7221344801e-03
6.7846484386e+02 4.7214317509e-03
6.7860497513e+02 4.7205823304e-03
6.7876260559e+02 4.7201532500e-03
6.7894855089e+02 4.7196566447e-03
6.7914227854e+02 4.7190935410e-03
6.7933813203e+02 4.7184782404e-03
6.7953568012e+02 4.7178843095e-03
6.7975374785e+02 4.7174449135e-03
6.7998813842e+02 4.7167525202e-03
6.8022571080e+02 4.7158695803e-03
6.8046695442e+02 4.7149440994e-03
6.8072248226e+02 4.7139949758e-03
6.8099761709e+02 4.7132673258e-03
6.8128788336e+02 4.7124804596e-03
6.8158891558e+02 4.7116393774e-03
6.8189721274e+02 4.7105720522e-03
6.8219938879e+02 4.7092792395e-03
6.8250018591e+02 4.7080162586e-03
6.8279750973e+02 4.7067771631e-03
6.8307511387e+02 4.7057483999e-03
6.8332777264e+02 4.7048330917e-03
6.8356811447e+02 4.7041009608e-03
6.8380908966e+02 4.7036034574e-03
6.8405510398e+02 4.7030179003e-03
6.8430968016e+02 4.7026095588e-03
6.8457103968e+02 4.7022710949e-03
6.8481756020e+02 4.7019396525e-03
6.8503624640e+02 4.7017178432e-03
6.8523595400e+02 4.7016152606e-03
6.8542652753e+02 4.7016828029e-03
6.8559812047e+02 4.7017701600e-03
6.8573895670e+02 4.7018820036e-03
6.8584376688e+02 4.7019813412e-03
6.8591787961e+02 4.7018732197e-03
6.8623822828e+02 4.7013706417e-03
6.8657102173e+02 4.7004656249e-03
6.8687875439e+02 4.6997014598e-03
6.8716333414e+02 4.6991783265e-03
6.8743423872e+02 4.6989334448e-03
6.8767934841e+02 4.6985347106e-03
6.8786663551e+02 4.6977565900e-03
6.8800212715e+02 4.6967190712e-03
6.8812520881e+02 4.6958155572e-03
6.8825460624e+02 4.6952660494e-03
6.8838656248e+02 4.6949471784e-03
6.8852393347e+02 4.6946755452e-03
6.8869051548e+02 4.6946923969e-03
6.8887536478e+02 4.6947873053e-03
6.8905570307e+02 4.6947023447e-03
6.8923534623e+02 4.6945961703e-03
6.8942395301e+02 4.6944147150e-03
6.8962143546e+02 4.6944621026e-03
6.8981381373e+02 4.6949091497e-03
6.9001342311e+02 4.6954988022e-03
6.9023611864e+02 4.6961910056e-03
6.9047727330e+02 4.6964259029e-03
6.9072765187e+02 4.6959629355e-03
6.9097671306e+02 4.6949149753e-03
6.9122311121e+02 4.6935165629e-03
6.9146849309e+02 4.6921658782e-03
6.9171195787e+02 4.6907561894e-03
6.9194745013e+02 4.6894352420e-03
6.9217424666e+02 4.6884555174e-03
6.9239762195e+02 4.6873896926e-03
6.9261390920e+02 4.6864293379e-03
6.9281908130e+02 4.6854081276e-03
6.9302141053e+02 4.6846841649e-03
6.9323317717e+02 4.6842915144e-03
6.9346189430e+02 4.6839576133e-03
6.9370462352e+02 4.6839162716e-03
6.9396607877e+02 4.6838447874e-03
6.9424201951e+02 4.6838806653e-03
6.9452210587e+02 4.6839839053e-03
6.9479518761e+02 4.6837806210e-03
6.9505823003e+02 4.6833884599e-03
6.9531470883e+02 4.6826487666e-03
6.9556058468e+02 4.6820670239e-03
6.9577718475e+02 4.6815436413e-03
6.9595705456e+02 4.6808109993e-03
6.9611196860e+02 4.6800546352e-03
6.9626593938e+02 4.6794210385e-03
6.9643397790e+02 4.6793886888e-03
6.9660184703e+02 4.6795825156e-03
6.9676222569e+02 4.6796599241e-03
6.9691645427e+02 4.6796024118e-03
6.9707932662e+02 4.6789216383e-03
6.9725374817e+02 4.6779506333e-03
6.9743959286e+02 4.6764236051e-03
6.9763781903e+02 4.6750381655e-03
6.9785922224e+02 4.6741189890e-03
6.9811199202e+02 4.6735606603e-03
6.9838619187e+02 4.6735014452e-03
6.9865366113e+02 4.6734139517e-03
6.9890972367e+02 4.6733126526e-03
6.9915965026e+02 4.6731110787e-03
6.9940285933e+02 4.6729797453e-03
6.9963080324e+02 4.6732583892e-03
6.9984780374e+02 4.6737004512e-03
7.0005422979e+02 4.6741189073e-03
7.0024746247e+02 4.6742370238e-03
7.0041970230e+02 4.6739194414e-03
7.0058362705e+02 4.6733718749e-03
7.0075398154e+02 4.6726738240e-03
7.0093937934e+02 4.6716856311e-03
7.0114266817e+02 4.6707623381e-03
7.0135447994e+02 4.6698008277e-03
7.0155947736e+02 4.6690740881e-03
7.0175218806e+02 4.6683348004e-03
7.0194150596e+02 4.6675806364e-03
7.0214847942e+02 4.6670049208e-03
7.0237264810e+02 4.6664741588e-03
7.0260656483e+02 4.6659214538e-03
7.0283323176e+02 4.6652071234e-03
7.0304238854e+02 4.6644970915e-03
7.0324066943e+02 4.6638190567e-03
7.0351506303e+02 4.6633659794e-03
7.0381988693e+02 4.6632156418e-03
7.0412902617e+02 4.6631507870e-03
7.0445213347e+02 4.6631354864e-03
7.0477930476e+02 4.6626979855e-03
7.0509642828e+02 4.6622325833e-03
7.0540055951e+02 4.6617814516e-03
7.0568846795e+02 4.6614692585e-03
7.0595105367e+02 4.6615428948e-03
7.0620114491e+02 4.6617821142e-03
7.0645139151e+02 4.6621325458e-03
7.0668746201e+02 4.6623556175e-03
7.0690076982e+02 4.6623090968e-03
7.0710266940e+02 4.6620294774e-03
7.0732416133e+02 4.6613206020e-03
7.0756554738e+02 4.6605188917e-03
7.0779976484e+02 4.6594610009e-03
7.0802320109e+02 4.6583889898e-03
7.0823871793e+02 4.6576936887e-03
7.0845097929e+02 4.6569788997e-03
7.0864987938e+02 4.6562724812e-03
7.0882730194e+02 4.6554136013e-03
7.0898906732e+02 4.6546178873e-03
7.0914247145e+02 4.6539346583e-03
7.0930547878e+02 4.6530916150e-03
7.0947356686e+02 4.6523079691e-03
7.0962775772e+02 4.6515906437e-03
7.0977486955e+02 4.6512817238e-03
7.0994092104e+02 4.6513266106e-03
7.1013455370e+02 4.6514247826e-03
7.1034395575e+02 4.6516021966e-03
7.1055062648e+02 4.6515995242e-03
7.1075163961e+02 4.6513884509e-03
7.1094927832e+02 4.6510068859e-03
7.1115226709e+02 4.6501899029e-03
7.1136636582e+02 4.6493378957e-03
7.1158446925e+02 4.6482940667e-03
7.1179946098e+02 4.6471442205e-03
7.1200792843e+02 4.6461316459e-03
7.1220497018e+02 4.6454360296e-03
7.1239934723e+02 4.6455279342e-03
7.1260722239e+02 4.6459218822e-03
7.1281587077e+02 4.6462341705e-03
7.1299048491e+02 4.6463369081e-03
7.1311775624e+02 4.6459559057e-03
7.1322244651e+02 4.6455405756e-03
7.1333300263e+02 4.6448183071e-03
7.1344514910e+02 4.6439113333e-03
7.1355906260e+02 4.6427012877e-03
7.1367156795e+02 4.6415471433e-03
7.1402923748e+02 4.6410415187e-03
7.1436656955e+02 4.6410696346e-03
7.1466815983e+02 4.6414529443e-03
7.1493786048e+02 4.6416177566e-03
7.1516952075e+02 4.6413568034e-03
7.1536695799e+02 4.6409776327e-03
7.1555755530e+02 4.6404062262e-03
7.1573867385e+02 4.6399263517e-03
7.1588560814e+02 4.6389219276e-03
7.1599275102e+02 4.6374817832e-03
7.1607228287e+02 4.6356118328e-03
7.1615076136e+02 4.6336342960e-03
7.1624405523e+02 4.6320100431e-03
7.1637750097e+02 4.6307228155e-03
7.1658359340e+02 4.6300222414e-03
7.1678404664e+02 4.6298073866e-03
7.1706297779e+02 4.6298480022e-03
7.1735051551e+02 4.6297854790e-03
7.1762705685e+02 4.6294362820e-03
7.1790119088e+02 4.6289230160e-03
7.1817728238e+02 4.6285125954e-03
7.1845302165e+02 4.6284432914e-03
7.1871609097e+02 4.6286698442e-03
7.1896613736e+02 4.6290137552e-03
7.1920840213e+02 4.6289631781e-03
7.1946223391e+02 4.6286714757e-03
7.1974447756e+02 4.6285520212e-03
7.2004877662e+02 4.6288380837e-03
7.2036758694e+02 4.6293899085e-03
7.2070044400e+02 4.6299563990e-03
7.2104559909e+02 4.6302791262e-03
7.2138666365e+02 4.6303023526e-03
7.2171014967e+02 4.6298987174e-03
7.2202628620e+02 4.6290199731e-03
7.2234555381e+02 4.6278574394e-03
7.2266617096e+02 4.6266736218e-03
7.2297640602e+02 4.6254038032e-03
7.2326616918e+02 4.6240738948e-03
7.2355524036e+02 4.6228248808e-03
7.2386020696e+02 4.6218774757e-03
7.2416893823e+02 4.6211270463e-03
7.2445927648e+02 4.6207375889e-03
7.2471892919e+02 4.6206205145e-03
7.2496925073e+02 4.6204196269e-03
7.2522705032e+02 4.6200395552e-03
7.2549078271e+02 4.6196183416e-03
7.2577472176e+02 4.6193219124e-03
7.2607506231e+02 4.6191349957e-03
7.2638993098e+02 4.6189839388e-03
7.2670709734e+02 4.6191284901e-03
7.2703293762e+02 4.6191364846e-03
7.2738729663e+02 4.6188567944e-03
7.2776639493e+02 4.6184296878e-03
7.2816143879e+02 4.6180179455e-03
7.2855330161e+02 4.6177362242e-03
7.2891179043e+02 4.6176131554e-03
7.2923180284e+02 4.6176349576e-03
7.2951539656e+02 4.6179016221e-03
7.2978162237e+02 4.6178412936e-03
7.3002752792e+02 4.6178123493e-03
7.3025465120e+02 4.6177652063e-03
7.3048100549e+02 4.6178060230e-03
7.3072274101e+02 4.6181999702e-03
7.3103554112e+02 4.6183812761e-03
7.3141322831e+02 4.6183995221e-03
7.3179486616e+02 4.6179372944e-03
7.3220101872e+02 4.6170534511e-03
7.3264290798e+02 4.6161860752e-03
7.3310710372e+02 4.6151842036e-03
7.3357211257e+02 4.6144603877e-03
7.3403119375e+02 4.6137003451e-03
7.3449149986e+02 4.6128768827e-03
7.3495573851e+02 4.6118752238e-03
7.3541613869e+02 4.6107284141e-03
7.3586266047e+02 4.6098486346e-03
7.3630025788e+02 4.6090157771e-03
7.3673341455e+02 4.6083596298e-03
7.3716153734e+02 4.6076803751e-03
7.3757684890e+02 4.6072100189e-03
7.3797142835e+02 4.6070815147e-03
7.3835336129e+02 4.6070258269e-03
7.3873429492e+02 4.6071482020e-03
7.3911613900e+02 4.6068492336e-03
7.3948555615e+02 4.6065116156e-03
7.3984629544e+02 4.6059690612e-03
7.4020818253e+02 4.6054309841e-03
7.4057183183e+02 4.6050007921e-03
7.4092761714e+02 4.6045356366e-03
7.4128016005e+02 4.6041955919e-03
7.4163857279e+02 4.6038748534e-03
7.4201370334e+02 4.6036791986e-03
7.4239806891e+02 4.6036340344e-03
7.4278249338e+02 4.6033773829e-03
7.4315457331e+02 4.6027633809e-03
7.4350258746e+02 4.6019714300e-03
7.4370259201e+02 4.5901914505e-03
7.4371666480e+02 4.5907349910e-03
7.4373179012e+02 4.5897320048e-03
7.4377345152e+02 4.5916876837e-03
7.4380056227e+02 4.5895824711e-03
7.4381854380e+02 4.6011933169e-03
7.4386248465e+02 4.5927517495e-03
7.4389432597e+02 4.5894710515e-03
7.4398608098e+02 4.5938486161e-03
7.4400327733e+02 4.5893247533e-03
7.4409490656e+02 4.6006886954e-03
7.4413451992e+02 4.5948895017e-03
7.4429731482e+02 4.5957412531e-03
7.4431820421e+02 4.6002002635e-03
7.4433255380e+02 4.5890970665e-03
7.4444544958e+02 4.5965511146e-03
7.4449121494e+02 4.5997829446e-03
7.4455575548e+02 4.5968473208e-03
7.4461575854e+02 4.5995439115e-03
7.4462066261e+02 4.5969725381e-03
7.4465122605e+02 4.5969430652e-03
7.4466981299e+02 4.5969679862e-03
7.4469652685e+02 4.5973731107e-03
7.4470243375e+02 4.5991890208e-03
7.4472079741e+02 4.5885945857e-03
7.4472702303e+02 4.5978636647e-03
7.4474609117e+02 4.5989651821e-03
7.4474979049e+02 4.5984393536e-03
7.4516091539e+02 4.5881167663e-03
7.4565960921e+02 4.5874477773e-03
7.4620394638e+02 4.5868793489e-03
7.4676601944e+02 4.5863130817e-03
7.4733866240e+02 4.5859815227e-03
7.4793519672e+02 4.5859134736e-03
7.4855905908e+02 4.5859615675e-03
7.4920264953e+02 4.5859840486e-03
7.4985177453e+02 4.5856553714e-03
7.5049260646e+02 4.5849930812e-03
7.5111690234e+02 4.5840081671e-03
7.5172336671e+02 4.5826626073e-03
7.5230985979e+02 4.5814855376e-03
7.5288536552e+02 4.5805521337e-03
7.5344804987e+02 4.5798569587e-03
7.5399451947e+02 4.5792380922e-03
7.5451554055e+02 4.5785903147e-03
7.5501574954e+02 4.5779629085e-03
7.5549272260e+02 4.5772947828e-03
7.5593129011e+02 4.5765072857e-03
7.5631941977e+02 4.5757120700e-03
7.5666333191e+02 4.5749961770e-03
7.5697038116e+02 4.5747013699e-03
7.5724435816e+02 4.5746756862e-03
7.5749310569e+02 4.5751683563e-03
7.5773198636e+02 4.5758982809e-03
7.5797264257e+02 4.5765701298e-03
7.5821856258e+02 4.5770663917e-03
7.5845876206e+02 4.5769656042e-03
7.5868364821e+02 4.5764704791e-03
7.5888398754e+02 4.5756842588e-03
7.5907441037e+02 4.5747664111e-03
7.5926461524e+02 4.5737892128e-03
7.5945199553e+02 4.5728176362e-03
7.5962363034e+02 4.5721787383e-03
7.5978511979e+02 4.5716752715e-03
7.5994571870e+02 4.5713000035e-03
7.6010422359e+02 4.5709514922e-03
7.6028546280e+02 4.5707100996e-03
7.6065225466e+02 4.5703967844e-03
7.6101232460e+02 4.5699143644e-03
7.6135062771e+02 4.5693470828e-03
7.6166596273e+02 4.5688695798e-03
7.6196810780e+02 4.5685212715e-03
7.6225716064e+02 4.5683790540e-03
7.6252378853e+02 4.5684319164e-03
7.6277426759e+02 4.5686068976e-03
7.6302720179e+02 4.5688869859e-03
7.6329552381e+02 4.5692124321e-03
7.6358186060e+02 4.5693299425e-03
7.6389001073e+02 4.5693687446e-03
7.6422037462e+02 4.5692210989e-03
7.6455295445e+02 4.5689981719e-03
7.6487411609e+02 4.5683423543e-03
7.6518776815e+02 4.5674522742e-03
7.6551202070e+02 4.5664073752e-03
7.6584650141e+02 4.5653972274e-03
7.6616547948e+02 4.5645342317e-03
7.6645849532e+02 4.5637297376e-03
7.6673676122e+02 4.5629080390e-03
7.6701571666e+02 4.5620094840e-03
7.6730043730e+02 4.5610020801e-03
7.6757796379e+02 4.5600446313e-03
7.6784393054e+02 4.5590798336e-03
7.6810397778e+02 4.5583182388e-03
7.6837410243e+02 4.5579842829e-03
7.6865929070e+02 4.5579314682e-03
7.6895219038e+02 4.5579588903e-03
7.6924754425e+02 4.5579754866e-03
7.6955287821e+02 4.5578117725e-03
7.6986654737e+02 4.5575068797e-03
7.7018066380e+02 4.5570896062e-03
7.7049531669e+02 4.5566599989e-03
7.7081821357e+02 4.5562818320e-03
7.7113036517e+02 4.5558762116e-03
7.7141153622e+02 4.5553048275e-03
7.7167103751e+02 4.5545485431e-03
7.7194372819e+02 4.5537510880e-03
7.7223211964e+02 4.5531854364e-03
7.7251196044e+02 4.5527190826e-03
7.7275799463e+02 4.5526849606e-03
7.7296764217e+02 4.5526276599e-03
7.7314422434e+02 4.5524889547e-03
7.7329661724e+02 4.5519209899e-03
7.7344233301e+02 4.5507592162e-03
7.7360570363e+02 4.5494989308e-03
7.7378958660e+02 4.5482674490e-03
7.7399205018e+02 4.5476585274e-03
7.7420713505e+02 4.5473737876e-03
7.7453598280e+02 4.5472740221e-03
7.7490769126e+02 4.5470357140e-03
7.7527419266e+02 4.5463450686e-03
7.7565006348e+02 4.5453253614e-03
7.7604985805e+02 4.5437773955e-03
7.7645771739e+02 4.5423364139e-03
7.7684787299e+02 4.5411473330e-03
7.7720981783e+02 4.5404129005e-03
7.7755907590e+02 4.5399905180e-03
7.7791039501e+02 4.5394623956e-03
7.7826138713e+02 4.5388745659e-03
7.7861058404e+02 4.5385057977e-03
7.7896827797e+02 4.5383020024e-03
7.7933481037e+02 4.5383475514e-03
7.7969581537e+02 4.5383845396e-03
7.8003771185e+02 4.5382528034e-03
7.8036217500e+02 4.5380760570e-03
7.8067024311e+02 4.5380230389e-03
7.8096176853e+02 4.5383643115e-03
7.8124625633e+02 4.5387193131e-03
7.8153494128e+02 4.5389252565e-03
7.8183245752e+02 4.5390201136e-03
7.8214420440e+02 4.5388048721e-03
7.8246518133e+02 4.5385676136e-03
7.8279054807e+02 4.5377598213e-03
7.8310476812e+02 4.5366930801e-03
7.8338531640e+02 4.5355751145e-03
7.8362691332e+02 4.5344975854e-03
7.8385506087e+02 4.5335223622e-03
7.8410355956e+02 4.5323975035e-03
7.8437135394e+02 4.5314250418e-03
7.8463242483e+02 4.5306904276e-03
7.8489394138e+02 4.5302093423e-03
7.8517124088e+02 4.5301151290e-03
7.8545806682e+02 4.5302338443e-03
7.8572347148e+02 4.5305264260e-03
7.8597212140e+02 4.5308126537e-03
7.8622353183e+02 4.5307615321e-03
7.8648894614e+02 4.5303749209e-03
7.8676482023e+02 4.5296770145e-03
7.8705455420e+02 4.5285267055e-03
7.8735351637e+02 4.5272535848e-03
7.8766323972e+02 4.5257408648e-03
7.8798125553e+02 4.5244193865e-03
7.8830472442e+02 4.5230090928e-03
7.8862253011e+02 4.5217469255e-03
7.8892877133e+02 4.5210051449e-03
7.8922097240e+02 4.5208461353e-03
7.8950464599e+02 4.5213700266e-03
7.8982943458e+02 4.5219160509e-03
7.9020681134e+02 4.5225992014e-03
7.9058568076e+02 4.5231498515e-03
7.9096426064e+02 4.5236493802e-03
7.9133387251e+02 4.5240644492e-03
7.9170087246e+02 4.5239257352e-03
7.9206764387e+02 4.5235623401e-03
7.9242459057e+02 4.5225897896e-03
7.9275817377e+02 4.5217035811e-03
7.9307167548e+02 4.5207838125e-03
7.9337885832e+02 4.5198878351e-03
7.9368266403e+02 4.5191020349e-03
7.9399179758e+02 4.5181863621e-03
7.9430872659e+02 4.5173765124e-03
7.9462535521e+02 4.5164569020e-03
7.9494149852e+02 4.5156213557e-03
7.9525427147e+02 4.5149350747e-03
7.9556407915e+02 4.5140666676e-03
7.9586629705e+02 4.5132810308e-03
7.9616570656e+02 4.5126104567e-03
7.9647869163e+02 4.5122348347e-03
7.9680349566e+02 4.5121702036e-03
7.9714307977e+02 4.5124436599e-03
7.9749366119e+02 4.5130721018e-03
7.9784808782e+02 4.5135298460e-03
7.9820662810e+02 4.5133641267e-03
7.9856127470e+02 4.5124236264e-03
7.9891362616e+02 4.5110294822e-03
7.9925732785e+02 4.5096372153e-03
7.9958193522e+02 4.5085259159e-03
7.9988194295e+02 4.5077992862e-03
8.0016239444e+02 4.5072597779e-03
8.0043118827e+02 4.5068695998e-03
8.0070058232e+02 4.5065730642e-03
8.0097772917e+02 4.5064352649e-03
8.0126772246e+02 4.5063033167e-03
8.0156047428e+02 4.5060554102e-03
8.0185232885e+02 4.5057158867e-03
8.0214139202e+02 4.5055347397e-03
8.0242873202e+02 4.5052915011e-03
8.0270811983e+02 4.5052540447e-03
8.0297804679e+02 4.5050835743e-03
8.0324374477e+02 4.5048757722e-03
8.0350887097e+02 4.5047286025e-03
8.0376203292e+02 4.5045795232e-03
8.0400478476e+02 4.5046011204e-03
8.0424343243e+02 4.5044491860e-03
8.0449287143e+02 4.5041269155e-03
8.0474780710e+02 4.5035094879e-03
8.0501484253e+02 4.5026314155e-03
8.0530151570e+02 4.5016152924e-03
8.0562171777e+02 4.5005216200e-03
8.0596570003e+02 4.4996458138e-03
8.0630924071e+02 4.4988803712e-03
8.0663589915e+02 4.4983890192e-03
8.0696283087e+02 4.4979702874e-03
8.0729718554e+02 4.4975079023e-03
8.0762934844e+02 4.4965433528e-03
8.0795551171e+02 4.4951318391e-03
8.0829646785e+02 4.4935785487e-03
8.0865487957e+02 4.4923388743e-03
8.0900642119e+02 4.4914620224e-03
8.0932270438e+02 4.4909759921e-03
8.0960801311e+02 4.4905785844e-03
8.0987275397e+02 4.4901717336e-03
8.1014081626e+02 4.4897759291e-03
8.1041344733e+02 4.4893560611e-03
8.1068847457e+02 4.4890669724e-03
8.1094789100e+02 4.4887475023e-03
8.1118272041e+02 4.4888270482e-03
8.1139700167e+02 4.4891899094e-03
8.1159247213e+02 4.4896387248e-03
8.1176135318e+02 4.4902628925e-03
8.1193909101e+02 4.4905043069e-03
8.1235874738e+02 4.4904622771e-03
8.1272974556e+02 4.4898170709e-03
8.1306749155e+02 4.4890947994e-03
8.1339238951e+02 4.4882949119e-03
8.1370158336e+02 4.4874652580e-03
8.1400350954e+02 4.4866791293e-03
8.1431541272e+02 4.4854036533e-03
8.1463205481e+02 4.4841237460e-03
8.1493728360e+02 4.4826904500e-03
8.1522595614e+02 4.4816200359e-03
8.1550266887e+02 4.4813114729e-03
8.1577343559e+02 4.4813465347e-03
8.1603540512e+02 4.4819178771e-03
8.1629888495e+02 4.4823095305e-03
8.1656731248e+02 4.4827959551e-03
8.1683528078e+02 4.4829690995e-03
8.1710670230e+02 4.4826464420e-03
8.1738907023e+02 4.4823596228e-03
8.1767862729e+02 4.4817867358e-03
8.1798098407e+02 4.4814175000e-03
8.1828627134e+02 4.4811091458e-03
8.1859319422e+02 4.4807914539e-03
8.1888567066e+02 4.4803942455e-03
8.1915509538e+02 4.4797280747e-03
8.1941049422e+02 4.4792236197e-03
8.1966495721e+02 4.4785857786e-03
8.1992860425e+02 4.4779565644e-03
8.2018894071e+02 4.4771695272e-03
8.2044735701e+02 4.4763181326e-03
8.2072919850e+02 4.4753838148e-03
8.2103288906e+02 4.4743951374e-03
8.2135535337e+02 4.4734641656e-03
8.2168590453e+02 4.4726860682e-03
8.2202507983e+02 4.4721465565e-03
8.2236415915e+02 4.4717651970e-03
8.2268741955e+02 4.4713806088e-03
8.2299357277e+02 4.4711430878e-03
8.2328896820e+02 4.4712156372e-03
8.2357127515e+02 4.4715500120e-03
8.2383597685e+02 4.4719507664e-03
8.2406222615e+02 4.4723300811e-03
8.2425399021e+02 4.4726335788e-03
8.2442170536e+02 4.4728905047e-03
8.2458366993e+02 4.4729005684e-03
8.2475024752e+02 4.4727502923e-03
8.2493215027e+02 4.4724653862e-03
8.2511629851e+02 4.4722018048e-03
8.2529049723e+02 4.4717888487e-03
8.2546012378e+02 4.4709671886e-03
8.2565588046e+02 4.4697413250e-03
8.2588310219e+02 4.4684114589e-03
8.2613616221e+02 4.4673967923e-03
8.2640217524e+02 4.4666460178e-03
8.2668356218e+02 4.4660196445e-03
8.2697747626e+02 4.4655209960e-03
8.2728257470e+02 4.4650872712e-03
8.2758235613e+02 4.4648018129e-03
8.2786827545e+02 4.4645038512e-03
8.2813151005e+02 4.4642669513e-03
8.2839250383e+02 4.4638180756e-03
8.2865411496e+02 4.4633890540e-03
8.2891108785e+02 4.4632917484e-03
8.2914880740e+02 4.4635906740e-03
8.2939203368e+02 4.4639905458e-03
8.2967026678e+02 4.4641046896e-03
8.2998555700e+02 4.4640431264e-03
8.3031406161e+02 4.4637501398e-03
8.3064257660e+02 4.4634180091e-03
8.3096274349e+02 4.4633562613e-03
8.3128745815e+02 4.4633252063e-03
8.3160270601e+02 4.4634008593e-03
8.3189551163e+02 4.4634413228e-03
8.3216392434e+02 4.4633917411e-03
8.3243207167e+02 4.4630807330e-03
8.3269543005e+02 4.4626219852e-03
8.3292538187e+02 4.4620195680e-03
8.3318116040e+02 4.4613913645e-03
8.3349353429e+02 4.4604861857e-03
8.3379377319e+02 4.4596029315e-03
8.3407747464e+02 4.4585180563e-03
8.3433829147e+02 4.4574352634e-03
8.3458755230e+02 4.4564473754e-03
8.3482768128e+02 4.4556612856e-03
8.3506334136e+02 4.4552479348e-03
8.3529746024e+02 4.4548933045e-03
8.3554687970e+02 4.4547021852e-03
8.3582605004e+02 4.4545822516e-03
8.3613902588e+02 4.4545788142e-03
8.3647310182e+02 4.4546917866e-03
8.3682529765e+02 4.4545821566e-03
8.3718646708e+02 4.4544011631e-03
8.3754105302e+02 4.4541103606e-03
8.3787769552e+02 4.4537083640e-03
8.3819317457e+02 4.4530423423e-03
8.3849139399e+02 4.4520177547e-03
8.3878004570e+02 4.4510076063e-03
8.3906203145e+02 4.4501897026e-03
8.3935144851e+02 4.4496615785e-03
8.3964251010e+02 4.4493637589e-03
8.3993764681e+02 4.4489104166e-03
8.4022447781e+02 4.4482621474e-03
8.4050999884e+02 4.4473691857e-03
8.4080420605e+02 4.4462944593e-03
8.4111598187e+02 4.4451961313e-03
8.4143237476e+02 4.4445408927e-03
8.4173696303e+02 4.4443954687e-03
8.4202483402e+02 4.4446217274e-03
8.4230959534e+02 4.4447906232e-03
8.4260076689e+02 4.4445283003e-03
8.4289811917e+02 4.4437179798e-03
8.4317807596e+02 4.4426549419e-03
8.4343489874e+02 4.4415413213e-03
8.4367466183e+02 4.4404608688e-03
8.4392552830e+02 4.4394994186e-03
8.4419216733e+02 4.4389421618e-03
8.4446565060e+02 4.4388671569e-03
8.4473357360e+02 4.4388696916e-03
8.4500142913e+02 4.4388752484e-03
8.4527057602e+02 4.4387364372e-03
8.4552611062e+02 4.4382591868e-03
8.4574470477e+02 4.4374563875e-03
8.4594424872e+02 4.4362684802e-03
8.4613736228e+02 4.4353609919e-03
8.4632662864e+02 4.4347052952e-03
8.4649870494e+02 4.4342329247e-03
8.4666025287e+02 4.4336986543e-03
8.4681515358e+02 4.4330704806e-03
8.4697098928e+02 4.4323403490e-03
8.4723016544e+02 4.4316475509e-03
8.4763248190e+02 4.4310898111e-03
8.4800424891e+02 4.4306720586e-03
8.4834841421e+02 4.4304746157e-03
8.4867434418e+02 4.4303248779e-03
8.4900325438e+02 4.4302497089e-03
8.4932465815e+02 4.4301775026e-03
8.4961890610e+02 4.4300617120e-03
8.4988487614e+02 4.4299635686e-03
8.5013968751e+02 4.4295231018e-03
8.5038592525e+02 4.4287599586e-03
8.5061522901e+02 4.4278447573e-03
8.5083460135e+02 4.4270557659e-03
8.5106444148e+02 4.4266545685e-03
8.5130461272e+02 4.4265504727e-03
8.5153848830e+02 4.4268186777e-03
8.5174638332e+02 4.4271112800e-03
8.5194261451e+02 4.4270406078e-03
8.5214516879e+02 4.4268032224e-03
8.5236416375e+02 4.4260550759e-03
8.5258691182e+02 4.4251582166e-03
8.5281121732e+02 4.4240919480e-03
8.5304351233e+02 4.4230308878e-03
8.5329431517e+02 4.4222806180e-03
8.5356328946e+02 4.4216497924e-03
8.5385129087e+02 4.4213220521e-03
8.5415538528e+02 4.4208002918e-03
8.5447432642e+02 4.4200857959e-03
8.5480462643e+02 4.4192827231e-03
8.5515043368e+02 4.4182714135e-03
8.5549869235e+02 4.4173911265e-03
8.5583428267e+02 4.4166190716e-03
8.5616526491e+02 4.4163289954e-03
8.5651121908e+02 4.4163282598e-03
8.5685375315e+02 4.4166957228e-03
8.5717170052e+02 4.4171334480e-03
8.5746447894e+02 4.4172316831e-03
8.5774766893e+02 4.4170019635e-03
8.5801744022e+02 4.4167917852e-03
8.5826932514e+02 4.4166646088e-03
8.5850909649e+02 4.4165005751e-03
8.5875212541e+02 4.4160195612e-03
8.5899604649e+02 4.4154046063e-03
8.5924814891e+02 4.4147360609e-03
8.5949877886e+02 4.4140406119e-03
8.5975200960e+02 4.4133385872e-03
8.5999975228e+02 4.4125936735e-03
8.6026031370e+02 4.4120295383e-03
8.6054665928e+02 4.4114088176e-03
8.6085094242e+02 4.4106581534e-03
8.6115324595e+02 4.4101804781e-03
8.6144773836e+02 4.4098412420e-03
8.6174301740e+02 4.4098929895e-03
8.6206120617e+02 4.4097552721e-03
8.6238734808e+02 4.4095201484e-03
8.6271786365e+02 4.4090796348e-03
8.6303637640e+02 4.4083486244e-03
8.6334904385e+02 4.4075123006e-03
8.6364724554e+02 4.4063962512e-03
8.6393659322e+02 4.4054502782e-03
8.6424248506e+02 4.4048837123e-03
8.6457894238e+02 4.4046563699e-03
8.6493792203e+02 4.4046850366e-03
8.6531157683e+02 4.4043917918e-03
8.6569559247e+02 4.4041108312e-03
8.6610195436e+02 4.4040116677e-03
8.6650428813e+02 4.4041105066e-03
8.6689965904e+02 4.4040339729e-03
8.6728587924e+02 4.4035770952e-03
8.6767400063e+02 4.4030674519e-03
8.6804239273e+02 4.4025957564e-03
8.6837641967e+02 4.4021996426e-03
8.6868569817e+02 4.4017365242e-03
8.6900215017e+02 4.4010255870e-03
8.6932657871e+02 4.4002636465e-03
8.6963352821e+02 4.3994015097e-03
8.6988956709e+02 4.3988137089e-03
8.7011426846e+02 4.3985233735e-03
8.7032927168e+02 4.3983465030e-03
8.7055766735e+02 4.3982609853e-03
8.7088294424e+02 4.3979907853e-03
8.7129550774e+02 4.3976236121e-03
8.7173055932e+02 4.3970382171e-03
8.7217112644e+02 4.3961183751e-03
8.7261054746e+02 4.3953400081e-03
8.7303809910e+02 4.3944777097e-03
8.7342735250e+02 4.3940115085e-03
8.7378206370e+02 4.3937252388e-03
8.7411204071e+02 4.3935318058e-03
8.7444311551e+02 4.3934021626e-03
8.7478000098e+02 4.3931349059e-03
8.7513007062e+02 4.3928949220e-03
8.7550164785e+02 4.3926752877e-03
8.7588965657e+02 4.3924834268e-03
8.7626841482e+02 4.3922971000e-03
8.7661606404e+02 4.3918642656e-03
8.7693508552e+02 4.3912709588e-03
8.7725802363e+02 4.3908274778e-03
8.7757998232e+02 4.3903833957e-03
8.7790015496e+02 4.3896575553e-03
8.7821501936e+02 4.3885214123e-03
8.7854473104e+02 4.3873131584e-03
8.7888244384e+02 4.3864913879e-03
8.7921525528e+02 4.3859579812e-03
8.7955135355e+02 4.3858826868e-03
8.7990952259e+02 4.3859222220e-03
8.8029055731e+02 4.3859866905e-03
8.8067459649e+02 4.3859643445e-03
8.8103622668e+02 4.3858058361e-03
8.8138850487e+02 4.3856865232e-03
8.8173502292e+02 4.3855092737e-03
8.8208184138e+02 4.3854126559e-03
8.8241446680e+02 4.3852331145e-03
8.8274673482e+02 4.3849662108e-03
8.8309751241e+02 4.3848456700e-03
8.8347722369e+02 4.3847869098e-03
8.8386427881e+02 4.3848432017e-03
8.8422898054e+02 4.3845976467e-03
8.8454762336e+02 4.3839827062e-03
8.8483961291e+02 4.3830821326e-03
8.8512413664e+02 4.3821260580e-03
8.8540497453e+02 4.3813350225e-03
8.8566617940e+02 4.3805144152e-03
8.8592845618e+02 4.3797055713e-03
8.8620552242e+02 4.3790484376e-03
8.8649133554e+02 4.3785706891e-03
8.8676382293e+02 4.3782175363e-03
8.8703761578e+02 4.3780229988e-03
8.8731671952e+02 4.3780664860e-03
8.8759416660e+02 4.3781859996e-03
8.8784974491e+02 4.3785888001e-03
8.8815181495e+02 4.3791601680e-03
8.8857383217e+02 4.3798340196e-03
8.8898331092e+02 4.3801520328e-03
8.8936539311e+02 4.3797966919e-03
8.8972552711e+02 4.3789942356e-03
8.9006794919e+02 4.3780648467e-03
8.9040171555e+02 4.3774091918e-03
8.9072738371e+02 4.3769927263e-03
8.9105131415e+02 4.3767459919e-03
8.9137186782e+02 4.3764775165e-03
8.9168269502e+02 4.3761758932e-03
8.9198178406e+02 4.3761666862e-03
8.9228737677e+02 4.3760177484e-03
8.9259804674e+02 4.3758498518e-03
8.9290076604e+02 4.3752551724e-03
8.9318252650e+02 4.3744857599e-03
8.9346572972e+02 4.3738018241e-03
8.9376586223e+02 4.3731134882e-03
8.9407570343e+02 4.3727890732e-03
8.9437494486e+02 4.3723002938e-03
8.9466650081e+02 4.3718158899e-03
8.9495174350e+02 4.3712320317e-03
8.9523810812e+02 4.3701406008e-03
8.9552670736e+02 4.3689965795e-03
8.9582253524e+02 4.3676953625e-03
8.9612039226e+02 4.3668726213e-03
8.9642505909e+02 4.3667890667e-03
8.9672886616e+02 4.3672199248e-03
8.9703147993e+02 4.3679189009e-03
8.9733813275e+02 4.3682734585e-03
8.9766023140e+02 4.3681774880e-03
8.9798408039e+02 4.3680594751e-03
8.9829972433e+02 4.3678367166e-03
8.9859927678e+02 4.3678011579e-03
8.9888853389e+02 4.3675815286e-03
8.9916956571e+02 4.3673198158e-03
8.9945948344e+02 4.3672710136e-03
8.9975755112e+02 4.3670051617e-03
9.0005672076e+02 4.3664906236e-03
9.0033920694e+02 4.3655688595e-03
9.0060143686e+02 4.3644931396e-03
9.0083870402e+02 4.3636518302e-03
9.0107085465e+02 4.3627846690e-03
9.0131223270e+02 4.3619120645e-03
9.0157279430e+02 4.3611349966e-03
9.0184521870e+02 4.3605989981e-03
9.0213985117e+02 4.3604599578e-03
9.0244726436e+02 4.3606137122e-03
9.0275688066e+02 4.3607863367e-03
9.0304124905e+02 4.3608396804e-03
9.0331607519e+02 4.3604868025e-03
9.0359787769e+02 4.3600883632e-03
9.0390303382e+02 4.3594790424e-03
9.0421489378e+02 4.3587946292e-03
9.0452219831e+02 4.3580549625e-03
9.0481501023e+02 4.3571600997e-03
9.0509570023e+02 4.3563104376e-03
9.0536322498e+02 4.3555666559e-03
9.0563610446e+02 4.3549863780e-03
9.0591327414e+02 4.3546582147e-03
9.0619917349e+02 4.3544719471e-03
9.0647793666e+02 4.3543886948e-03
9.0675480859e+02 4.3542825815e-03
9.0703945999e+02 4.3542741277e-03
9.0735719646e+02 4.3543486914e-03
9.0769398180e+02 4.3546199108e-03
9.0803486516e+02 4.3547667692e-03
9.0836059785e+02 4.3546535251e-03
9.0867639904e+02 4.3540967464e-03
9.0897071908e+02 4.3530835713e-03
9.0924741472e+02 4.3520264694e-03
9.0950610090e+02 4.3508794837e-03
9.0977812610e+02 4.3497916655e-03
9.1007747749e+02 4.3489369655e-03
9.1039698288e+02 4.3481888120e-03
9.1070808121e+02 4.3476896202e-03
9.1101071075e+02 4.3471796872e-03
9.1130490343e+02 4.3471018083e-03
9.1160304179e+02 4.3469780455e-03
9.1190333823e+02 4.3467699829e-03
9.1221684349e+02 4.3465834426e-03
9.1252740090e+02 4.3463034370e-03
9.1284942265e+02 4.3458823196e-03
9.1332883051e+02 4.3453597064e-03
9.1383628403e+02 4.3450993896e-03
9.1431779079e+02 4.3451098520e-03
9.1478469245e+02 4.3450366365e-03
9.1524354123e+02 4.3447412284e-03
9.1568438793e+02 4.3442876101e-03
9.1608859540e+02 4.3435572881e-03
9.1645533045e+02 4.3427096675e-03
9.1678589849e+02 4.3415821699e-03
9.1709754815e+02 4.3403755814e-03
9.1739712064e+02 4.3394452377e-03
9.1769873529e+02 4.3388894853e-03
9.1800147146e+02 4.3387842970e-03
9.1831038890e+02 4.3386873683e-03
9.1860892291e+02 4.3385265341e-03
9.1890094116e+02 4.3381472598e-03
9.1919895222e+02 4.3374879261e-03
9.1950889211e+02 4.3364278656e-03
9.1980100552e+02 4.3350076774e-03
9.2006572235e+02 4.3333713487e-03
9.2031389634e+02 4.3318454895e-03
9.2058282813e+02 4.3307560942e-03
9.2086469693e+02 4.3303723596e-03
9.2114215589e+02 4.3305172373e-03
9.2139232083e+02 4.3309856359e-03
9.2162737210e+02 4.3315040224e-03
9.2185862094e+02 4.3321850141e-03
9.2210410014e+02 4.3329540699e-03
9.2236929570e+02 4.3335936678e-03
9.2264169401e+02 4.3337434035e-03
9.2289465527e+02 4.3333460304e-03
9.2314517889e+02 4.3325303010e-03
9.2339980004e+02 4.3314586095e-03
9.2366140380e+02 4.3304357849e-03
9.2391038607e+02 4.3296100845e-03
9.2416150065e+02 4.3288948729e-03
9.2442475336e+02 4.3281837468e-03
9.2471160008e+02 4.3274887969e-03
9.2502647884e+02 4.3270049450e-03
9.2537173273e+02 4.3265179148e-03
9.2572627294e+02 4.3261989580e-03
9.2608029854e+02 4.3255774576e-03
9.2641558226e+02 4.3248597723e-03
9.2673017809e+02 4.3242472901e-03
9.2700641203e+02 4.3238327445e-03
9.2725226399e+02 4.3235648307e-03
9.2746956286e+02 4.3230355815e-03
9.2768285241e+02 4.3223134374e-03
9.2789892440e+02 4.3216073312e-03
9.2812545535e+02 4.3210269816e-03
9.2835875475e+02 4.3206966451e-03
9.2862873125e+02 4.3205889868e-03
9.2893375784e+02 4.3207231067e-03
9.2925849553e+02 4.3207477328e-03
9.2965388746e+02 4.3205388434e-03
9.3004038089e+02 4.3199744910e-03
9.3041715607e+02 4.3191587487e-03
9.3079180446e+02 4.3182570203e-03
9.3115760783e+02 4.3174022978e-03
9.3151530283e+02 4.3169015457e-03
9.3185429598e+02 4.3165612883e-03
9.3218842023e+02 4.3162080743e-03
9.3251399837e+02 4.3159992163e-03
9.3282923833e+02 4.3159490819e-03
9.3313366574e+02 4.3161898140e-03
9.3344907778e+02 4.3162960215e-03
9.3379027230e+02 4.3162554896e-03
9.3415602614e+02 4.3158835268e-03
9.3452754627e+02 4.3153027448e-03
9.3490177880e+02 4.3148227963e-03
9.3526696249e+02 4.3143226014e-03
9.3562453000e+02 4.3137907884e-03
9.3597898938e+02 4.3133700784e-03
9.3634467881e+02 4.3132158801e-03
9.3671021468e+02 4.3131979488e-03
9.3707057624e+02 4.3128481824e-03
9.3741882668e+02 4.3120921928e-03
9.3777187416e+02 4.3110275384e-03
9.3813653203e+02 4.3100567769e-03
9.3851081008e+02 4.3091427467e-03
9.3887106868e+02 4.3085601440e-03
9.3921289122e+02 4.3081538439e-03
9.3954903640e+02 4.3077106526e-03
9.3990900655e+02 4.3070235370e-03
9.4028575351e+02 4.3060691887e-03
9.4066996280e+02 4.3051441739e-03
9.4104981679e+02 4.3045496720e-03
9.4144184218e+02 4.3042892304e-03
9.4183970758e+02 4.3042830092e-03
9.4221980733e+02 4.3043928456e-03
9.4256783285e+02 4.3044947504e-03
9.4290553412e+02 4.3045055695e-03
9.4323484325e+02 4.3041997275e-03
9.4355849044e+02 4.3036592267e-03
9.4385234845e+02 4.3031872076e-03
9.4413546328e+02 4.3029646357e-03
9.4441527958e+02 4.3028746521e-03
9.4470538144e+02 4.3026513175e-03
9.4499426058e+02 4.3022040235e-03
9.4527508988e+02 4.3015589211e-03
9.4554707001e+02 4.3008343324e-03
9.4584272956e+02 4.3001891776e-03
9.4617774506e+02 4.2999219920e-03
9.4655807602e+02 4.2996671071e-03
9.4693050293e+02 4.2994722271e-03
9.4727065377e+02 4.2991411725e-03
9.4757852635e+02 4.2987420117e-03
9.4789401905e+02 4.2981684448e-03
9.4823521080e+02 4.2973690181e-03
9.4860411094e+02 4.2965714250e-03
9.4896649061e+02 4.2957803493e-03
9.4931328822e+02 4.2950248166e-03
9.4964404136e+02 4.2944264656e-03
9.4998564345e+02 4.2940944074e-03
9.5032391487e+02 4.2943989579e-03
9.5065845292e+02 4.2949778776e-03
9.5097317275e+02 4.2954341047e-03
9.5127845924e+02 4.2956124893e-03
9.5158264287e+02 4.2952193305e-03
9.5190878066e+02 4.2948251869e-03
9.5224940047e+02 4.2945864021e-03
9.5260679144e+02 4.2947402326e-03
9.5296822882e+02 4.2950816429e-03
9.5334266288e+02 4.2949025055e-03
9.5371635506e+02 4.2948730675e-03
9.5408996994e+02 4.2948149686e-03
9.5443871476e+02 4.2949669076e-03
9.5475495658e+02 4.2948928062e-03
9.5503260374e+02 4.2940980666e-03
9.5530125839e+02 4.2929538677e-03
9.5556592201e+02 4.2916155270e-03
9.5583374141e+02 4.2904329090e-03
9.5609108863e+02 4.2896140658e-03
9.5650120042e+02 4.2888414904e-03
9.5697681564e+02 4.2883237569e-03
9.5744448028e+02 4.2877812856e-03
9.5789365991e+02 4.2876693474e-03
9.5832844236e+02 4.2877956510e-03
9.5873120038e+02 4.2876910859e-03
9.5910901877e+02 4.2875917732e-03
9.5946052386e+02 4.2873854879e-03
9.5980759715e+02 4.2872334670e-03
9.6016877713e+02 4.2868375899e-03
9.6054246057e+02 4.2861293133e-03
9.6090872687e+02 4.2853526612e-03
9.6128641018e+02 4.2844972794e-03
9.6168619194e+02 4.2838761680e-03
9.6211606979e+02 4.2834471408e-03
9.6254454412e+02 4.2833825722e-03
9.6296943511e+02 4.2835770956e-03
9.6338015683e+02 4.2839252861e-03
9.6377647129e+02 4.2841115782e-03
9.6414821565e+02 4.2839022734e-03
9.6449462064e+02 4.2833126729e-03
9.6481123803e+02 4.2822925844e-03
9.6511212255e+02 4.2807654030e-03
9.6539566082e+02 4.2792202310e-03
9.6568642208e+02 4.2776294163e-03
9.6599220292e+02 4.2763992695e-03
9.6633098386e+02 4.2756432145e-03
9.6669165945e+02 4.2753339023e-03
9.6707267391e+02 4.2752392436e-03
9.6745028229e+02 4.2749323842e-03
9.6781323033e+02 4.2743921916e-03
9.6815318928e+02 4.2736284070e-03
9.6849508201e+02 4.2729847582e-03
9.6885360216e+02 4.2724820509e-03
9.6923563224e+02 4.2721309295e-03
9.6961495881e+02 4.2720741359e-03
9.6999119215e+02 4.2723752502e-03
9.7035471765e+02 4.2726658329e-03
9.7072224601e+02 4.2725222088e-03
9.7108457480e+02 4.2720964810e-03
9.7144048768e+02 4.2713231333e-03
9.7178400606e+02 4.2709019124e-03
9.7213079061e+02 4.2704901081e-03
9.7246216536e+02 4.2700601897e-03
9.7275754081e+02 4.2692830248e-03
9.7300377921e+02 4.2682700003e-03
9.7323234267e+02 4.2675329439e-03
9.7343575941e+02 4.2669375183e-03
9.7362888229e+02 4.2667533840e-03
9.7381767792e+02 4.2663734798e-03
9.7401376756e+02 4.2658823269e-03
9.7419904779e+02 4.2655936600e-03
9.7439799171e+02 4.2655423920e-03
9.7462371207e+02 4.2656482115e-03
9.7488959501e+02 4.2652395594e-03
9.7517853330e+02 4.2648118984e-03
9.7548885481e+02 4.2638704078e-03
9.7578033967e+02 4.2626677080e-03
9.7604831644e+02 4.2614685063e-03
9.7633690618e+02 4.2606092142e-03
9.7664832610e+02 4.2604394510e-03
9.7697476584e+02 4.2605601901e-03
9.7732735056e+02 4.2609830668e-03
9.7768381482e+02 4.2613886991e-03
9.7803853713e+02 4.2616353334e-03
9.7837099227e+02 4.2616126335e-03
9.7868928548e+02 4.2610104305e-03
9.7898967388e+02 4.2602770810e-03
9.7928811890e+02 4.2594573222e-03
9.7957049188e+02 4.2586672997e-03
9.7989956975e+02 4.2575859693e-03
9.8031051051e+02 4.2562455147e-03
9.8074403490e+02 4.2551691700e-03
9.8117294499e+02 4.2543500864e-03
9.8158294931e+02 4.2538701315e-03
9.8197221959e+02 4.2535384519e-03
9.8236288113e+02 4.2531328669e-03
9.8275111475e+02 4.2527338301e-03
9.8312604044e+02 4.2523429513e-03
9.8347290511e+02 4.2523945941e-03
9.8382146658e+02 4.2523964799e-03
9.8417489893e+02 4.2524624285e-03
9.8453382621e+02 4.2524259705e-03
9.8489556450e+02 4.2519641128e-03
9.8527941257e+02 4.2512784815e-03
9.8567885010e+02 4.2502370359e-03
9.8608475322e+02 4.2495082289e-03
9.8648023445e+02 4.2490317706e-03
9.8686794972e+02 4.2488317258e-03
9.8722905551e+02 4.2487023687e-03
9.8757967480e+02 4.2481657350e-03
9.8791652127e+02 4.2476611490e-03
9.8824597079e+02 4.2466507239e-03
9.8857077657e+02 4.2456290889e-03
9.8891617138e+02 4.2445747291e-03
9.8928287071e+02 4.2435825799e-03
9.8967199245e+02 4.2426182732e-03
9.9005916370e+02 4.2414677893e-03
9.9044355986e+02 4.2402978593e-03
9.9082367385e+02 4.2391619951e-03
9.9123479127e+02 4.2382780068e-03
9.9166937730e+02 4.2377777596e-03
9.9211647799e+02 4.2374353384e-03
9.9254472814e+02 4.2372162502e-03
9.9295347166e+02 4.2367964043e-03
9.9332597163e+02 4.2360626590e-03
9.9366887572e+02 4.2353209368e-03
9.9398507607e+02 4.2344741144e-03
9.9431076511e+02 4.2337279827e-03
9.9464649974e+02 4.2332045745e-03
9.9499117612e+02 4.2327850788e-03
9.9531654349e+02 4.2325741943e-03
9.9562373665e+02 4.2320765957e-03
9.9591723562e+02 4.2315206611e-03
9.9621573695e+02 4.2310293990e-03
9.9650231317e+02 4.2304331423e-03
9.9679263661e+02 4.2299319452e-03
9.9709454555e+02 4.2294817041e-03
9.9742654188e+02 4.2291340502e-03
9.9775931699e+02 4.2287818188e-03
9.9808616026e+02 4.2278919620e-03
9.9840608540e+02 4.2267053110e-03
9.9874419405e+02 4.2252890950e-03
9.9909223778e+02 4.2242171741e-03
9.9945100450e+02 4.2236766531e-03
9.9978831687e+02 4.2236663669e-03
1.0001085690e+03 4.2241283104e-03
1.0003962139e+03 4.2245251735e-03
1.0006678412e+03 4.2248707297e-03
1.0009321199e+03 4.2252415179e-03
1.0012030664e+03 4.2255103281e-03
1.0014523443e+03 4.2256453180e-03
1.0016777088e+03 4.2254756983e-03
1.0018703846e+03 4.2250775684e-03
1.0020543531e+03 4.2245132459e-03
1.0022265045e+03 4.2239931941e-03
1.0024573297e+03 4.2235710533e-03
1.0028690807e+03 4.2231529619e-03
1.0032729495e+03 4.2227557047e-03
1.0036676998e+03 4.2221999177e-03
1.0040645763e+03 4.2214081458e-03
1.0044454614e+03 4.2205880040e-03
1.0047950498e+03 4.2197684286e-03
1.0051046827e+03 4.2190282486e-03
1.0053944783e+03 4.2184292819e-03
1.0056560773e+03 4.2181334228e-03
1.0058943737e+03 4.2180221477e-03
1.0061060112e+03 4.2179665861e-03
1.0063247818e+03 4.2179273003e-03
1.0065663161e+03 4.2180224411e-03
1.0068441778e+03 4.2182406537e-03
1.0071554513e+03 4.2185486062e-03
1.0075241653e+03 4.2188018218e-03
1.0079445850e+03 4.2191079224e-03
1.0083982792e+03 4.2193992697e-03
1.0088491464e+03 4.2196175680e-03
1.0092886016e+03 4.2194725043e-03
1.0096997705e+03 4.2189101980e-03
1.0100902874e+03 4.2181069272e-03
1.0104527345e+03 4.2173279491e-03
1.0108028112e+03 4.2168169145e-03
1.0111353461e+03 4.2165348879e-03
1.0114638039e+03 4.2162160130e-03
1.0117865582e+03 4.2159386133e-03
1.0121072858e+03 4.2157446203e-03
1.0124121442e+03 4.2155808304e-03
1.0127145665e+03 4.2154038965e-03
1.0130107011e+03 4.2148795607e-03
1.0133149257e+03 4.2138617531e-03
1.0136082506e+03 4.2127174477e-03
1.0139114179e+03 4.2114303235e-03
1.0142296591e+03 4.2105506112e-03
1.0145728176e+03 4.2095782264e-03
1.0149300344e+03 4.2087727733e-03
1.0153035621e+03 4.2082806421e-03
1.0156752037e+03 4.2080917828e-03
1.0160484143e+03 4.2082342782e-03
1.0164099713e+03 4.2082363070e-03
1.0167769787e+03 4.2082053565e-03
1.0171373330e+03 4.2083487916e-03
1.0175034362e+03 4.2088633756e-03
1.0178563817e+03 4.2096394062e-03
1.0182000773e+03 4.2102087113e-03
1.0185230008e+03 4.2103688214e-03
1.0188341560e+03 4.2101009171e-03
1.0191281870e+03 4.2095560842e-03
1.0194377189e+03 4.2089063855e-03
1.0197716930e+03 4.2083333270e-03
1.0201370739e+03 4.2076530656e-03
1.0205002285e+03 4.2069133709e-03
1.0208571405e+03 4.2061789870e-03
1.0211941543e+03 4.2055150485e-03
1.0215313395e+03 4.2049474825e-03
1.0218668222e+03 4.2044265064e-03
1.0222030737e+03 4.2036466483e-03
1.0225058572e+03 4.2029172751e-03
1.0227851678e+03 4.2021101386e-03
1.0230455850e+03 4.2014591682e-03
1.0233204648e+03 4.2008373519e-03
1.0235989228e+03 4.2002757348e-03
1.0238824892e+03 4.1998976628e-03
1.0241480035e+03 4.1997213872e-03
1.0244158420e+03 4.1999183877e-03
1.0247022737e+03 4.2000858569e-03
1.0250285962e+03 4.2001792008e-03
1.0253727858e+03 4.2000609360e-03
1.0257250522e+03 4.1998106033e-03
1.0260561794e+03 4.1997425966e-03
1.0263756057e+03 4.1993798790e-03
1.0266690214e+03 4.1988268824e-03
1.0269630876e+03 4.1980721257e-03
1.0272401206e+03 4.1973887427e-03
1.0275146479e+03 4.1967963728e-03
1.0277822059e+03 4.1961431646e-03
1.0280650186e+03 4.1957654858e-03
1.0283539206e+03 4.1956985663e-03
1.0286467032e+03 4.1956698800e-03
1.0289225492e+03 4.1955003826e-03
1.0291888921e+03 4.1952206432e-03
1.0294331780e+03 4.1949638170e-03
1.0296852395e+03 4.1946656980e-03
1.0299382476e+03 4.1944316073e-03
1.0302002313e+03 4.1938381291e-03
1.0304481404e+03 4.1931325860e-03
1.0308448664e+03 4.1921244576e-03
1.0312387418e+03 4.1911126552e-03
1.0316478495e+03 4.1902532444e-03
1.0320485670e+03 4.1896959861e-03
1.0324360796e+03 4.1894571225e-03
1.0327985137e+03 4.1893688778e-03
1.0331553947e+03 4.1890629329e-03
1.0335060106e+03 4.1885108092e-03
1.0338615649e+03 4.1877851748e-03
1.0342019654e+03 4.1873731936e-03
1.0345303885e+03 4.1871152737e-03
1.0348500911e+03 4.1868516568e-03
1.0351954970e+03 4.1865661477e-03
1.0355790032e+03 4.1862092247e-03
1.0360198902e+03 4.1858960325e-03
1.0365062769e+03 4.1853605691e-03
1.0370388573e+03 4.1845796276e-03
1.0375845140e+03 4.1839655511e-03
1.0381307558e+03 4.1835187120e-03
1.0386449420e+03 4.1832105458e-03
1.0391136498e+03 4.1828637072e-03
1.0395067644e+03 4.1825757676e-03
1.0398453363e+03 4.1825729807e-03
1.0401624571e+03 4.1828123927e-03
1.0405000673e+03 4.1829871006e-03
1.0408506159e+03 4.1828275735e-03
1.0412068573e+03 4.1823914923e-03
1.0415346801e+03 4.1818934956e-03
1.0418601047e+03 4.1811253193e-03
1.0421905445e+03 4.1802246488e-03
1.0425551780e+03 4.1796028358e-03
1.0429380674e+03 4.1792301244e-03
1.0433462538e+03 4.1790211044e-03
1.0437731044e+03 4.1786743549e-03
1.0442175919e+03 4.1783172538e-03
1.0446523818e+03 4.1782195405e-03
1.0450764900e+03 4.1780751431e-03
1.0454775909e+03 4.1780360082e-03
1.0458982104e+03 4.1776943932e-03
1.0463369916e+03 4.1772526143e-03
1.0467956575e+03 4.1768665154e-03
1.0472356334e+03 4.1764280475e-03
1.0476635954e+03 4.1757699046e-03
1.0480738470e+03 4.1747127355e-03
1.0484747219e+03 4.1738317407e-03
1.0488430945e+03 4.1732279284e-03
1.0491881436e+03 4.1730633970e-03
1.0495070361e+03 4.1732564304e-03
1.0498318793e+03 4.1735240798e-03
1.0501546494e+03 4.1739786008e-03
1.0505067407e+03 4.1741325242e-03
1.0508826378e+03 4.1743376046e-03
1.0512917717e+03 4.1743482816e-03
1.0517079222e+03 4.1745435168e-03
1.0521300576e+03 4.1745452993e-03
1.0525234752e+03 4.1742466184e-03
1.0528802876e+03 4.1737615090e-03
1.0531876380e+03 4.1730323806e-03
1.0534798223e+03 4.1724781660e-03
1.0537478097e+03 4.1718983391e-03
1.0540107808e+03 4.1714845901e-03
1.0542584634e+03 4.1711355197e-03
1.0545211941e+03 4.1707077166e-03
1.0547829562e+03 4.1704801442e-03
1.0550346666e+03 4.1702543696e-03
1.0552524995e+03 4.1702775087e-03
1.0554621959e+03 4.1701111662e-03
1.0558010218e+03 4.1695785595e-03
1.0561059940e+03 4.1687337758e-03
1.0563707704e+03 4.1676009034e-03
1.0566179227e+03 4.1667409756e-03
1.0568417161e+03 4.1661303283e-03
1.0570649736e+03 4.1657250215e-03
1.0573572975e+03 4.1655399991e-03
1.0577288749e+03 4.1653316681e-03
1.0580922434e+03 4.1650579744e-03
1.0584392132e+03 4.1645792102e-03
1.0587551229e+03 4.1642598050e-03
1.0590716263e+03 4.1639255112e-03
1.0594682271e+03 4.1634261787e-03
1.0598522574e+03 4.1626701290e-03
1.0602056030e+03 4.1619350119e-03
1.0605629678e+03 4.1612549079e-03
1.0609112097e+03 4.1609749210e-03
1.0612684953e+03 4.1609447333e-03
1.0616347812e+03 4.1608304882e-03
1.0620100504e+03 4.1605251153e-03
1.0623740661e+03 4.1600889730e-03
1.0627508379e+03 4.1595716027e-03
1.0631360785e+03 4.1590631685e-03
1.0635316633e+03 4.1585719118e-03
1.0639130540e+03 4.1583570119e-03
1.0642875644e+03 4.1581657774e-03
1.0646405308e+03 4.1578511864e-03
1.0650005713e+03 4.1574135775e-03
1.0653674629e+03 4.1567445969e-03
1.0657500947e+03 4.1561100750e-03
1.0661203745e+03 4.1552317646e-03
1.0664924079e+03 4.1541247994e-03
1.0668623045e+03 4.1527224199e-03
1.0672422571e+03 4.1512588487e-03
1.0676085330e+03 4.1504510549e-03
1.0679708095e+03 4.1499934447e-03
1.0683140125e+03 4.1500119317e-03
1.0686447453e+03 4.1499165920e-03
1.0689514572e+03 4.1499388274e-03
1.0692590208e+03 4.1499950081e-03
1.0695479428e+03 4.1500352497e-03
1.0698309638e+03 4.1501399264e-03
1.0701176759e+03 4.1500273377e-03
1.0704449090e+03 4.1498402877e-03
1.0707850386e+03 4.1495458243e-03
1.0711395596e+03 4.1491442097e-03
1.0715006188e+03 4.1487860747e-03
1.0719014194e+03 4.1480609308e-03
1.0723417837e+03 4.1472311585e-03
1.0728420184e+03 4.1467809946e-03
1.0733664026e+03 4.1465561941e-03
1.0738901913e+03 4.1463679331e-03
1.0743755399e+03 4.1457443835e-03
1.0748368801e+03 4.1449266051e-03
1.0752549812e+03 4.1442971921e-03
1.0756476228e+03 4.1434764260e-03
1.0760088063e+03 4.1427743922e-03
1.0763768207e+03 4.1421045254e-03
1.0767348300e+03 4.1415449831e-03
1.0770922438e+03 4.1410111373e-03
1.0774547249e+03 4.1406244318e-03
1.0778591534e+03 4.1406135284e-03
1.0782784915e+03 4.1406627702e-03
1.0786847323e+03 4.1406547401e-03
1.0790301443e+03 4.1407192698e-03
1.0793421427e+03 4.1406843861e-03
1.0796380991e+03 4.1403867316e-03
1.0799648597e+03 4.1398407175e-03
1.0803165529e+03 4.1394538132e-03
1.0807099355e+03 4.1392692792e-03
1.0811073578e+03 4.1391871525e-03
1.0815090705e+03 4.1387237944e-03
1.0818878609e+03 4.1381993300e-03
1.0822551755e+03 4.1378127649e-03
1.0825903077e+03 4.1376222946e-03
1.0829206930e+03 4.1371864158e-03
1.0832356423e+03 4.1364128209e-03
1.0835540709e+03 4.1355158825e-03
1.0838600417e+03 4.1344487489e-03
1.0841733778e+03 4.1334175594e-03
1.0844720373e+03 4.1326916656e-03
1.0847626405e+03 4.1322560543e-03
1.0851069814e+03 4.1318875596e-03
1.0855194173e+03 4.1316431723e-03
1.0859227737e+03 4.1319483704e-03
1.0863242504e+03 4.1325605138e-03
1.0867238910e+03 4.1333076769e-03
1.0871569614e+03 4.1336271603e-03
1.0876020530e+03 4.1333470295e-03
1.0880481441e+03 4.1326900921e-03
1.0884481761e+03 4.1320002576e-03
1.0888064736e+03 4.1314338750e-03
1.0891251444e+03 4.1310183490e-03
1.0894404953e+03 4.1305619578e-03
1.0897587979e+03 4.1303126162e-03
1.0900955586e+03 4.1302356136e-03
1.0904350771e+03 4.1302607913e-03
1.0907918871e+03 4.1301928801e-03
1.0911393177e+03 4.1297781066e-03
1.0914947724e+03 4.1292180684e-03
1.0918687548e+03 4.1283737166e-03
1.0922794788e+03 4.1275665887e-03
1.0926840461e+03 4.1268965231e-03
1.0930874041e+03 4.1262627085e-03
1.0934976888e+03 4.1256256742e-03
1.0939338408e+03 4.1246477296e-03
1.0943654704e+03 4.1235202194e-03
1.0948082012e+03 4.1222620020e-03
1.0952487263e+03 4.1213879382e-03
1.0957003706e+03 4.1210400096e-03
1.0961467001e+03 4.1208927181e-03
1.0966061601e+03 4.1206494386e-03
1.0970555515e+03 4.1202657460e-03
1.0974915608e+03 4.1198969461e-03
1.0978789595e+03 4.1197440665e-03
1.0982419330e+03 4.1197527220e-03
1.0985852962e+03 4.1200110904e-03
1.0989467146e+03 4.1201064960e-03
1.0993118625e+03 4.1198483366e-03
1.0996993488e+03 4.1196033734e-03
1.1000958351e+03 4.1195996708e-03
1.1005089285e+03 4.1198974383e-03
1.1008982470e+03 4.1200946407e-03
1.1012770306e+03 4.1200355121e-03
1.1016510281e+03 4.1197985941e-03
1.1020521585e+03 4.1194419664e-03
1.1024505959e+03 4.1190200908e-03
1.1028438497e+03 4.1181311303e-03
1.1032086236e+03 4.1171497243e-03
1.1035850195e+03 4.1160978890e-03
1.1039696857e+03 4.1149359924e-03
1.1043664444e+03 4.1137831805e-03
1.1047437589e+03 4.1130297902e-03
1.1051467205e+03 4.1128262721e-03
1.1055895032e+03 4.1130828899e-03
1.1060690788e+03 4.1134272765e-03
1.1065148809e+03 4.1135632395e-03
1.1069380981e+03 4.1133780625e-03
1.1073465422e+03 4.1128888219e-03
1.1077695221e+03 4.1124543879e-03
1.1081745315e+03 4.1121752164e-03
1.1085893552e+03 4.1118989797e-03
1.1090088461e+03 4.1116108928e-03
1.1094356995e+03 4.1111228400e-03
1.1098235320e+03 4.1107668740e-03
1.1101876032e+03 4.1105954842e-03
1.1105260114e+03 4.1107283486e-03
1.1108642427e+03 4.1107748437e-03
1.1111823679e+03 4.1103069661e-03
1.1115078013e+03 4.1093964957e-03
1.1118266160e+03 4.1082195338e-03
1.1121542539e+03 4.1069810374e-03
1.1125110722e+03 4.1057400274e-03
1.1129152828e+03 4.1046650513e-03
1.1132960324e+03 4.1039025950e-03
1.1136929130e+03 4.1033658669e-03
1.1140921044e+03 4.1031683934e-03
1.1144943695e+03 4.1030230990e-03
1.1148800252e+03 4.1030692960e-03
1.1152713618e+03 4.1030468682e-03
1.1156514703e+03 4.1030488034e-03
1.1160344095e+03 4.1028994638e-03
1.1164070673e+03 4.1025131407e-03
1.1167839263e+03 4.1017620738e-03
1.1171423854e+03 4.1006379568e-03
1.1175012537e+03 4.0994525351e-03
1.1178584234e+03 4.0982889452e-03
1.1182406498e+03 4.0973929212e-03
1.1186355928e+03 4.0968438791e-03
1.1190564457e+03 4.0966632475e-03
1.1194773066e+03 4.0968169174e-03
1.1199045242e+03 4.0964674897e-03
1.1203071775e+03 4.0958280604e-03
1.1206837925e+03 4.0948923340e-03
1.1210186907e+03 4.0940213812e-03
1.1213659331e+03 4.0930768277e-03
1.1217449634e+03 4.0919059854e-03
1.1221613115e+03 4.0906538700e-03
1.1225479897e+03 4.0896109429e-03
1.1229046562e+03 4.0889743491e-03
1.1232361778e+03 4.0886696549e-03
1.1235844197e+03 4.0884718181e-03
1.1239519658e+03 4.0882715990e-03
1.1243673942e+03 4.0881817482e-03
1.1248042550e+03 4.0878838564e-03
1.1252653397e+03 4.0876167918e-03
1.1257138920e+03 4.0874626487e-03
1.1261518854e+03 4.0874330808e-03
1.1265521212e+03 4.0876785189e-03
1.1269447676e+03 4.0876638915e-03
1.1273259699e+03 4.0874497490e-03
1.1277104158e+03 4.0869935608e-03
1.1280740872e+03 4.0866896459e-03
1.1284467596e+03 4.0863995786e-03
1.1288075384e+03 4.0861016813e-03
1.1291812959e+03 4.0856877757e-03
1.1295534360e+03 4.0851287611e-03
1.1299450041e+03 4.0849142509e-03
1.1303303424e+03 4.0849965797e-03
1.1307271428e+03 4.0852850929e-03
1.1311180168e+03 4.0853921868e-03
1.1315190938e+03 4.0850594159e-03
1.1319138771e+03 4.0843945561e-03
1.1323322295e+03 4.0831939626e-03
1.1327513335e+03 4.0819292132e-03
1.1331926696e+03 4.0804280375e-03
1.1336344784e+03 4.0788468468e-03
1.1340861113e+03 4.0773825841e-03
1.1344993659e+03 4.0761989780e-03
1.1348978885e+03 4.0756178118e-03
1.1352824724e+03 4.0754830442e-03
1.1356713745e+03 4.0755753303e-03
1.1360250705e+03 4.0757183131e-03
1.1363790391e+03 4.0754837837e-03
1.1367338804e+03 4.0751647666e-03
1.1371119343e+03 4.0750575027e-03
1.1374805348e+03 4.0753750827e-03
1.1378612660e+03 4.0759909909e-03
1.1382405307e+03 4.0764913980e-03
1.1386424489e+03 4.0766313772e-03
1.1390564780e+03 4.0762664800e-03
1.1395189845e+03 4.0756492089e-03
1.1399950110e+03 4.0750101784e-03
1.1404706195e+03 4.0743361090e-03
1.1408952847e+03 4.0736635801e-03
1.1412983373e+03 4.0728134900e-03
1.1416611575e+03 4.0719733168e-03
1.1419996563e+03 4.0712143286e-03
1.1422770172e+03 4.0705341163e-03
1.1425140992e+03 4.0699215685e-03
1.1427088128e+03 4.0692845897e-03
1.1429139792e+03 4.0687830798e-03
1.1431185851e+03 4.0684674202e-03
1.1434812031e+03 4.0680325840e-03
1.1438733211e+03 4.0678072519e-03
1.1442473659e+03 4.0673309883e-03
1.1446037808e+03 4.0667641757e-03
1.1449634682e+03 4.0660251158e-03
1.1453209444e+03 4.0651181837e-03
1.1457201479e+03 4.0645811022e-03
1.1461325266e+03 4.0641390197e-03
1.1465497159e+03 4.0639306724e-03
1.1469528169e+03 4.0639372851e-03
1.1473746294e+03 4.0636582838e-03
1.1477821938e+03 4.0633723188e-03
1.1481854455e+03 4.0628429469e-03
1.1485785659e+03 4.0623450656e-03
1.1489717051e+03 4.0618452297e-03
1.1493258894e+03 4.0609726234e-03
1.1496546542e+03 4.0601159202e-03
1.1499462823e+03 4.0594774105e-03
1.1502336161e+03 4.0592903892e-03
1.1505138752e+03 4.0592193897e-03
1.1508293758e+03 4.0586376153e-03
1.1511544542e+03 4.0582172143e-03
1.1514977081e+03 4.0579785616e-03
1.1518482020e+03 4.0580044708e-03
1.1522316012e+03 4.0581120379e-03
1.1526239148e+03 4.0582727889e-03
1.1530294984e+03 4.0583746139e-03
1.1534195576e+03 4.0580889232e-03
1.1538134404e+03 4.0574406717e-03
1.1541796871e+03 4.0565444856e-03
1.1545406566e+03 4.0557228122e-03
1.1548885820e+03 4.0549699113e-03
1.1552545228e+03 4.0542036515e-03
1.1556241557e+03 4.0534440743e-03
1.1560228063e+03 4.0526867985e-03
1.1564414898e+03 4.0523806712e-03
1.1568932571e+03 4.0523685558e-03
1.1573295365e+03 4.0528922085e-03
1.1577567580e+03 4.0533403479e-03
1.1581448559e+03 4.0536498115e-03
1.1585289499e+03 4.0537290040e-03
1.1589006038e+03 4.0535326479e-03
1.1592880819e+03 4.0532195060e-03
1.1596660650e+03 4.0525729619e-03
1.1600463378e+03 4.0520231707e-03
1.1604225453e+03 4.0515330505e-03
1.1608365444e+03 4.0511256131e-03
1.1612667983e+03 4.0509144171e-03
1.1617268543e+03 4.0503552332e-03
1.1621717302e+03 4.0497603789e-03
1.1626236615e+03 4.0492079011e-03
1.1630588557e+03 4.0490585119e-03
1.1634861392e+03 4.0491164195e-03
1.1638706985e+03 4.0490601299e-03
1.1642521091e+03 4.0487503416e-03
1.1646274276e+03 4.0481919884e-03
1.1650326526e+03 4.0476063766e-03
1.1654488437e+03 4.0471448960e-03
1.1659020195e+03 4.0466101197e-03
1.1663546180e+03 4.0461278634e-03
1.1668215841e+03 4.0456735248e-03
1.1672632391e+03 4.0453860759e-03
1.1676940052e+03 4.0453707462e-03
1.1680892014e+03 4.0454731925e-03
1.1684811646e+03 4.0454625271e-03
1.1688588741e+03 4.0453816241e-03
1.1692535911e+03 4.0453281824e-03
1.1696307622e+03 4.0452281292e-03
1.1700004889e+03 4.0447509110e-03
1.1703400584e+03 4.0439825439e-03
1.1707004957e+03 4.0430445727e-03
1.1710643683e+03 4.0422110835e-03
1.1714404676e+03 4.0414670615e-03
1.1717873236e+03 4.0409712670e-03
1.1721309829e+03 4.0402079120e-03
1.1724592574e+03 4.0392962491e-03
1.1727995644e+03 4.0383405806e-03
1.1731226029e+03 4.0372476247e-03
1.1734563737e+03 4.0363134271e-03
1.1737749185e+03 4.0355650520e-03
1.1740998919e+03 4.0351948198e-03
1.1743956620e+03 4.0351876653e-03
1.1746876208e+03 4.0356380087e-03
1.1749539285e+03 4.0364704037e-03
1.1752302761e+03 4.0370879933e-03
1.1757170332e+03 4.0372046062e-03
1.1762477154e+03 4.0369473491e-03
1.1767518697e+03 4.0366450234e-03
1.1772537915e+03 4.0361356889e-03
1.1777334036e+03 4.0355146124e-03
1.1782211498e+03 4.0349261815e-03
1.1786895567e+03 4.0344096351e-03
1.1791538443e+03 4.0336095930e-03
1.1796114581e+03 4.0326113534e-03
1.1801092854e+03 4.0317596186e-03
1.1806122786e+03 4.0312416972e-03
1.1811196616e+03 4.0308389729e-03
1.1816183180e+03 4.0304950200e-03
1.1821449755e+03 4.0301621808e-03
1.1826582233e+03 4.0299164966e-03
1.1831666713e+03 4.0299476569e-03
1.1836390417e+03 4.0302296025e-03
1.1841056941e+03 4.0305232399e-03
1.1845450406e+03 4.0306672489e-03
1.1849784540e+03 4.0304802587e-03
1.1853690434e+03 4.0300732839e-03
1.1857332935e+03 4.0291989726e-03
1.1860614911e+03 4.0281894553e-03
1.1863805556e+03 4.0270189841e-03
1.1866723901e+03 4.0262289206e-03
1.1869869837e+03 4.0258871599e-03
1.1873299428e+03 4.0254551188e-03
1.1877485212e+03 4.0250940394e-03
1.1882158720e+03 4.0246222054e-03
1.1887254130e+03 4.0243533838e-03
1.1892212767e+03 4.0242663957e-03
1.1897130534e+03 4.0243834199e-03
1.1901756436e+03 4.0246055524e-03
1.1906222885e+03 4.0244409166e-03
1.1910269127e+03 4.0242087672e-03
1.1914240520e+03 4.0240425025e-03
1.1917973964e+03 4.0240784451e-03
1.1921946069e+03 4.0241054204e-03
1.1925930840e+03 4.0240700894e-03
1.1930063042e+03 4.0239779208e-03
1.1933966127e+03 4.0239590267e-03
1.1937989201e+03 4.0237760158e-03
1.1941926268e+03 4.0233728380e-03
1.1945868520e+03 4.0225896544e-03
1.1949456521e+03 4.0219409618e-03
1.1953197755e+03 4.0214583057e-03
1.1957009624e+03 4.0209161473e-03
1.1961107656e+03 4.0201337834e-03
1.1965045211e+03 4.0188558036e-03
1.1969235372e+03 4.0176252932e-03
1.1973680487e+03 4.0166679010e-03
1.1978639499e+03 4.0161527634e-03
1.1983453923e+03 4.0162029632e-03
1.1988218092e+03 4.0164530162e-03
1.1992811320e+03 4.0169895653e-03
1.1997638043e+03 4.0170954917e-03
1.2002155962e+03 4.0168772058e-03
1.2006502624e+03 4.0164622700e-03
1.2010656038e+03 4.0157077473e-03
1.2015175354e+03 4.0150325725e-03
1.2019603962e+03 4.0145638181e-03
1.2023988801e+03 4.0145855591e-03
1.2027989652e+03 4.0148374359e-03
1.2031980210e+03 4.0146393090e-03
1.2035738610e+03 4.0143099484e-03
1.2039664017e+03 4.0136805703e-03
1.2043533710e+03 4.0130666958e-03
1.2047508004e+03 4.0126222957e-03
1.2051080983e+03 4.0122007086e-03
1.2054595828e+03 4.0117486835e-03
1.2058022346e+03 4.0113787149e-03
1.2061773078e+03 4.0109364987e-03
1.2065354845e+03 4.0102995156e-03
1.2068939958e+03 4.0092248978e-03
1.2072268629e+03 4.0080226931e-03
1.2076207141e+03 4.0068036183e-03
1.2081688689e+03 4.0058075135e-03
1.2086980497e+03 4.0053633550e-03
1.2091953574e+03 4.0053571956e-03
1.2096992838e+03 4.0053001174e-03
1.2101847055e+03 4.0051377355e-03
1.2106674520e+03 4.0045625363e-03
1.2111173867e+03 4.0037666813e-03
1.2115733969e+03 4.0027538133e-03
1.2120134396e+03 4.0022241174e-03
1.2124639602e+03 4.0022042323e-03
1.2128976596e+03 4.0022857831e-03
1.2133372233e+03 4.0022830312e-03
1.2137484705e+03 4.0018493578e-03
1.2141594414e+03 4.0013591561e-03
1.2145590718e+03 4.0010170505e-03
1.2149824165e+03 4.0006315316e-03
1.2153828077e+03 4.0004202879e-03
1.2157738491e+03 3.9999407886e-03
1.2161444986e+03 3.9994687640e-03
1.2165560666e+03 3.9987640090e-03
1.2169771868e+03 3.9982176021e-03
1.2174055217e+03 3.9981963027e-03
1.2177814783e+03 3.9981799523e-03
1.2181251949e+03 3.9982150308e-03
1.2184185908e+03 3.9978626206e-03
1.2187025494e+03 3.9974814957e-03
1.2189637969e+03 3.9971902336e-03
1.2192385399e+03 3.9968679699e-03
1.2195227079e+03 3.9967879534e-03
1.2198529059e+03 3.9961648028e-03
1.2201898444e+03 3.9953801010e-03
1.2205596579e+03 3.9942925226e-03
1.2209297762e+03 3.9931549946e-03
1.2213298272e+03 3.9922934649e-03
1.2217436861e+03 3.9915255996e-03
1.2222241469e+03 3.9908569626e-03
1.2227405263e+03 3.9902034842e-03
1.2232814608e+03 3.9896708547e-03
1.2238042294e+03 3.9891510577e-03
1.2243440376e+03 3.9884390619e-03
1.2248658642e+03 3.9877226542e-03
1.2253787052e+03 3.9869366003e-03
1.2258386954e+03 3.9863036040e-03
1.2262918330e+03 3.9858604444e-03
1.2267212968e+03 3.9855633388e-03
1.2271566637e+03 3.9852039082e-03
1.2275491217e+03 3.9844549191e-03
1.2279159983e+03 3.9832601351e-03
1.2282400574e+03 3.9819770711e-03
1.2285702543e+03 3.9810053036e-03
1.2288763083e+03 3.9802404067e-03
1.2291882995e+03 3.9796562768e-03
1.2294917712e+03 3.9795330568e-03
1.2298371794e+03 3.9798135312e-03
1.2301783343e+03 3.9802889341e-03
1.2305293875e+03 3.9804347191e-03
1.2308647083e+03 3.9799966299e-03
1.2312371005e+03 3.9788876311e-03
1.2316154691e+03 3.9777541037e-03
1.2320743239e+03 3.9766418555e-03
1.2325612774e+03 3.9758696692e-03
1.2330346553e+03 3.9752953786e-03
1.2334630176e+03 3.9749032736e-03
1.2338916278e+03 3.9747928209e-03
1.2343094572e+03 3.9748511056e-03
1.2347318416e+03 3.9752934942e-03
1.2351171029e+03 3.9755517638e-03
1.2354987738e+03 3.9753387697e-03
1.2359239617e+03 3.9747369460e-03
1.2364150051e+03 3.9740131444e-03
1.2369069405e+03 3.9734598953e-03
1.2374171402e+03 3.9726548993e-03
1.2378912207e+03 3.9719230083e-03
1.2383509561e+03 3.9709722872e-03
1.2387804896e+03 3.9700311352e-03
1.2392262998e+03 3.9689852099e-03
1.2396374679e+03 3.9678876193e-03
1.2400431628e+03 3.9672734486e-03
1.2404214720e+03 3.9670090219e-03
1.2408129833e+03 3.9673371689e-03
1.2411760579e+03 3.9679863798e-03
1.2415429512e+03 3.9685714863e-03
1.2419055064e+03 3.9691765622e-03
1.2423119066e+03 3.9694687630e-03
1.2427072104e+03 3.9697515154e-03
1.2432312041e+03 3.9696515125e-03
1.2437537534e+03 3.9692934107e-03
1.2442924550e+03 3.9686625766e-03
1.2448086257e+03 3.9680832842e-03
1.2453164089e+03 3.9678184503e-03
1.2457917940e+03 3.9676333398e-03
1.2462688190e+03 3.9677024956e-03
1.2467153248e+03 3.9675582794e-03
1.2471650221e+03 3.9671792651e-03
1.2475969062e+03 3.9668413167e-03
1.2480600370e+03 3.9665843993e-03
1.2485278654e+03 3.9664113152e-03
1.2490286277e+03 3.9658985317e-03
1.2495336691e+03 3.9652335542e-03
1.2500734539e+03 3.9646011194e-03
1.2506090640e+03 3.9640552094e-03
1.2511615577e+03 3.9636523148e-03
1.2516793329e+03 3.9632231735e-03
1.2521967410e+03 3.9625843086e-03
1.2526932410e+03 3.9619635860e-03
1.2532116462e+03 3.9611975420e-03
1.2537109788e+03 3.9608909894e-03
1.2542086672e+03 3.9610108743e-03
1.2546691379e+03 3.9612449132e-03
1.2551389443e+03 3.9614960308e-03
1.2555830779e+03 3.9612405951e-03
1.2560420919e+03 3.9609842165e-03
1.2564947210e+03 3.9604220923e-03
1.2569925732e+03 3.9593217231e-03
1.2575032794e+03 3.9580474261e-03
1.2580404245e+03 3.9566187173e-03
1.2585597618e+03 3.9557100834e-03
1.2590960066e+03 3.9546501111e-03
1.2596255352e+03 3.9538354304e-03
1.2601688931e+03 3.9533568786e-03
1.2606726193e+03 3.9530257374e-03
1.2611777087e+03 3.9529843757e-03
1.2616549638e+03 3.9529315507e-03
1.2621395585e+03 3.9530486263e-03
1.2625832098e+03 3.9532163155e-03
1.2630156657e+03 3.9532938945e-03
1.2634245612e+03 3.9534699345e-03
1.2638599422e+03 3.9534978269e-03
1.2642785839e+03 3.9532567490e-03
1.2646829772e+03 3.9525692217e-03
1.2650323032e+03 3.9512521488e-03
1.2653893795e+03 3.9497650019e-03
1.2657265716e+03 3.9485853540e-03
1.2660728199e+03 3.9477629059e-03
1.2663872903e+03 3.9473737267e-03
1.2667315366e+03 3.9468827016e-03
1.2671054569e+03 3.9464766551e-03
1.2676159956e+03 3.9463839083e-03
1.2682244705e+03 3.9464666914e-03
1.2688349078e+03 3.9464046611e-03
1.2694160754e+03 3.9460178102e-03
1.2699879472e+03 3.9454935960e-03
1.2704839412e+03 3.9448580464e-03
1.2709374271e+03 3.9440305505e-03
1.2713249988e+03 3.9433571126e-03
1.2717067900e+03 3.9428022315e-03
1.2720756879e+03 3.9425678519e-03
1.2724730465e+03 3.9426901636e-03
1.2728550745e+03 3.9427902070e-03
1.2732596523e+03 3.9427795773e-03
1.2736780878e+03 3.9424319689e-03
1.2741487371e+03 3.9421976345e-03
1.2746193270e+03 3.9424059197e-03
1.2751092584e+03 3.9426890744e-03
1.2755763214e+03 3.9430588290e-03
1.2760543655e+03 3.9428036126e-03
1.2764909673e+03 3.9423740215e-03
1.2768978050e+03 3.9414965015e-03
1.2772561393e+03 3.9407004090e-03
1.2776308786e+03 3.9399454929e-03
1.2780164364e+03 3.9391044250e-03
1.2784496210e+03 3.9382629557e-03
1.2788780635e+03 3.9372246983e-03
1.2793252701e+03 3.9365202611e-03
1.2797498395e+03 3.9359756789e-03
1.2801953264e+03 3.9358686068e-03
1.2806560700e+03 3.9364892673e-03
1.2811799683e+03 3.9372343732e-03
1.2816990786e+03 3.9381014230e-03
1.2822201557e+03 3.9385358459e-03
1.2827234659e+03 3.9387396186e-03
1.2832542252e+03 3.9386950860e-03
1.2837339543e+03 3.9386675511e-03
1.2841838784e+03 3.9388307293e-03
1.2845928448e+03 3.9387181694e-03
1.2850267245e+03 3.9382219369e-03
1.2854424424e+03 3.9373039723e-03
1.2858670115e+03 3.9362194371e-03
1.2862704116e+03 3.9350223058e-03
1.2867035594e+03 3.9338290026e-03
1.2871210670e+03 3.9328767033e-03
1.2875593758e+03 3.9320931501e-03
1.2879886538e+03 3.9314528953e-03
1.2884378115e+03 3.9307260025e-03
1.2888471136e+03 3.9300688962e-03
1.2892697447e+03 3.9294656618e-03
1.2896945997e+03 3.9290780794e-03
1.2901545105e+03 3.9289112608e-03
1.2905964129e+03 3.9288302645e-03
1.2910717629e+03 3.9286486559e-03
1.2915544960e+03 3.9284909235e-03
1.2920568409e+03 3.9283838125e-03
1.2925141181e+03 3.9283294736e-03
1.2929678606e+03 3.9283107444e-03
1.2934128816e+03 3.9280249075e-03
1.2939144257e+03 3.9274600137e-03
1.2944325691e+03 3.9265903787e-03
1.2949873592e+03 3.9256530496e-03
1.2955178772e+03 3.9249571520e-03
1.2960491234e+03 3.9244619229e-03
1.2965455037e+03 3.9244259337e-03
1.2970428572e+03 3.9243807613e-03
1.2974989960e+03 3.9243706986e-03
1.2979492503e+03 3.9241143896e-03
1.2983629749e+03 3.9237798274e-03
1.2987915177e+03 3.9234265768e-03
1.2991971935e+03 3.9229941694e-03
1.2996148324e+03 3.9227276270e-03
1.2999994595e+03 3.9221520966e-03
1.3003801849e+03 3.9213458439e-03
1.3007128775e+03 3.9204902425e-03
1.3010447385e+03 3.9194937415e-03
1.3013662981e+03 3.9187941827e-03
1.3017402899e+03 3.9184728543e-03
1.3021124398e+03 3.9185678287e-03
1.3025052048e+03 3.9186207467e-03
1.3028842131e+03 3.9185319136e-03
1.3032957456e+03 3.9185431304e-03
1.3038532312e+03 3.9187772037e-03
1.3043833599e+03 3.9190152109e-03
1.3048790627e+03 3.9194001502e-03
1.3054033009e+03 3.9198029991e-03
1.3059007777e+03 3.9198566157e-03
1.3064198197e+03 3.9194521329e-03
1.3069424186e+03 3.9186171536e-03
1.3075049021e+03 3.9178456683e-03
1.3080440440e+03 3.9171582219e-03
1.3085792652e+03 3.9166316449e-03
1.3090673472e+03 3.9162867482e-03
1.3095621626e+03 3.9158553811e-03
1.3100424679e+03 3.9153242275e-03
1.3105685739e+03 3.9145971449e-03
1.3110856617e+03 3.9142037594e-03
1.3116118640e+03 3.9141185832e-03
1.3120975082e+03 3.9143624793e-03
1.3125968488e+03 3.9146888788e-03
1.3130787366e+03 3.9146425814e-03
1.3135674453e+03 3.9140789855e-03
1.3140098911e+03 3.9130797563e-03
1.3144468079e+03 3.9125005081e-03
1.3148453806e+03 3.9124156573e-03
1.3152734964e+03 3.9125954897e-03
1.3157046881e+03 3.9125678575e-03
1.3161855863e+03 3.9120043258e-03
1.3166658754e+03 3.9115552618e-03
1.3171623384e+03 3.9109048780e-03
1.3176158433e+03 3.9103061753e-03
1.3180677108e+03 3.9096997089e-03
1.3185055962e+03 3.9093898304e-03
1.3189815243e+03 3.9092703134e-03
1.3194372452e+03 3.9087091067e-03
1.3199014516e+03 3.9079705430e-03
1.3203316757e+03 3.9068837676e-03
1.3207758666e+03 3.9055350348e-03
1.3212121008e+03 3.9041919133e-03
1.3216948449e+03 3.9031167341e-03
1.3221708534e+03 3.9024553196e-03
1.3226381537e+03 3.9020908104e-03
1.3230537692e+03 3.9021391908e-03
1.3234819804e+03 3.9021127998e-03
1.3239018204e+03 3.9021647175e-03
1.3243717100e+03 3.9023590863e-03
1.3248571426e+03 3.9026092702e-03
1.3253896726e+03 3.9029465971e-03
1.3259150266e+03 3.9031039604e-03
1.3264648358e+03 3.9030367247e-03
1.3269934332e+03 3.9028699493e-03
1.3275225385e+03 3.9025731628e-03
1.3280015924e+03 3.9019656240e-03
1.3284810481e+03 3.9008375176e-03
1.3289453089e+03 3.8996057237e-03
1.3294552558e+03 3.8983705132e-03
1.3299592480e+03 3.8972783565e-03
1.3304810420e+03 3.8963047847e-03
1.3309932194e+03 3.8954641039e-03
1.3315425787e+03 3.8948664671e-03
1.3320652052e+03 3.8942891281e-03
1.3325943261e+03 3.8939466395e-03
1.3331171033e+03 3.8936438064e-03
1.3336787329e+03 3.8935688120e-03
1.3341988237e+03 3.8936311051e-03
1.3346995296e+03 3.8937206819e-03
1.3351616029e+03 3.8940638979e-03
1.3356505206e+03 3.8944592860e-03
1.3361315616e+03 3.8947312548e-03
1.3366290083e+03 3.8943860129e-03
1.3370763440e+03 3.8935898782e-03
1.3374876787e+03 3.8925580930e-03
1.3378467666e+03 3.8918387655e-03
1.3382233115e+03 3.8912850256e-03
1.3385870112e+03 3.8907629035e-03
1.3389772405e+03 3.8901579280e-03
1.3394480604e+03 3.8894640927e-03
1.3399509955e+03 3.8890713238e-03
1.3404390030e+03 3.8886250451e-03
1.3409599914e+03 3.8879365598e-03
1.3414722172e+03 3.8866702182e-03
1.3420222109e+03 3.8851036376e-03
1.3425754151e+03 3.8839104103e-03
1.3431764089e+03 3.8829247221e-03
1.3437742406e+03 3.8823059563e-03
1.3444187095e+03 3.8816812732e-03
1.3450524340e+03 3.8816389176e-03
1.3457096647e+03 3.8819984193e-03
1.3463181565e+03 3.8825777045e-03
1.3469128661e+03 3.8831827897e-03
1.3474595849e+03 3.8835674396e-03
1.3480230904e+03 3.8837977364e-03
1.3485715374e+03 3.8833890561e-03
1.3491382851e+03 3.8824462883e-03
1.3496677438e+03 3.8811044459e-03
1.3502130142e+03 3.8799379424e-03
1.3507132276e+03 3.8789551634e-03
1.3512161266e+03 3.8778907048e-03
1.3516866695e+03 3.8772918030e-03
1.3521928920e+03 3.8769085273e-03
1.3527002215e+03 3.8768070429e-03
1.3532292250e+03 3.8762374943e-03
1.3537319819e+03 3.8750996661e-03
1.3542545010e+03 3.8739855245e-03
1.3547414999e+03 3.8730696628e-03
1.3552369300e+03 3.8724936996e-03
1.3557166694e+03 3.8722735602e-03
1.3562347181e+03 3.8725346825e-03
1.3567363787e+03 3.8731248681e-03
1.3572374269e+03 3.8735965322e-03
1.3576902130e+03 3.8735702268e-03
1.3581482136e+03 3.8729378925e-03
1.3586233597e+03 3.8720800288e-03
1.3591724689e+03 3.8711667350e-03
1.3597187228e+03 3.8704165387e-03
1.3602603913e+03 3.8698943284e-03
1.3607560577e+03 3.8695684328e-03
1.3612694965e+03 3.8691776758e-03
1.3617918059e+03 3.8686693464e-03
1.3623585063e+03 3.8682045617e-03
1.3629034013e+03 3.8676542200e-03
1.3634228173e+03 3.8665936253e-03
1.3638759674e+03 3.8652861935e-03
1.3643378232e+03 3.8640071494e-03
1.3648129467e+03 3.8631428945e-03
1.3653316344e+03 3.8626465897e-03
1.3659270937e+03 3.8625015623e-03
1.3664847284e+03 3.8623128643e-03
1.3669613505e+03 3.8620011244e-03
1.3674666153e+03 3.8615989679e-03
1.3679720857e+03 3.8608798384e-03
1.3685235642e+03 3.8602660875e-03
1.3690506858e+03 3.8596520545e-03
1.3695977685e+03 3.8592449239e-03
1.3701145431e+03 3.8590333230e-03
1.3706467800e+03 3.8591841124e-03
1.3711312535e+03 3.8595325786e-03
1.3716236297e+03 3.8595302774e-03
1.3720863869e+03 3.8596337424e-03
1.3725746587e+03 3.8595861208e-03
1.3730424488e+03 3.8596887945e-03
1.3735411836e+03 3.8599136441e-03
1.3740150388e+03 3.8603548137e-03
1.3744964811e+03 3.8606936932e-03
1.3749590927e+03 3.8605162083e-03
1.3754678584e+03 3.8598873029e-03
1.3759810011e+03 3.8589990278e-03
1.3765274791e+03 3.8582751600e-03
1.3770540487e+03 3.8573127990e-03
1.3775912298e+03 3.8560694670e-03
1.3780835522e+03 3.8548353853e-03
1.3785768953e+03 3.8537162805e-03
1.3790412021e+03 3.8527551223e-03
1.3795172626e+03 3.8519246097e-03
1.3799626299e+03 3.8514422946e-03
1.3804422352e+03 3.8513987036e-03
1.3809437577e+03 3.8516539857e-03
1.3815090363e+03 3.8517528683e-03
1.3820729618e+03 3.8513964297e-03
1.3826519194e+03 3.8507999661e-03
1.3831878468e+03 3.8501600101e-03
1.3837139873e+03 3.8494633715e-03
1.3841966421e+03 3.8486428271e-03
1.3846951736e+03 3.8478772939e-03
1.3851948465e+03 3.8472570031e-03
1.3857361983e+03 3.8468678323e-03
1.3862724648e+03 3.8466793507e-03
1.3868254513e+03 3.8467376225e-03
1.3873597788e+03 3.8468573310e-03
1.3879086072e+03 3.8471005488e-03
1.3884390315e+03 3.8471537628e-03
1.3889815752e+03 3.8469539616e-03
1.3894959430e+03 3.8464777514e-03
1.3899851216e+03 3.8456846202e-03
1.3904073685e+03 3.8448528745e-03
1.3908219205e+03 3.8439521380e-03
1.3912522548e+03 3.8430318601e-03
1.3917626711e+03 3.8418921417e-03
1.3923272560e+03 3.8407065904e-03
1.3929723196e+03 3.8400546596e-03
1.3935881469e+03 3.8396181579e-03
1.3942267357e+03 3.8391191456e-03
1.3948486889e+03 3.8381973181e-03
1.3954975829e+03 3.8369692832e-03
1.3961227275e+03 3.8359182616e-03
1.3967715968e+03 3.8350881969e-03
1.3973911208e+03 3.8345042800e-03
1.3980291521e+03 3.8341752289e-03
1.3986512910e+03 3.8338428583e-03
1.3992880389e+03 3.8337596531e-03
1.3998773981e+03 3.8338112798e-03
1.4004724456e+03 3.8337061438e-03
1.4010682747e+03 3.8333590630e-03
1.4017248742e+03 3.8324377440e-03
1.4023934324e+03 3.8314455495e-03
1.4030877210e+03 3.8304438980e-03
1.4037467149e+03 3.8294870856e-03
1.4043923306e+03 3.8288476224e-03
1.4050054274e+03 3.8283637339e-03
1.4056391466e+03 3.8284696404e-03
1.4062775633e+03 3.8285727361e-03
1.4069412347e+03 3.8285683741e-03
1.4075670141e+03 3.8280248753e-03
1.4081714970e+03 3.8267615446e-03
1.4087389760e+03 3.8252538716e-03
1.4093265084e+03 3.8236455503e-03
1.4099161573e+03 3.8223961930e-03
1.4105214331e+03 3.8211780548e-03
1.4111063448e+03 3.8201111392e-03
1.4116940882e+03 3.8192479191e-03
1.4122654602e+03 3.8188755226e-03
1.4128303288e+03 3.8191288732e-03
1.4133466105e+03 3.8192922700e-03
1.4138483680e+03 3.8190245748e-03
1.4143376220e+03 3.8182045423e-03
1.4148425350e+03 3.8174536526e-03
1.4153728224e+03 3.8171539204e-03
