# Displacement thickness delta* as function of Re_theta
# Columns: Re_theta   delta*
7.8071696720e+02 2.3736228622e-01
7.8116501347e+02 2.3777662157e-01
7.8157292777e+02 2.3817327846e-01
7.8195594254e+02 2.3848778472e-01
7.8232474738e+02 2.3872324033e-01
7.8268707925e+02 2.3883696952e-01
7.8303893892e+02 2.3885618356e-01
7.8337994046e+02 2.3876648152e-01
7.8370084809e+02 2.3863966119e-01
7.8400577672e+02 2.3848474181e-01
7.8431070819e+02 2.3833896418e-01
7.8461903370e+02 2.3815095614e-01
7.8491926730e+02 2.3795440097e-01
7.8520640306e+02 2.3774728337e-01
7.8547817490e+02 2.3757732064e-01
7.8574525372e+02 2.3740189398e-01
7.8601468944e+02 2.3724576344e-01
7.8628704536e+02 2.3708943477e-01
7.8654778373e+02 2.3696377319e-01
7.8677703645e+02 2.3681124563e-01
7.8707948633e+02 2.3669912210e-01
7.8745856633e+02 2.3664015570e-01
7.8780190460e+02 2.3666886146e-01
7.8810208105e+02 2.3673687369e-01
7.8838199860e+02 2.3684033314e-01
7.8865455516e+02 2.3693323044e-01
7.8891693230e+02 2.3705247686e-01
7.8916454377e+02 2.3717201963e-01
7.8939797022e+02 2.3733356310e-01
7.8967620740e+02 2.3752925466e-01
7.9009900159e+02 2.3781359069e-01
7.9050270435e+02 2.3807928959e-01
7.9088110444e+02 2.3834322224e-01
7.9125713949e+02 2.3858151024e-01
7.9163012744e+02 2.3882340389e-01
7.9199664685e+02 2.3903071159e-01
7.9234884901e+02 2.3923611852e-01
7.9267380918e+02 2.3941345959e-01
7.9295846928e+02 2.3960137616e-01
7.9320071741e+02 2.3975726570e-01
7.9343260871e+02 2.3991413805e-01
7.9366421805e+02 2.4005091511e-01
7.9388950815e+02 2.4022477872e-01
7.9410414139e+02 2.4039599235e-01
7.9431546135e+02 2.4056084990e-01
7.9453642632e+02 2.4064574585e-01
7.9477707240e+02 2.4066121621e-01
7.9504185450e+02 2.4056168853e-01
7.9532736757e+02 2.4038408467e-01
7.9559869755e+02 2.4011330424e-01
7.9583925458e+02 2.3980721092e-01
7.9606472470e+02 2.3944499538e-01
7.9629744848e+02 2.3905798935e-01
7.9655136726e+02 2.3863516158e-01
7.9681807901e+02 2.3823513327e-01
7.9709600893e+02 2.3784675148e-01
7.9737597893e+02 2.3750500213e-01
7.9765119814e+02 2.3717080825e-01
7.9791843263e+02 2.3686847678e-01
7.9816601409e+02 2.3655065233e-01
7.9836772323e+02 2.3623307420e-01
7.9850819098e+02 2.3588590108e-01
7.9859048049e+02 2.3556038667e-01
7.9863276225e+02 2.3523017406e-01
7.9884116097e+02 2.3500738483e-01
7.9910650168e+02 2.3485359703e-01
7.9935764235e+02 2.3480090684e-01
7.9960772728e+02 2.3479538136e-01
7.9985428384e+02 2.3484660482e-01
8.0006440472e+02 2.3494549348e-01
8.0021470530e+02 2.3516242115e-01
8.0043572026e+02 2.3547432052e-01
8.0079974127e+02 2.3585421018e-01
8.0113512451e+02 2.3619252900e-01
8.0145673848e+02 2.3657978728e-01
8.0175986430e+02 2.3699776994e-01
8.0203563532e+02 2.3741630599e-01
8.0229457833e+02 2.3776286750e-01
8.0252982377e+02 2.3810068422e-01
8.0273359937e+02 2.3844793425e-01
8.0291794205e+02 2.3882053839e-01
8.0312161120e+02 2.3913842682e-01
8.0335664794e+02 2.3941568512e-01
8.0360033740e+02 2.3963736622e-01
8.0384627508e+02 2.3985735119e-01
8.0409425668e+02 2.4003356381e-01
8.0436592338e+02 2.4019723949e-01
8.0465620402e+02 2.4031284976e-01
8.0494878931e+02 2.4040797031e-01
8.0524351500e+02 2.4042934473e-01
8.0555298498e+02 2.4040356578e-01
8.0588356930e+02 2.4030096380e-01
8.0622975928e+02 2.4015348026e-01
8.0658691304e+02 2.3993078836e-01
8.0695176142e+02 2.3969679452e-01
8.0730997173e+02 2.3945294389e-01
8.0766749612e+02 2.3925738326e-01
8.0802221299e+02 2.3908776975e-01
8.0835540040e+02 2.3898878050e-01
8.0866092260e+02 2.3893163514e-01
8.0895305243e+02 2.3893720052e-01
8.0924605051e+02 2.3894973432e-01
8.0954419937e+02 2.3898501432e-01
8.0985171990e+02 2.3899088074e-01
8.1016658566e+02 2.3900015335e-01
8.1046521133e+02 2.3901481293e-01
8.1073429324e+02 2.3911928622e-01
8.1098488115e+02 2.3929568949e-01
8.1122804956e+02 2.3956177845e-01
8.1145119326e+02 2.3986501076e-01
8.1163941777e+02 2.4021667459e-01
8.1178528210e+02 2.4055646733e-01
8.1189485405e+02 2.4091184349e-01
8.1229993245e+02 2.4136553540e-01
8.1272060832e+02 2.4184285188e-01
8.1311104370e+02 2.4226096817e-01
8.1347220509e+02 2.4264012751e-01
8.1381584266e+02 2.4295555746e-01
8.1412711855e+02 2.4324559296e-01
8.1436751912e+02 2.4344485340e-01
8.1454310261e+02 2.4356893570e-01
8.1470161600e+02 2.4360295659e-01
8.1486668073e+02 2.4361560023e-01
8.1503370458e+02 2.4358081716e-01
8.1520509441e+02 2.4350071153e-01
8.1540760976e+02 2.4332972539e-01
8.1562991570e+02 2.4312643187e-01
8.1584741401e+02 2.4289613864e-01
8.1606496183e+02 2.4268830293e-01
8.1629355463e+02 2.4244484275e-01
8.1653101674e+02 2.4218128166e-01
8.1676179023e+02 2.4186746479e-01
8.1700133608e+02 2.4157228417e-01
8.1726905619e+02 2.4128956463e-01
8.1756008557e+02 2.4106324160e-01
8.1786188692e+02 2.4084999847e-01
8.1816143265e+02 2.4067030989e-01
8.1845728770e+02 2.4049380772e-01
8.1875148550e+02 2.4035418419e-01
8.1904294546e+02 2.4019643566e-01
8.1932335439e+02 2.4004646404e-01
8.1959449955e+02 2.3990702794e-01
8.1986489219e+02 2.3986099113e-01
8.2012892783e+02 2.3985300772e-01
8.2037849598e+02 2.3984815745e-01
8.2062230498e+02 2.3978809690e-01
8.2087827045e+02 2.3976175846e-01
8.2115770238e+02 2.3978624950e-01
8.2145676505e+02 2.3989279365e-01
8.2178169400e+02 2.4005046972e-01
8.2212793669e+02 2.4031432698e-01
8.2248259459e+02 2.4062726468e-01
8.2282890833e+02 2.4096001379e-01
8.2316173433e+02 2.4124886913e-01
8.2348653169e+02 2.4155583049e-01
8.2379987191e+02 2.4187198739e-01
8.2407974642e+02 2.4223203261e-01
8.2431692770e+02 2.4259275120e-01
8.2452526338e+02 2.4298360313e-01
8.2473235163e+02 2.4335030562e-01
8.2495350719e+02 2.4368804353e-01
8.2517017701e+02 2.4391625748e-01
8.2537339264e+02 2.4406199534e-01
8.2556597859e+02 2.4411412872e-01
8.2576653714e+02 2.4414704918e-01
8.2598024600e+02 2.4415185640e-01
8.2620802008e+02 2.4417599621e-01
8.2645065112e+02 2.4416982030e-01
8.2671888588e+02 2.4413055787e-01
8.2702127443e+02 2.4400478795e-01
8.2734733511e+02 2.4385916441e-01
8.2766549335e+02 2.4369664345e-01
8.2797038751e+02 2.4355657343e-01
8.2826777840e+02 2.4339129731e-01
8.2855753373e+02 2.4325718563e-01
8.2883138835e+02 2.4315080924e-01
8.2909448571e+02 2.4311226338e-01
8.2934624861e+02 2.4307562526e-01
8.2958218199e+02 2.4305691383e-01
8.2979238429e+02 2.4301111336e-01
8.2999099649e+02 2.4295919014e-01
8.3019548210e+02 2.4284943730e-01
8.3041672356e+02 2.4272771021e-01
8.3065964632e+02 2.4259615496e-01
8.3091542393e+02 2.4253684786e-01
8.3116768655e+02 2.4254598381e-01
8.3140862604e+02 2.4264217829e-01
8.3164516238e+02 2.4272358614e-01
8.3189976856e+02 2.4277827150e-01
8.3217360596e+02 2.4279222318e-01
8.3246130974e+02 2.4286976984e-01
8.3274443458e+02 2.4301077575e-01
8.3301022782e+02 2.4323135659e-01
8.3326429990e+02 2.4346300909e-01
8.3360899292e+02 2.4373873927e-01
8.3398996596e+02 2.4400440159e-01
8.3437837586e+02 2.4433397348e-01
8.3478783615e+02 2.4472881917e-01
8.3520430143e+02 2.4519904889e-01
8.3560897805e+02 2.4564362480e-01
8.3599684919e+02 2.4608069191e-01
8.3636429566e+02 2.4647622081e-01
8.3669885001e+02 2.4683937022e-01
8.3701359490e+02 2.4708397232e-01
8.3732275131e+02 2.4722641524e-01
8.3761103702e+02 2.4725673257e-01
8.3787079559e+02 2.4726214459e-01
8.3811658109e+02 2.4722686176e-01
8.3838450091e+02 2.4718032608e-01
8.3867465876e+02 2.4707372969e-01
8.3895525906e+02 2.4694738713e-01
8.3922215840e+02 2.4677922714e-01
8.3947817030e+02 2.4659346577e-01
8.3972833639e+02 2.4635058884e-01
8.3996184250e+02 2.4611543091e-01
8.4017165778e+02 2.4591053170e-01
8.4036564055e+02 2.4580255726e-01
8.4055155132e+02 2.4572267539e-01
8.4074901938e+02 2.4567925893e-01
8.4095334465e+02 2.4563534366e-01
8.4114217947e+02 2.4562527433e-01
8.4132262959e+02 2.4558688873e-01
8.4152406435e+02 2.4553702603e-01
8.4175672978e+02 2.4544690553e-01
8.4200795858e+02 2.4538083073e-01
8.4225712666e+02 2.4531682218e-01
8.4250123144e+02 2.4530197902e-01
8.4274409018e+02 2.4531774880e-01
8.4299663745e+02 2.4541638365e-01
8.4326464481e+02 2.4553795091e-01
8.4353709531e+02 2.4566957146e-01
8.4380454367e+02 2.4575889135e-01
8.4406461937e+02 2.4587862847e-01
8.4431367719e+02 2.4602671872e-01
8.4456126182e+02 2.4622346561e-01
8.4482444857e+02 2.4639623231e-01
8.4508844373e+02 2.4659018302e-01
8.4531497516e+02 2.4682441887e-01
8.4548927979e+02 2.4715231821e-01
8.4563808242e+02 2.4748926769e-01
8.4579298544e+02 2.4783781789e-01
8.4594971515e+02 2.4816637137e-01
8.4610892849e+02 2.4852453089e-01
8.4626555489e+02 2.4882836891e-01
8.4671121885e+02 2.4915893704e-01
8.4712754161e+02 2.4936377299e-01
8.4749728312e+02 2.4951363894e-01
8.4782787821e+02 2.4961125633e-01
8.4811296498e+02 2.4969542265e-01
8.4835458192e+02 2.4968963369e-01
8.4858315695e+02 2.4959416883e-01
8.4879538728e+02 2.4937978228e-01
8.4896451289e+02 2.4913359148e-01
8.4908611638e+02 2.4886078319e-01
8.4917413235e+02 2.4859692571e-01
8.4926088682e+02 2.4830709453e-01
8.4936624493e+02 2.4805862189e-01
8.4952189175e+02 2.4785375605e-01
8.4976776935e+02 2.4776277276e-01
8.5001019334e+02 2.4771737828e-01
8.5034924244e+02 2.4776503696e-01
8.5069879510e+02 2.4779096757e-01
8.5103343613e+02 2.4780111273e-01
8.5136520170e+02 2.4777054271e-01
8.5169954384e+02 2.4775423142e-01
8.5203332669e+02 2.4769993153e-01
8.5235012453e+02 2.4762667002e-01
8.5265078024e+02 2.4753594488e-01
8.5294559858e+02 2.4753398185e-01
8.5325820866e+02 2.4760856596e-01
8.5360700820e+02 2.4775533203e-01
8.5398183989e+02 2.4789495570e-01
8.5437362850e+02 2.4807092238e-01
8.5478353555e+02 2.4825947540e-01
8.5520867120e+02 2.4848910637e-01
8.5562911582e+02 2.4868995051e-01
8.5602747462e+02 2.4889127041e-01
8.5641772535e+02 2.4908411787e-01
8.5681441600e+02 2.4935322956e-01
8.5721604938e+02 2.4967495103e-01
8.5760756320e+02 2.5006325041e-01
8.5797493041e+02 2.5044355270e-01
8.5834102233e+02 2.5083564404e-01
8.5872532149e+02 2.5119415883e-01
8.5911352438e+02 2.5154840657e-01
8.5947888849e+02 2.5185310450e-01
8.5980587347e+02 2.5213088849e-01
8.6011955333e+02 2.5234099322e-01
8.6043986888e+02 2.5252731724e-01
8.6076635187e+02 2.5265750534e-01
8.6111574992e+02 2.5278034676e-01
8.6148315113e+02 2.5284061808e-01
8.6186446920e+02 2.5285745844e-01
8.6224341179e+02 2.5276827282e-01
8.6262746124e+02 2.5261072002e-01
8.6304142257e+02 2.5238333569e-01
8.6348397215e+02 2.5217239418e-01
8.6394704838e+02 2.5197808651e-01
8.6440942281e+02 2.5185953618e-01
8.6483721215e+02 2.5180141710e-01
8.6522372301e+02 2.5185655303e-01
8.6556988584e+02 2.5194276592e-01
8.6589483771e+02 2.5203584766e-01
8.6619383826e+02 2.5206360933e-01
8.6646924245e+02 2.5207340702e-01
8.6674237400e+02 2.5203450604e-01
8.6703253640e+02 2.5198646353e-01
8.6740697189e+02 2.5192954935e-01
8.6786010937e+02 2.5193103981e-01
8.6832049072e+02 2.5194915676e-01
8.6881294163e+02 2.5204537630e-01
8.6935174960e+02 2.5220250596e-01
8.6992061530e+02 2.5245798697e-01
8.7049331786e+02 2.5274941981e-01
8.7106009237e+02 2.5309192234e-01
8.7162779044e+02 2.5341882938e-01
8.7219817684e+02 2.5374191232e-01
8.7276179991e+02 2.5402060811e-01
8.7330824136e+02 2.5431277730e-01
8.7384472937e+02 2.5459856075e-01
8.7437682796e+02 2.5491438825e-01
8.7490369314e+02 2.5522372394e-01
8.7541722139e+02 2.5558451837e-01
8.7590950058e+02 2.5596780667e-01
8.7638825891e+02 2.5638863296e-01
8.7686493244e+02 2.5675888800e-01
8.7733989443e+02 2.5709089454e-01
8.7779754754e+02 2.5733885657e-01
8.7824130055e+02 2.5753408744e-01
8.7868173286e+02 2.5762418661e-01
8.7912087307e+02 2.5767977099e-01
8.7955013879e+02 2.5772007135e-01
8.7997698936e+02 2.5782038690e-01
8.8041196758e+02 2.5792412280e-01
8.8086538506e+02 2.5802711468e-01
8.8132601243e+02 2.5804311532e-01
8.8178166775e+02 2.5798963434e-01
8.8221913592e+02 2.5784787980e-01
8.8262749646e+02 2.5770637677e-01
8.8298269913e+02 2.5717865505e-01
8.8298658264e+02 2.5703217559e-01
8.8299993251e+02 2.5731697905e-01
8.8303052665e+02 2.5690325063e-01
8.8304059107e+02 2.5749234942e-01
8.8312635034e+02 2.5757085499e-01
8.8313263911e+02 2.5674627692e-01
8.8325298119e+02 2.5766628391e-01
8.8326638742e+02 2.5663788850e-01
8.8332840473e+02 2.5788993420e-01
8.8339969172e+02 2.5749841270e-01
8.8343182003e+02 2.5655406562e-01
8.8359694081e+02 2.5651322587e-01
8.8361488049e+02 2.5744614600e-01
8.8378077208e+02 2.5820501362e-01
8.8380836159e+02 2.5645305012e-01
8.8381271157e+02 2.5745458363e-01
8.8390458413e+02 2.5645225773e-01
8.8396455471e+02 2.5747104715e-01
8.8398024590e+02 2.5653427494e-01
8.8402057475e+02 2.5674246412e-01
8.8404816324e+02 2.5696843358e-01
8.8407671709e+02 2.5718522781e-01
8.8408371189e+02 2.5751525642e-01
8.8412119646e+02 2.5856446565e-01
8.8413677490e+02 2.5733715418e-01
8.8414635707e+02 2.5750873059e-01
8.8429693150e+02 2.5746230101e-01
8.8484257144e+02 2.5889914882e-01
8.8545563775e+02 2.5923134089e-01
8.8612001355e+02 2.5950621764e-01
8.8680193746e+02 2.5974466268e-01
8.8749295293e+02 2.5990839278e-01
8.8821097631e+02 2.6006855635e-01
8.8896106861e+02 2.6021890903e-01
8.8973525867e+02 2.6041361587e-01
8.9051786600e+02 2.6062158750e-01
8.9129212006e+02 2.6088004484e-01
8.9204688663e+02 2.6110851792e-01
8.9277645643e+02 2.6128803454e-01
8.9347738280e+02 2.6135369894e-01
8.9416317611e+02 2.6140487592e-01
8.9483567211e+02 2.6146805211e-01
8.9549204589e+02 2.6160208560e-01
8.9611937174e+02 2.6172942909e-01
8.9672153643e+02 2.6186719509e-01
8.9729680648e+02 2.6198064760e-01
8.9782711748e+02 2.6211758431e-01
8.9829745670e+02 2.6221573839e-01
8.9871366244e+02 2.6229496429e-01
8.9908459945e+02 2.6232490976e-01
8.9941509369e+02 2.6235250955e-01
8.9971307190e+02 2.6231783820e-01
8.9999623873e+02 2.6225013193e-01
9.0027994346e+02 2.6213695972e-01
9.0057164653e+02 2.6207502951e-01
9.0086090751e+02 2.6206252544e-01
9.0113606518e+02 2.6214398534e-01
9.0138523168e+02 2.6225245494e-01
9.0162398356e+02 2.6240271761e-01
9.0186367045e+02 2.6254256238e-01
9.0210160016e+02 2.6272859593e-01
9.0232306780e+02 2.6293461320e-01
9.0253422542e+02 2.6319268502e-01
9.0274441574e+02 2.6343911872e-01
9.0295172981e+02 2.6370638449e-01
9.0318675793e+02 2.6397882964e-01
9.0364550428e+02 2.6437554280e-01
9.0409659256e+02 2.6475694030e-01
9.0451907511e+02 2.6511399913e-01
9.0491027742e+02 2.6536890585e-01
9.0528133148e+02 2.6556556599e-01
9.0563415069e+02 2.6569263252e-01
9.0595952808e+02 2.6582297376e-01
9.0626515259e+02 2.6591851042e-01
9.0657226316e+02 2.6599743290e-01
9.0689527147e+02 2.6600887563e-01
9.0723857765e+02 2.6601896571e-01
9.0760966347e+02 2.6603671490e-01
9.0801042182e+02 2.6613530358e-01
9.0841678771e+02 2.6624850488e-01
9.0880888282e+02 2.6636389560e-01
9.0918901540e+02 2.6640487927e-01
9.0957902801e+02 2.6642600284e-01
9.0998086056e+02 2.6642628547e-01
9.1036586471e+02 2.6647333989e-01
9.1072113195e+02 2.6652219982e-01
9.1105825143e+02 2.6658523660e-01
9.1139488184e+02 2.6660401228e-01
9.1173708059e+02 2.6663165666e-01
9.1207063883e+02 2.6663906232e-01
9.1239059555e+02 2.6667289615e-01
9.1270334650e+02 2.6668174077e-01
9.1302715679e+02 2.6669474279e-01
9.1336753541e+02 2.6666099691e-01
9.1371587299e+02 2.6662068446e-01
9.1406612624e+02 2.6653463130e-01
9.1442705842e+02 2.6645052215e-01
9.1479825958e+02 2.6634742315e-01
9.1517193654e+02 2.6630291504e-01
9.1554961690e+02 2.6629120886e-01
9.1593990442e+02 2.6634921096e-01
9.1632023903e+02 2.6643489969e-01
9.1666825510e+02 2.6661820138e-01
9.1699580865e+02 2.6687130297e-01
9.1734236329e+02 2.6720966839e-01
9.1770800166e+02 2.6754152734e-01
9.1806232853e+02 2.6788527910e-01
9.1837623162e+02 2.6820294694e-01
9.1864691398e+02 2.6854641792e-01
9.1887770069e+02 2.6885814493e-01
9.1907728600e+02 2.6914412650e-01
9.1926551693e+02 2.6934352206e-01
9.1947236375e+02 2.6952292513e-01
9.1970297052e+02 2.6966642578e-01
9.1995496536e+02 2.6982260648e-01
9.2022065693e+02 2.6993967290e-01
9.2062138988e+02 2.7010198000e-01
9.2107301996e+02 2.7024300778e-01
9.2151706162e+02 2.7037655572e-01
9.2197014399e+02 2.7044581474e-01
9.2245057916e+02 2.7051647376e-01
9.2294259223e+02 2.7059877302e-01
9.2341666337e+02 2.7075856532e-01
9.2385823762e+02 2.7091630394e-01
9.2428332255e+02 2.7107190623e-01
9.2470930453e+02 2.7118606446e-01
9.2513442777e+02 2.7132677333e-01
9.2555705907e+02 2.7143729117e-01
9.2598771634e+02 2.7152130457e-01
9.2642700580e+02 2.7153329130e-01
9.2685885389e+02 2.7155733396e-01
9.2726893464e+02 2.7157905069e-01
9.2765910067e+02 2.7163503564e-01
9.2802962262e+02 2.7166327315e-01
9.2837894857e+02 2.7168545419e-01
9.2871767144e+02 2.7164983013e-01
9.2906061014e+02 2.7161913116e-01
9.2941502978e+02 2.7158024390e-01
9.2978620307e+02 2.7155942254e-01
9.3016557118e+02 2.7146069724e-01
9.3054721635e+02 2.7133130059e-01
9.3091694117e+02 2.7120110367e-01
9.3125150383e+02 2.7117330691e-01
9.3154544254e+02 2.7121479139e-01
9.3182812596e+02 2.7136488471e-01
9.3213963028e+02 2.7158527812e-01
9.3247800436e+02 2.7190209975e-01
9.3281033082e+02 2.7222642727e-01
9.3314299289e+02 2.7257529879e-01
9.3349419648e+02 2.7290729283e-01
9.3385699501e+02 2.7328025840e-01
9.3419475413e+02 2.7363429423e-01
9.3451114798e+02 2.7398667409e-01
9.3482849416e+02 2.7427263841e-01
9.3515999850e+02 2.7453532954e-01
9.3550231397e+02 2.7473557481e-01
9.3585985216e+02 2.7492607244e-01
9.3622761961e+02 2.7507299262e-01
9.3660815647e+02 2.7523743738e-01
9.3699842439e+02 2.7537890174e-01
9.3739363608e+02 2.7551905336e-01
9.3777946031e+02 2.7559280093e-01
9.3814966947e+02 2.7565216593e-01
9.3850363562e+02 2.7568787381e-01
9.3884867346e+02 2.7577072268e-01
9.3924439070e+02 2.7587148050e-01
9.3970298326e+02 2.7601915668e-01
9.4016260232e+02 2.7614048366e-01
9.4062129380e+02 2.7628339275e-01
9.4106908474e+02 2.7640144362e-01
9.4151333445e+02 2.7652704568e-01
9.4195503438e+02 2.7659113168e-01
9.4238168157e+02 2.7661409303e-01
9.4277801368e+02 2.7656163525e-01
9.4314937249e+02 2.7651150722e-01
9.4351374947e+02 2.7643999119e-01
9.4387302604e+02 2.7637216928e-01
9.4423702751e+02 2.7624729535e-01
9.4460950073e+02 2.7612838388e-01
9.4498296263e+02 2.7600233580e-01
9.4535722413e+02 2.7590860730e-01
9.4572561970e+02 2.7575341933e-01
9.4608734366e+02 2.7556033711e-01
9.4643969295e+02 2.7533345662e-01
9.4679257145e+02 2.7520020910e-01
9.4716894546e+02 2.7517160192e-01
9.4756603022e+02 2.7528926179e-01
9.4798602340e+02 2.7548277241e-01
9.4842208552e+02 2.7576288844e-01
9.4886454007e+02 2.7605576025e-01
9.4931343686e+02 2.7640194171e-01
9.4975954152e+02 2.7676193710e-01
9.5020508379e+02 2.7718545978e-01
9.5064141419e+02 2.7760813124e-01
9.5105364076e+02 2.7803400296e-01
9.5143356075e+02 2.7838344207e-01
9.5178660950e+02 2.7868814625e-01
9.5212270100e+02 2.7890885515e-01
9.5245638724e+02 2.7909687323e-01
9.5279674019e+02 2.7921135404e-01
9.5315033503e+02 2.7931218849e-01
9.5350641980e+02 2.7937167072e-01
9.5386082195e+02 2.7944818956e-01
9.5421160557e+02 2.7950220035e-01
9.5456022500e+02 2.7958127870e-01
9.5489943306e+02 2.7963683222e-01
9.5522753702e+02 2.7971135741e-01
9.5555090960e+02 2.7976831347e-01
9.5587419147e+02 2.7986038885e-01
9.5618348049e+02 2.7993821561e-01
9.5647940800e+02 2.8002940573e-01
9.5676922792e+02 2.8006962607e-01
9.5707071480e+02 2.8011359442e-01
9.5737841025e+02 2.8012431805e-01
9.5769918729e+02 2.8014263843e-01
9.5804064954e+02 2.8009390105e-01
9.5841854692e+02 2.8001156034e-01
9.5882284707e+02 2.7986991943e-01
9.5922630361e+02 2.7973940825e-01
9.5960968738e+02 2.7957741760e-01
9.5999290077e+02 2.7942433391e-01
9.6038539152e+02 2.7925276063e-01
9.6077724478e+02 2.7913941147e-01
9.6116323900e+02 2.7903479670e-01
9.6156583849e+02 2.7894239631e-01
9.6198747626e+02 2.7879443162e-01
9.6240082138e+02 2.7866792665e-01
9.6277520136e+02 2.7856616189e-01
9.6311706061e+02 2.7857159772e-01
9.6344031463e+02 2.7865024726e-01
9.6377277825e+02 2.7884270768e-01
9.6411416721e+02 2.7906293338e-01
9.6445963968e+02 2.7932217806e-01
9.6478677796e+02 2.7956519653e-01
9.6508624868e+02 2.7985101860e-01
9.6536449715e+02 2.8015562969e-01
9.6562440411e+02 2.8053385766e-01
9.6585554005e+02 2.8092826482e-01
9.6609667435e+02 2.8134800415e-01
9.6662421756e+02 2.8176392603e-01
9.6708557243e+02 2.8206883824e-01
9.6750103619e+02 2.8224215273e-01
9.6789805081e+02 2.8238872456e-01
9.6827533897e+02 2.8249107465e-01
9.6864233115e+02 2.8260047289e-01
9.6901878484e+02 2.8266205349e-01
9.6939954142e+02 2.8272740377e-01
9.6976745251e+02 2.8278100888e-01
9.7011702311e+02 2.8287866254e-01
9.7045268526e+02 2.8295570912e-01
9.7078055070e+02 2.8304410240e-01
9.7109767110e+02 2.8310922085e-01
9.7141688418e+02 2.8321549822e-01
9.7174287186e+02 2.8331532641e-01
9.7206820847e+02 2.8343425768e-01
9.7239594001e+02 2.8348938286e-01
9.7273260008e+02 2.8350166342e-01
9.7307402449e+02 2.8343165310e-01
9.7342873821e+02 2.8336375725e-01
9.7378723947e+02 2.8326745981e-01
9.7414799251e+02 2.8318949092e-01
9.7449091369e+02 2.8306639383e-01
9.7480476843e+02 2.8293932142e-01
9.7510090176e+02 2.8278099192e-01
9.7539685403e+02 2.8266783341e-01
9.7570628827e+02 2.8258233490e-01
9.7601331905e+02 2.8255003259e-01
9.7631812174e+02 2.8248914132e-01
9.7665074717e+02 2.8244742061e-01
9.7701117255e+02 2.8240762127e-01
9.7739708926e+02 2.8244915366e-01
9.7779663260e+02 2.8253182390e-01
9.7821060597e+02 2.8270177693e-01
9.7862812719e+02 2.8290359211e-01
9.7902921210e+02 2.8316969053e-01
9.7941204837e+02 2.8345174961e-01
9.7978453223e+02 2.8380607898e-01
9.8014485989e+02 2.8418934399e-01
9.8048715869e+02 2.8463961777e-01
9.8078551027e+02 2.8508604035e-01
9.8104234343e+02 2.8555227885e-01
9.8126830338e+02 2.8595449439e-01
9.8148346401e+02 2.8631295049e-01
9.8169924108e+02 2.8656209214e-01
9.8192839436e+02 2.8675511295e-01
9.8215733127e+02 2.8687188564e-01
9.8237285175e+02 2.8698805888e-01
9.8258108269e+02 2.8705568738e-01
9.8281757019e+02 2.8710819457e-01
9.8309006722e+02 2.8711355353e-01
9.8339513722e+02 2.8716387940e-01
9.8371774037e+02 2.8722124804e-01
9.8405821376e+02 2.8729055740e-01
9.8441114548e+02 2.8729272220e-01
9.8477582825e+02 2.8729880591e-01
9.8513561411e+02 2.8730075215e-01
9.8548078977e+02 2.8736098968e-01
9.8579964397e+02 2.8740109708e-01
9.8611300056e+02 2.8743045640e-01
9.8642316910e+02 2.8737104624e-01
9.8672520821e+02 2.8729047932e-01
9.8700434134e+02 2.8718405063e-01
9.8729106072e+02 2.8712417918e-01
9.8761829270e+02 2.8703496776e-01
9.8798607011e+02 2.8691876731e-01
9.8836630955e+02 2.8672692676e-01
9.8874574003e+02 2.8655565424e-01
9.8911699186e+02 2.8638995395e-01
9.8949531312e+02 2.8627419557e-01
9.8986444350e+02 2.8615214574e-01
9.9020989256e+02 2.8609696559e-01
9.9052967829e+02 2.8607052128e-01
9.9085086452e+02 2.8610059505e-01
9.9116746078e+02 2.8612377907e-01
9.9144729637e+02 2.8621330963e-01
9.9176409310e+02 2.8637962853e-01
9.9215305433e+02 2.8665343455e-01
9.9252863664e+02 2.8690814747e-01
9.9288548611e+02 2.8719700370e-01
9.9321864424e+02 2.8752066871e-01
9.9354233520e+02 2.8794597379e-01
9.9385721683e+02 2.8837831686e-01
9.9416602638e+02 2.8882800422e-01
9.9447173677e+02 2.8923381565e-01
9.9479330993e+02 2.8963432018e-01
9.9514702942e+02 2.8995218487e-01
9.9553597016e+02 2.9021588859e-01
9.9594583824e+02 2.9038813088e-01
9.9637454765e+02 2.9055212784e-01
9.9681228350e+02 2.9067484343e-01
9.9724082219e+02 2.9079309935e-01
9.9764633364e+02 2.9085420710e-01
9.9802642791e+02 2.9092408150e-01
9.9838662965e+02 2.9097611639e-01
9.9873515560e+02 2.9104073728e-01
9.9907355713e+02 2.9103414009e-01
9.9941754546e+02 2.9100960153e-01
9.9976335705e+02 2.9095863649e-01
1.0001163332e+03 2.9097713026e-01
1.0004620160e+03 2.9100643890e-01
1.0008055057e+03 2.9104971741e-01
1.0011562282e+03 2.9101536245e-01
1.0015252408e+03 2.9095803726e-01
1.0018992130e+03 2.9086917029e-01
1.0022596573e+03 2.9082684979e-01
1.0026001920e+03 2.9077533351e-01
1.0029354104e+03 2.9073550815e-01
1.0032764209e+03 2.9064088066e-01
1.0036226754e+03 2.9054376016e-01
1.0039462310e+03 2.9039530336e-01
1.0042413740e+03 2.9026120808e-01
1.0045180794e+03 2.9012674314e-01
1.0048120108e+03 2.9007784438e-01
1.0051282433e+03 2.9005981887e-01
1.0054534280e+03 2.9008773622e-01
1.0057721846e+03 2.9009503961e-01
1.0060923495e+03 2.9015488421e-01
1.0064189111e+03 2.9025988745e-01
1.0067351548e+03 2.9047838344e-01
1.0070116434e+03 2.9072995420e-01
1.0072667619e+03 2.9102415927e-01
1.0075140755e+03 2.9128799448e-01
1.0077578682e+03 2.9159164765e-01
1.0079844477e+03 2.9191868879e-01
1.0082022188e+03 2.9233465398e-01
1.0084145056e+03 2.9276174875e-01
1.0086269857e+03 2.9319633567e-01
1.0089608122e+03 2.9359062639e-01
1.0094627533e+03 2.9400332513e-01
1.0099239148e+03 2.9432031926e-01
1.0103480540e+03 2.9459435177e-01
1.0107465068e+03 2.9477467969e-01
1.0111449410e+03 2.9491656514e-01
1.0115323658e+03 2.9498366370e-01
1.0118873140e+03 2.9506276706e-01
1.0122102796e+03 2.9513134673e-01
1.0125194566e+03 2.9521933392e-01
1.0128145270e+03 2.9522109141e-01
1.0130843315e+03 2.9516691241e-01
1.0133411225e+03 2.9506864260e-01
1.0136139367e+03 2.9505245798e-01
1.0139024811e+03 2.9506979698e-01
1.0141834559e+03 2.9511140810e-01
1.0144311881e+03 2.9508599812e-01
1.0146624014e+03 2.9505147535e-01
1.0148997279e+03 2.9496262569e-01
1.0151548979e+03 2.9487277237e-01
1.0154143203e+03 2.9474864463e-01
1.0156764825e+03 2.9467163004e-01
1.0159487395e+03 2.9459039031e-01
1.0162419175e+03 2.9452003751e-01
1.0165546716e+03 2.9439344811e-01
1.0168900214e+03 2.9429064921e-01
1.0172472099e+03 2.9420026777e-01
1.0176245575e+03 2.9417622231e-01
1.0180164843e+03 2.9413723914e-01
1.0184259016e+03 2.9411345389e-01
1.0188382576e+03 2.9406039548e-01
1.0192370983e+03 2.9405729659e-01
1.0196342795e+03 2.9408881224e-01
1.0200544996e+03 2.9423309210e-01
1.0204754175e+03 2.9443056411e-01
1.0208697270e+03 2.9469199616e-01
1.0212349948e+03 2.9493785508e-01
1.0215904860e+03 2.9523837455e-01
1.0219333342e+03 2.9557329386e-01
1.0222578196e+03 2.9598509054e-01
1.0225693668e+03 2.9639103824e-01
1.0228843772e+03 2.9682853872e-01
1.0231999043e+03 2.9723406341e-01
1.0235230213e+03 2.9763691115e-01
1.0238411321e+03 2.9795263707e-01
1.0241583547e+03 2.9822866523e-01
1.0244655851e+03 2.9841363417e-01
1.0247851111e+03 2.9856389141e-01
1.0251317529e+03 2.9862708071e-01
1.0254972023e+03 2.9866768087e-01
1.0258603476e+03 2.9867701604e-01
1.0262159834e+03 2.9873986618e-01
1.0265732658e+03 2.9879070981e-01
1.0269543056e+03 2.9883468761e-01
1.0273408197e+03 2.9879552235e-01
1.0277305862e+03 2.9876732908e-01
1.0281076422e+03 2.9873376078e-01
1.0284795239e+03 2.9874788026e-01
1.0288342572e+03 2.9872903168e-01
1.0291781939e+03 2.9871381908e-01
1.0295411064e+03 2.9866025594e-01
1.0299390818e+03 2.9860889053e-01
1.0303609999e+03 2.9848470469e-01
1.0307977830e+03 2.9834514320e-01
1.0312471223e+03 2.9818980865e-01
1.0317251267e+03 2.9811979799e-01
1.0322013923e+03 2.9807608386e-01
1.0326709428e+03 2.9809325111e-01
1.0331308917e+03 2.9810184928e-01
1.0335935288e+03 2.9814917459e-01
1.0340327481e+03 2.9816530257e-01
1.0344305936e+03 2.9819780506e-01
1.0347989028e+03 2.9819867982e-01
1.0351756179e+03 2.9822174066e-01
1.0355615420e+03 2.9821642294e-01
1.0359276251e+03 2.9825981557e-01
1.0362359501e+03 2.9832654709e-01
1.0365103595e+03 2.9847628698e-01
1.0367755443e+03 2.9863567463e-01
1.0370586639e+03 2.9885380667e-01
1.0374624000e+03 2.9913408014e-01
1.0379759274e+03 2.9954312696e-01
1.0385202422e+03 2.9998415482e-01
1.0390721112e+03 3.0046776584e-01
1.0396229379e+03 3.0093061426e-01
1.0401593734e+03 3.0142226224e-01
1.0406480419e+03 3.0185087908e-01
1.0410914032e+03 3.0222950446e-01
1.0415014626e+03 3.0250587194e-01
1.0419109017e+03 3.0277414158e-01
1.0423253716e+03 3.0298408454e-01
1.0427507461e+03 3.0315015634e-01
1.0431964271e+03 3.0320626097e-01
1.0436588329e+03 3.0324621312e-01
1.0441111041e+03 3.0326905761e-01
1.0445277933e+03 3.0333437374e-01
1.0449105781e+03 3.0336976198e-01
1.0452970983e+03 3.0341910513e-01
1.0456810168e+03 3.0341603051e-01
1.0460604907e+03 3.0340935634e-01
1.0464318396e+03 3.0334133130e-01
1.0468200442e+03 3.0328900947e-01
1.0472183572e+03 3.0321623031e-01
1.0476100817e+03 3.0316178349e-01
1.0480031866e+03 3.0304663666e-01
1.0484201727e+03 3.0291806002e-01
1.0488647254e+03 3.0276889837e-01
1.0493166808e+03 3.0270707792e-01
1.0497466787e+03 3.0269000881e-01
1.0501685066e+03 3.0275418730e-01
1.0505855758e+03 3.0282284105e-01
1.0510050880e+03 3.0295569296e-01
1.0514107048e+03 3.0310146168e-01
1.0518163279e+03 3.0329396113e-01
1.0522408874e+03 3.0342907854e-01
1.0526943364e+03 3.0352314843e-01
1.0531524656e+03 3.0353220820e-01
1.0535830482e+03 3.0354877133e-01
1.0539599156e+03 3.0354226886e-01
1.0543064720e+03 3.0357842744e-01
1.0546463349e+03 3.0361888510e-01
1.0549857256e+03 3.0374491423e-01
1.0553068921e+03 3.0391347219e-01
1.0556332467e+03 3.0416297214e-01
1.0559792622e+03 3.0441140858e-01
1.0563374079e+03 3.0470899766e-01
1.0566829446e+03 3.0501768912e-01
1.0570332462e+03 3.0540149764e-01
1.0573912050e+03 3.0577309045e-01
1.0577453201e+03 3.0614123107e-01
1.0580707641e+03 3.0643169328e-01
1.0584501193e+03 3.0674349688e-01
1.0589720288e+03 3.0705409674e-01
1.0594746074e+03 3.0733235410e-01
1.0599386406e+03 3.0749351627e-01
1.0603712407e+03 3.0760519833e-01
1.0607805312e+03 3.0765486693e-01
1.0611801787e+03 3.0773332676e-01
1.0615711735e+03 3.0778756124e-01
1.0619591454e+03 3.0784837364e-01
1.0623413687e+03 3.0784875363e-01
1.0627102607e+03 3.0785539599e-01
1.0630647996e+03 3.0782621364e-01
1.0634264118e+03 3.0781829037e-01
1.0637929414e+03 3.0776922940e-01
1.0641477026e+03 3.0772267675e-01
1.0644746281e+03 3.0761008951e-01
1.0648010502e+03 3.0749388812e-01
1.0651480311e+03 3.0735642807e-01
1.0655096780e+03 3.0729779241e-01
1.0658629478e+03 3.0727667035e-01
1.0662100592e+03 3.0733854733e-01
1.0665520466e+03 3.0741979439e-01
1.0668976267e+03 3.0757850688e-01
1.0672483159e+03 3.0775202934e-01
1.0676083306e+03 3.0796628652e-01
1.0679694843e+03 3.0812503495e-01
1.0683360169e+03 3.0826247978e-01
1.0686985405e+03 3.0831485319e-01
1.0690557240e+03 3.0833512926e-01
1.0694146388e+03 3.0827807485e-01
1.0697907722e+03 3.0822929048e-01
1.0701705991e+03 3.0816530124e-01
1.0705440061e+03 3.0817433630e-01
1.0709030099e+03 3.0823178107e-01
1.0712551788e+03 3.0840605120e-01
1.0716021788e+03 3.0862263037e-01
1.0719619715e+03 3.0890629293e-01
1.0723322293e+03 3.0917372002e-01
1.0727043081e+03 3.0947671807e-01
1.0730583702e+03 3.0976445206e-01
1.0733901735e+03 3.1009536366e-01
1.0736933828e+03 3.1040199963e-01
1.0739902219e+03 3.1072923211e-01
1.0742966117e+03 3.1101004118e-01
1.0746233119e+03 3.1128529190e-01
1.0749613463e+03 3.1148699507e-01
1.0753231421e+03 3.1167620553e-01
1.0756977436e+03 3.1179630675e-01
1.0760715424e+03 3.1190309393e-01
1.0764121020e+03 3.1193432664e-01
1.0767388344e+03 3.1196209815e-01
1.0770734336e+03 3.1194810111e-01
1.0774360387e+03 3.1196653592e-01
1.0778070975e+03 3.1196720005e-01
1.0781729858e+03 3.1200370082e-01
1.0785212007e+03 3.1201076026e-01
1.0788536313e+03 3.1202893027e-01
1.0791682442e+03 3.1198838551e-01
1.0794870754e+03 3.1195252388e-01
1.0798097983e+03 3.1187158959e-01
1.0801422291e+03 3.1181214220e-01
1.0804675940e+03 3.1173254595e-01
1.0807940631e+03 3.1172692597e-01
1.0811341698e+03 3.1176244818e-01
1.0815161899e+03 3.1188130423e-01
1.0819210161e+03 3.1198851744e-01
1.0823302061e+03 3.1212838215e-01
1.0827216762e+03 3.1224325882e-01
1.0831007494e+03 3.1237879872e-01
1.0834522859e+03 3.1244221668e-01
1.0837796425e+03 3.1248020349e-01
1.0840834269e+03 3.1245107946e-01
1.0844018973e+03 3.1243062605e-01
1.0847522825e+03 3.1236824501e-01
1.0851273183e+03 3.1233595416e-01
1.0854946485e+03 3.1230899260e-01
1.0858559591e+03 3.1236528014e-01
1.0862112738e+03 3.1243968486e-01
1.0865732641e+03 3.1257331356e-01
1.0869390700e+03 3.1269521956e-01
1.0873216975e+03 3.1287149262e-01
1.0877032022e+03 3.1304920293e-01
1.0881009278e+03 3.1329636809e-01
1.0886916950e+03 3.1361356711e-01
1.0893190555e+03 3.1401178946e-01
1.0899172521e+03 3.1441095634e-01
1.0904978747e+03 3.1484798855e-01
1.0910676310e+03 3.1523742128e-01
1.0916135491e+03 3.1561838482e-01
1.0921134185e+03 3.1592844401e-01
1.0925652326e+03 3.1621891972e-01
1.0929689712e+03 3.1640973504e-01
1.0933440032e+03 3.1653774712e-01
1.0937000334e+03 3.1656191556e-01
1.0940575342e+03 3.1659835554e-01
1.0944181081e+03 3.1662758634e-01
1.0947873263e+03 3.1670312317e-01
1.0951436856e+03 3.1674534413e-01
1.0954906361e+03 3.1680593771e-01
1.0958437448e+03 3.1683436759e-01
1.0962106701e+03 3.1689554245e-01
1.0965561964e+03 3.1692342273e-01
1.0968671462e+03 3.1695937721e-01
1.0971564704e+03 3.1692992031e-01
1.0974694922e+03 3.1691540413e-01
1.0977996560e+03 3.1688699562e-01
1.0981271993e+03 3.1692216585e-01
1.0984236599e+03 3.1694775633e-01
1.0987021363e+03 3.1699998173e-01
1.0989752056e+03 3.1701028458e-01
1.0992647289e+03 3.1703913713e-01
1.0995783488e+03 3.1704014651e-01
1.0999011911e+03 3.1708206967e-01
1.1002011437e+03 3.1709707710e-01
1.1004959350e+03 3.1711518201e-01
1.1007926445e+03 3.1705568239e-01
1.1010962504e+03 3.1701301189e-01
1.1013869698e+03 3.1697656980e-01
1.1016848567e+03 3.1703501974e-01
1.1020015839e+03 3.1711957397e-01
1.1023479071e+03 3.1725562433e-01
1.1027271462e+03 3.1735773353e-01
1.1031416427e+03 3.1748607779e-01
1.1035682910e+03 3.1760375180e-01
1.1039967542e+03 3.1778356047e-01
1.1044052125e+03 3.1795308639e-01
1.1047903510e+03 3.1816410249e-01
1.1051313244e+03 3.1836289938e-01
1.1054391940e+03 3.1863868929e-01
1.1057178883e+03 3.1895137121e-01
1.1059951455e+03 3.1934947546e-01
1.1062762739e+03 3.1972559775e-01
1.1065671977e+03 3.2009661010e-01
1.1068623710e+03 3.2038193093e-01
1.1071970640e+03 3.2063958161e-01
1.1075687300e+03 3.2079807347e-01
1.1079591544e+03 3.2092131800e-01
1.1084328872e+03 3.2101975119e-01
1.1088957365e+03 3.2115866079e-01
1.1093472073e+03 3.2126956121e-01
1.1097943725e+03 3.2138413236e-01
1.1102289513e+03 3.2143351131e-01
1.1106524048e+03 3.2149807965e-01
1.1110542448e+03 3.2154126906e-01
1.1114519743e+03 3.2164394027e-01
1.1118403729e+03 3.2173061646e-01
1.1122150719e+03 3.2182665788e-01
1.1125749573e+03 3.2185997637e-01
1.1129477427e+03 3.2191718225e-01
1.1133524213e+03 3.2196373531e-01
1.1137857089e+03 3.2203573983e-01
1.1142234227e+03 3.2203570394e-01
1.1146615929e+03 3.2202360018e-01
1.1150894136e+03 3.2197828334e-01
1.1155112449e+03 3.2200384777e-01
1.1159332912e+03 3.2204418906e-01
1.1163702272e+03 3.2213281131e-01
1.1168064568e+03 3.2218203555e-01
1.1172352825e+03 3.2225394509e-01
1.1176486276e+03 3.2228937423e-01
1.1180662766e+03 3.2234644081e-01
1.1184978177e+03 3.2237270744e-01
1.1189431303e+03 3.2245627045e-01
1.1193755754e+03 3.2255098527e-01
1.1197872571e+03 3.2268556990e-01
1.1201905715e+03 3.2276022699e-01
1.1206211822e+03 3.2285343087e-01
1.1210740788e+03 3.2295071694e-01
1.1215390817e+03 3.2312558591e-01
1.1220002222e+03 3.2328125550e-01
1.1224760107e+03 3.2347325940e-01
1.1229620961e+03 3.2369227022e-01
1.1234336565e+03 3.2404505044e-01
1.1238731518e+03 3.2445311066e-01
1.1243014560e+03 3.2490585431e-01
1.1247164711e+03 3.2527740220e-01
1.1251202928e+03 3.2562136364e-01
1.1254859816e+03 3.2588892859e-01
1.1258360420e+03 3.2615626980e-01
1.1261787079e+03 3.2634981804e-01
1.1265295698e+03 3.2652911605e-01
1.1268763890e+03 3.2664482180e-01
1.1272121908e+03 3.2676801805e-01
1.1275357982e+03 3.2683767512e-01
1.1278862322e+03 3.2692290084e-01
1.1282837570e+03 3.2697755286e-01
1.1287365615e+03 3.2707854393e-01
1.1291807163e+03 3.2714664692e-01
1.1295846477e+03 3.2722495063e-01
1.1299490149e+03 3.2725369239e-01
1.1303230068e+03 3.2732156850e-01
1.1307282615e+03 3.2736679068e-01
1.1311637879e+03 3.2740142817e-01
1.1315854534e+03 3.2731498022e-01
1.1319841772e+03 3.2719837012e-01
1.1323646681e+03 3.2706621370e-01
1.1327620507e+03 3.2703066146e-01
1.1331597866e+03 3.2701057196e-01
1.1335555831e+03 3.2705029317e-01
1.1339309728e+03 3.2709437669e-01
1.1342981489e+03 3.2721320911e-01
1.1346644180e+03 3.2730970528e-01
1.1350537001e+03 3.2739981166e-01
1.1354564822e+03 3.2740617894e-01
1.1358780458e+03 3.2742181627e-01
1.1363051302e+03 3.2740261526e-01
1.1367469068e+03 3.2739882075e-01
1.1371861902e+03 3.2732685486e-01
1.1376251295e+03 3.2727819947e-01
1.1380380500e+03 3.2724988999e-01
1.1384179361e+03 3.2734215402e-01
1.1387565597e+03 3.2747129248e-01
1.1390860835e+03 3.2765567865e-01
1.1394102420e+03 3.2780059920e-01
1.1397381440e+03 3.2798701690e-01
1.1400567811e+03 3.2819400412e-01
1.1405647991e+03 3.2857145250e-01
1.1411557848e+03 3.2899463068e-01
1.1417372271e+03 3.2944364493e-01
1.1422942726e+03 3.2981494972e-01
1.1428306650e+03 3.3016989673e-01
1.1433259934e+03 3.3044885971e-01
1.1437885542e+03 3.3071862228e-01
1.1442164863e+03 3.3090786091e-01
1.1446351810e+03 3.3107825256e-01
1.1450679743e+03 3.3118358142e-01
1.1455152361e+03 3.3130994456e-01
1.1459544362e+03 3.3140853121e-01
1.1464070215e+03 3.3153992130e-01
1.1468844037e+03 3.3161861457e-01
1.1473955153e+03 3.3170084744e-01
1.1479036459e+03 3.3172546975e-01
1.1484057470e+03 3.3176525750e-01
1.1488894499e+03 3.3174934193e-01
1.1493542032e+03 3.3173621131e-01
1.1497885944e+03 3.3167164731e-01
1.1501918668e+03 3.3163165273e-01
1.1505589470e+03 3.3155747220e-01
1.1509075002e+03 3.3152253780e-01
1.1512376256e+03 3.3147602374e-01
1.1515797445e+03 3.3150777448e-01
1.1519439649e+03 3.3156293880e-01
1.1523507264e+03 3.3169991004e-01
1.1527859309e+03 3.3183099380e-01
1.1532455982e+03 3.3199834280e-01
1.1536993222e+03 3.3211149989e-01
1.1541312805e+03 3.3220249739e-01
1.1545305127e+03 3.3218595962e-01
1.1549281239e+03 3.3214759249e-01
1.1553457014e+03 3.3207410661e-01
1.1557940286e+03 3.3206961686e-01
1.1562423993e+03 3.3207383990e-01
1.1566893276e+03 3.3214877325e-01
1.1571238754e+03 3.3223353995e-01
1.1575666620e+03 3.3240642211e-01
1.1580058087e+03 3.3258529319e-01
1.1584373888e+03 3.3280179825e-01
1.1588531590e+03 3.3297312515e-01
1.1592726401e+03 3.3318793886e-01
1.1596769675e+03 3.3341638012e-01
1.1600422823e+03 3.3372970499e-01
1.1603521088e+03 3.3403371677e-01
1.1606417662e+03 3.3436768348e-01
1.1609012360e+03 3.3465426833e-01
1.1611476222e+03 3.3496481217e-01
1.1613868213e+03 3.3521977126e-01
1.1616323172e+03 3.3547738600e-01
1.1618627794e+03 3.3567159050e-01
1.1621066785e+03 3.3587108143e-01
1.1623791370e+03 3.3599939063e-01
1.1626951171e+03 3.3611762717e-01
1.1630361990e+03 3.3617370704e-01
1.1634018784e+03 3.3625510648e-01
1.1637445094e+03 3.3628813585e-01
1.1640571336e+03 3.3632259845e-01
1.1643918057e+03 3.3629012685e-01
1.1647509952e+03 3.3625241721e-01
1.1651271952e+03 3.3616372431e-01
1.1655354360e+03 3.3611431126e-01
1.1659499778e+03 3.3603807883e-01
1.1663631751e+03 3.3600478985e-01
1.1667511505e+03 3.3596199946e-01
1.1671247556e+03 3.3599441165e-01
1.1674811032e+03 3.3604106513e-01
1.1678389952e+03 3.3616531537e-01
1.1681803108e+03 3.3628387214e-01
1.1685789942e+03 3.3647381252e-01
1.1690760498e+03 3.3666353878e-01
1.1695973123e+03 3.3685787026e-01
1.1701082860e+03 3.3694900630e-01
1.1705905243e+03 3.3698118310e-01
1.1710443958e+03 3.3691786013e-01
1.1715008060e+03 3.3689798615e-01
1.1719590420e+03 3.3689922541e-01
1.1724043942e+03 3.3696864674e-01
1.1728170399e+03 3.3700321161e-01
1.1732316625e+03 3.3707727145e-01
1.1736534545e+03 3.3714364747e-01
1.1740832425e+03 3.3727332676e-01
1.1745168422e+03 3.3738297883e-01
1.1749776506e+03 3.3753533625e-01
1.1754601406e+03 3.3769220947e-01
1.1759544768e+03 3.3794908601e-01
1.1764398834e+03 3.3822790547e-01
1.1769169710e+03 3.3856750733e-01
1.1773632621e+03 3.3888661441e-01
1.1777983455e+03 3.3926120486e-01
1.1782181795e+03 3.3960771097e-01
1.1786279741e+03 3.3996037345e-01
1.1790295586e+03 3.4023678940e-01
1.1794536894e+03 3.4052289298e-01
1.1799017230e+03 3.4075989541e-01
1.1803730150e+03 3.4099193489e-01
1.1808372039e+03 3.4112435882e-01
1.1812939966e+03 3.4123738943e-01
1.1817446452e+03 3.4129241980e-01
1.1822315105e+03 3.4136890842e-01
1.1827440784e+03 3.4137577198e-01
1.1832679763e+03 3.4136341023e-01
1.1837661908e+03 3.4126722040e-01
1.1842386816e+03 3.4117585205e-01
1.1846665655e+03 3.4102937502e-01
1.1850590107e+03 3.4091489591e-01
1.1854223244e+03 3.4079231453e-01
1.1858008497e+03 3.4075916141e-01
1.1861962399e+03 3.4075702466e-01
1.1866060821e+03 3.4084707616e-01
1.1869958987e+03 3.4094260675e-01
1.1873669787e+03 3.4110417276e-01
1.1877248458e+03 3.4126607683e-01
1.1880903632e+03 3.4148586707e-01
1.1884394168e+03 3.4164465734e-01
1.1887868335e+03 3.4176494495e-01
1.1891421177e+03 3.4177079181e-01
1.1895304015e+03 3.4178123381e-01
1.1899209996e+03 3.4178144334e-01
1.1903064245e+03 3.4184457221e-01
1.1906839345e+03 3.4187189711e-01
1.1910817328e+03 3.4191948396e-01
1.1914909979e+03 3.4192818940e-01
1.1919143282e+03 3.4198936536e-01
1.1923145040e+03 3.4203340221e-01
1.1926962613e+03 3.4213699559e-01
1.1930411038e+03 3.4223512953e-01
1.1933684753e+03 3.4240284825e-01
1.1936882163e+03 3.4256258425e-01
1.1940161086e+03 3.4276814909e-01
1.1943187851e+03 3.4293993568e-01
1.1945944814e+03 3.4315503475e-01
1.1948334966e+03 3.4335095716e-01
1.1950635841e+03 3.4360528680e-01
1.1952808052e+03 3.4383951082e-01
1.1955690506e+03 3.4413952347e-01
1.1960756766e+03 3.4447090072e-01
1.1965700832e+03 3.4480086115e-01
1.1970492951e+03 3.4503250935e-01
1.1975261252e+03 3.4522550964e-01
1.1979801394e+03 3.4532859974e-01
1.1983943777e+03 3.4542911858e-01
1.1987581877e+03 3.4544944702e-01
1.1990928337e+03 3.4542497907e-01
1.1993877758e+03 3.4526729430e-01
1.1996511651e+03 3.4509017099e-01
1.1998836360e+03 3.4487969783e-01
1.2001263812e+03 3.4473297338e-01
1.2003981655e+03 3.4457929537e-01
1.2007165620e+03 3.4451655177e-01
1.2010811676e+03 3.4451315142e-01
1.2015206887e+03 3.4463440256e-01
1.2020252789e+03 3.4476308308e-01
1.2025703987e+03 3.4493919654e-01
1.2031145819e+03 3.4511127229e-01
1.2036487037e+03 3.4537919085e-01
1.2041517014e+03 3.4565145744e-01
1.2046283308e+03 3.4594258374e-01
1.2050677215e+03 3.4614070660e-01
1.2054885657e+03 3.4631819186e-01
1.2058852458e+03 3.4641028628e-01
1.2062739381e+03 3.4648592428e-01
1.2066531759e+03 3.4648197364e-01
1.2070280548e+03 3.4648663739e-01
1.2073827283e+03 3.4643902183e-01
1.2077329902e+03 3.4641692453e-01
1.2080769944e+03 3.4636839385e-01
1.2084342970e+03 3.4641101843e-01
1.2087835572e+03 3.4648492878e-01
1.2091473815e+03 3.4663922925e-01
1.2095299043e+03 3.4677229378e-01
1.2099422437e+03 3.4694493865e-01
1.2103710313e+03 3.4708363879e-01
1.2108186649e+03 3.4725577845e-01
1.2112649566e+03 3.4739511015e-01
1.2117151149e+03 3.4758844140e-01
1.2121537861e+03 3.4776505220e-01
1.2126000780e+03 3.4800576047e-01
1.2130406949e+03 3.4824409174e-01
1.2134906316e+03 3.4855719640e-01
1.2139257172e+03 3.4883978174e-01
1.2143466720e+03 3.4911700211e-01
1.2147380257e+03 3.4929166827e-01
1.2151113842e+03 3.4945313421e-01
1.2154614851e+03 3.4955172607e-01
1.2158256550e+03 3.4964462224e-01
1.2162120397e+03 3.4961405053e-01
1.2166291661e+03 3.4952532947e-01
1.2170403795e+03 3.4934604809e-01
1.2174431298e+03 3.4918843981e-01
1.2178215170e+03 3.4897760742e-01
1.2181999437e+03 3.4879476023e-01
1.2185810220e+03 3.4862870258e-01
1.2189717441e+03 3.4862112034e-01
1.2193319838e+03 3.4869664085e-01
1.2196699476e+03 3.4888288399e-01
1.2199879070e+03 3.4905759318e-01
1.2203240046e+03 3.4928316744e-01
1.2206659053e+03 3.4948559655e-01
1.2210150325e+03 3.4973921945e-01
1.2213425712e+03 3.4995698568e-01
1.2216701549e+03 3.5018848124e-01
1.2220154410e+03 3.5033655583e-01
1.2224045717e+03 3.5048115927e-01
1.2228125388e+03 3.5056984781e-01
1.2232275416e+03 3.5066937373e-01
1.2236139446e+03 3.5067774724e-01
1.2239830563e+03 3.5067572117e-01
1.2243208961e+03 3.5061475031e-01
1.2246601820e+03 3.5060345764e-01
1.2249811793e+03 3.5057713008e-01
1.2253018406e+03 3.5062755656e-01
1.2256187243e+03 3.5069593738e-01
1.2259584274e+03 3.5086212496e-01
1.2263070992e+03 3.5102949153e-01
1.2266599422e+03 3.5123860192e-01
1.2269919378e+03 3.5140394535e-01
1.2273130368e+03 3.5160640636e-01
1.2276085217e+03 3.5176566926e-01
1.2279127401e+03 3.5195204891e-01
1.2282183007e+03 3.5209551291e-01
1.2285351820e+03 3.5229265955e-01
1.2288368438e+03 3.5247262661e-01
1.2293197574e+03 3.5276681525e-01
1.2298001237e+03 3.5302865432e-01
1.2302980374e+03 3.5332419067e-01
1.2307828751e+03 3.5354284505e-01
1.2312465969e+03 3.5372336923e-01
1.2316745284e+03 3.5377883206e-01
1.2320896742e+03 3.5378434740e-01
1.2324913345e+03 3.5366017327e-01
1.2328928104e+03 3.5349137128e-01
1.2332729262e+03 3.5323194741e-01
1.2336379565e+03 3.5299932445e-01
1.2339951328e+03 3.5275954801e-01
1.2343886184e+03 3.5263685981e-01
1.2348366047e+03 3.5260184552e-01
1.2353629851e+03 3.5274654424e-01
1.2359523895e+03 3.5297440895e-01
1.2366027159e+03 3.5332735011e-01
1.2372717482e+03 3.5368828487e-01
1.2379409566e+03 3.5409290346e-01
1.2385697616e+03 3.5443139604e-01
1.2391413925e+03 3.5476968400e-01
1.2396203196e+03 3.5502864533e-01
1.2400312733e+03 3.5527569252e-01
1.2404128871e+03 3.5543107006e-01
1.2408141571e+03 3.5557090555e-01
1.2412266106e+03 3.5562172758e-01
1.2416430260e+03 3.5567215703e-01
1.2420242346e+03 3.5565145816e-01
1.2423998991e+03 3.5563641040e-01
1.2427791543e+03 3.5555031967e-01
1.2431987924e+03 3.5551386121e-01
1.2436440490e+03 3.5549524633e-01
1.2441249658e+03 3.5558671393e-01
1.2446338667e+03 3.5571098714e-01
1.2451696670e+03 3.5594605965e-01
1.2456985113e+03 3.5620004583e-01
1.2462157172e+03 3.5650411707e-01
1.2467033217e+03 3.5673650398e-01
1.2472108985e+03 3.5697781605e-01
1.2477388927e+03 3.5716835034e-01
1.2482901848e+03 3.5740058853e-01
1.2488197637e+03 3.5759589608e-01
1.2493351967e+03 3.5783578422e-01
1.2498303725e+03 3.5804872787e-01
1.2503152302e+03 3.5831045227e-01
1.2507609852e+03 3.5852647010e-01
1.2511765158e+03 3.5875189856e-01
1.2515567047e+03 3.5888199850e-01
1.2519394632e+03 3.5899462297e-01
1.2523166892e+03 3.5902640198e-01
1.2527260294e+03 3.5906447723e-01
1.2531603314e+03 3.5900582479e-01
1.2536286031e+03 3.5890934920e-01
1.2541002815e+03 3.5871428130e-01
1.2545779059e+03 3.5855273918e-01
1.2550256184e+03 3.5840480075e-01
1.2554372783e+03 3.5838770391e-01
1.2557981255e+03 3.5842918455e-01
1.2561481437e+03 3.5860849998e-01
1.2564764166e+03 3.5883878975e-01
1.2568036199e+03 3.5917900119e-01
1.2571133451e+03 3.5948656318e-01
1.2574370064e+03 3.5978557037e-01
1.2577553011e+03 3.5999263905e-01
1.2580605794e+03 3.6022524303e-01
1.2583264389e+03 3.6042767937e-01
1.2585808445e+03 3.6065126813e-01
1.2589866173e+03 3.6082328778e-01
1.2593444038e+03 3.6093318026e-01
1.2596482379e+03 3.6091962659e-01
1.2599257103e+03 3.6088250210e-01
1.2601707993e+03 3.6074100933e-01
1.2604124017e+03 3.6059822058e-01
1.2607389745e+03 3.6045616942e-01
1.2611659346e+03 3.6043950308e-01
1.2615902793e+03 3.6045945380e-01
1.2620024709e+03 3.6059679412e-01
1.2623849796e+03 3.6077760721e-01
1.2627729896e+03 3.6106892471e-01
1.2632588951e+03 3.6136982991e-01
1.2637256768e+03 3.6165935935e-01
1.2641504415e+03 3.6183625928e-01
1.2645773859e+03 3.6203030582e-01
1.2649945765e+03 3.6219978689e-01
1.2654234313e+03 3.6242211025e-01
1.2658631776e+03 3.6259829124e-01
1.2663127069e+03 3.6280945668e-01
1.2667489708e+03 3.6298297413e-01
1.2672007571e+03 3.6319537536e-01
1.2676626199e+03 3.6336270364e-01
1.2681361331e+03 3.6356196892e-01
1.2685910870e+03 3.6369876987e-01
1.2690351670e+03 3.6383578997e-01
1.2694504183e+03 3.6387396153e-01
1.2698697370e+03 3.6388814274e-01
1.2702932895e+03 3.6380045593e-01
1.2707315778e+03 3.6370842694e-01
1.2711524242e+03 3.6354328265e-01
1.2715743944e+03 3.6341494392e-01
1.2719969332e+03 3.6329321672e-01
1.2724387373e+03 3.6330792362e-01
1.2728742049e+03 3.6339802298e-01
1.2733136404e+03 3.6363629819e-01
1.2737355147e+03 3.6390194622e-01
1.2741425627e+03 3.6421884518e-01
1.2745184994e+03 3.6446705010e-01
1.2748935324e+03 3.6473831205e-01
1.2752461209e+03 3.6496767599e-01
1.2755905671e+03 3.6522679761e-01
1.2759360752e+03 3.6540476409e-01
1.2763247069e+03 3.6557031861e-01
1.2767242229e+03 3.6563565322e-01
1.2771357663e+03 3.6567772597e-01
1.2775494561e+03 3.6560633641e-01
1.2780045763e+03 3.6551524173e-01
1.2785037161e+03 3.6535844426e-01
1.2790761233e+03 3.6527730690e-01
1.2796835829e+03 3.6523408240e-01
1.2802981417e+03 3.6532583078e-01
1.2808744886e+03 3.6546384823e-01
1.2814278169e+03 3.6571688624e-01
1.2819340180e+03 3.6597314409e-01
1.2824117530e+03 3.6629127194e-01
1.2828529838e+03 3.6656956258e-01
1.2833013524e+03 3.6688055096e-01
1.2837349531e+03 3.6710880845e-01
1.2841636031e+03 3.6732316045e-01
1.2845954480e+03 3.6746319944e-01
1.2850768924e+03 3.6764413132e-01
1.2855773678e+03 3.6779665869e-01
1.2860638996e+03 3.6800142921e-01
1.2864793895e+03 3.6817336159e-01
1.2868549524e+03 3.6838894119e-01
1.2872093770e+03 3.6854395670e-01
1.2875974455e+03 3.6871170143e-01
1.2880129664e+03 3.6879970428e-01
1.2884756190e+03 3.6888984821e-01
1.2889401101e+03 3.6888363440e-01
1.2894062542e+03 3.6887128834e-01
1.2898437659e+03 3.6879914801e-01
1.2902672766e+03 3.6877911159e-01
1.2906521663e+03 3.6871878444e-01
1.2910312106e+03 3.6870318938e-01
1.2913952386e+03 3.6868400216e-01
1.2917698089e+03 3.6878772048e-01
1.2921346510e+03 3.6890812619e-01
1.2925101505e+03 3.6908870323e-01
1.2928695635e+03 3.6924768498e-01
1.2932220271e+03 3.6949532999e-01
1.2936418830e+03 3.6976048898e-01
1.2941419279e+03 3.7006770852e-01
1.2946268910e+03 3.7027463715e-01
1.2951053366e+03 3.7048020152e-01
1.2955793178e+03 3.7061925155e-01
1.2960902848e+03 3.7077497775e-01
1.2966120475e+03 3.7083623780e-01
1.2971303537e+03 3.7087830256e-01
1.2975892989e+03 3.7081595329e-01
1.2979943094e+03 3.7074073983e-01
1.2983499693e+03 3.7058809502e-01
1.2987027882e+03 3.7048667144e-01
1.2990641944e+03 3.7040191669e-01
1.2994533798e+03 3.7043560159e-01
1.2998522893e+03 3.7049624868e-01
1.3002784977e+03 3.7066993405e-01
1.3007004294e+03 3.7087350762e-01
1.3011360687e+03 3.7117730861e-01
1.3015941227e+03 3.7144793237e-01
1.3020935370e+03 3.7173337009e-01
1.3025833837e+03 3.7194767125e-01
1.3030705149e+03 3.7219191779e-01
1.3035656322e+03 3.7238801050e-01
1.3040901881e+03 3.7261468962e-01
1.3046074650e+03 3.7277563275e-01
1.3051357824e+03 3.7296094176e-01
1.3056607115e+03 3.7309229372e-01
1.3061979776e+03 3.7326102636e-01
1.3067272185e+03 3.7336450981e-01
1.3072690583e+03 3.7347834408e-01
1.3077964379e+03 3.7352629532e-01
1.3083066726e+03 3.7361109990e-01
1.3087592667e+03 3.7364860902e-01
1.3091826259e+03 3.7372141605e-01
1.3095816321e+03 3.7373058728e-01
1.3100006186e+03 3.7377007407e-01
1.3104245321e+03 3.7377255495e-01
1.3108770307e+03 3.7384828028e-01
1.3113425928e+03 3.7391345532e-01
1.3118286719e+03 3.7404365945e-01
1.3122875541e+03 3.7413984686e-01
1.3127361324e+03 3.7430200825e-01
1.3131821266e+03 3.7446123416e-01
1.3136619818e+03 3.7470416326e-01
1.3141388655e+03 3.7492167231e-01
1.3146091195e+03 3.7518778963e-01
1.3150451190e+03 3.7540185385e-01
1.3154937312e+03 3.7564331704e-01
1.3159501419e+03 3.7580777298e-01
1.3164180598e+03 3.7596627736e-01
1.3168594596e+03 3.7601810652e-01
1.3173269878e+03 3.7605108416e-01
1.3178376575e+03 3.7598236818e-01
1.3183883540e+03 3.7590918948e-01
1.3188976429e+03 3.7575874862e-01
1.3193811198e+03 3.7566586905e-01
1.3198511209e+03 3.7558921579e-01
1.3203442595e+03 3.7564416765e-01
1.3208235144e+03 3.7574230516e-01
1.3213221352e+03 3.7597387616e-01
1.3218325558e+03 3.7623410221e-01
1.3223535771e+03 3.7656947274e-01
1.3228260600e+03 3.7683741060e-01
1.3232670719e+03 3.7711544195e-01
1.3236764652e+03 3.7733976882e-01
1.3240849256e+03 3.7760558902e-01
1.3244669268e+03 3.7778988405e-01
1.3248537936e+03 3.7796861601e-01
1.3252309354e+03 3.7808253545e-01
1.3256183649e+03 3.7825064882e-01
1.3260407488e+03 3.7838543921e-01
1.3265169340e+03 3.7854309370e-01
1.3269614157e+03 3.7860549833e-01
1.3274242378e+03 3.7870054158e-01
1.3278920604e+03 3.7876905932e-01
1.3283652794e+03 3.7890534279e-01
1.3288193078e+03 3.7900830331e-01
1.3292788604e+03 3.7915260062e-01
1.3297230770e+03 3.7922525480e-01
1.3301685059e+03 3.7930846650e-01
1.3306013776e+03 3.7933329282e-01
1.3310394986e+03 3.7941441947e-01
1.3314553784e+03 3.7945890336e-01
1.3318704168e+03 3.7954302094e-01
1.3322841925e+03 3.7958937460e-01
1.3327309463e+03 3.7972571945e-01
1.3331978025e+03 3.7987662277e-01
1.3336986707e+03 3.8011839967e-01
1.3342016559e+03 3.8034464763e-01
1.3347138405e+03 3.8064445468e-01
1.3351978023e+03 3.8090789392e-01
1.3356486064e+03 3.8116994268e-01
1.3360438962e+03 3.8128944859e-01
1.3364467446e+03 3.8135910069e-01
1.3368825674e+03 3.8132207971e-01
1.3373597335e+03 3.8129501370e-01
1.3378005490e+03 3.8119092916e-01
1.3382043076e+03 3.8110751765e-01
1.3385781085e+03 3.8097069631e-01
1.3389740804e+03 3.8091618291e-01
1.3393998482e+03 3.8091127422e-01
1.3398923384e+03 3.8107785080e-01
1.3404186442e+03 3.8130412696e-01
1.3409782328e+03 3.8164204998e-01
1.3415245819e+03 3.8196649837e-01
1.3420583534e+03 3.8235106815e-01
1.3425472467e+03 3.8268274934e-01
1.3430250112e+03 3.8302884759e-01
1.3434858762e+03 3.8327874335e-01
1.3439460578e+03 3.8352795970e-01
1.3443782718e+03 3.8369705293e-01
1.3448193101e+03 3.8389289748e-01
1.3452454969e+03 3.8402488060e-01
1.3456864703e+03 3.8419185719e-01
1.3461248711e+03 3.8429226019e-01
1.3465843702e+03 3.8441139315e-01
1.3470347937e+03 3.8446318972e-01
1.3474988666e+03 3.8456543997e-01
1.3479583569e+03 3.8464739827e-01
1.3484319319e+03 3.8479589399e-01
1.3488961792e+03 3.8488528037e-01
1.3493832565e+03 3.8497454808e-01
1.3498660616e+03 3.8496213906e-01
1.3503734066e+03 3.8497418900e-01
1.3508829437e+03 3.8494682774e-01
1.3514053854e+03 3.8498257118e-01
1.3518828248e+03 3.8496939822e-01
1.3523426266e+03 3.8500181960e-01
1.3527878778e+03 3.8500581675e-01
1.3532411782e+03 3.8509236597e-01
1.3536562175e+03 3.8516730866e-01
1.3540755391e+03 3.8533714036e-01
1.3545000336e+03 3.8551264935e-01
1.3549548648e+03 3.8576764273e-01
1.3553973399e+03 3.8595942945e-01
1.3558487023e+03 3.8613961706e-01
1.3562906509e+03 3.8618919248e-01
1.3567527107e+03 3.8620657430e-01
1.3572257867e+03 3.8612751915e-01
1.3577552065e+03 3.8608318051e-01
1.3583014770e+03 3.8600312840e-01
1.3588495896e+03 3.8600743742e-01
1.3593420501e+03 3.8601814601e-01
1.3598149470e+03 3.8615110481e-01
1.3602458810e+03 3.8631316189e-01
1.3606521545e+03 3.8658739124e-01
1.3609888073e+03 3.8684546220e-01
1.3612789878e+03 3.8715762954e-01
1.3615192597e+03 3.8741551489e-01
1.3617707657e+03 3.8771234857e-01
1.3620203774e+03 3.8794352767e-01
1.3624589058e+03 3.8825177247e-01
1.3629289909e+03 3.8847344122e-01
1.3633707778e+03 3.8866253170e-01
1.3637884697e+03 3.8876445300e-01
1.3642122582e+03 3.8893463683e-01
1.3646373548e+03 3.8909106668e-01
1.3651121992e+03 3.8929065335e-01
1.3655997091e+03 3.8940016622e-01
1.3660893779e+03 3.8952176290e-01
1.3665617114e+03 3.8959029768e-01
1.3670569105e+03 3.8972301109e-01
1.3675353193e+03 3.8980702168e-01
1.3680057071e+03 3.8990432184e-01
1.3684589866e+03 3.8989009655e-01
1.3689067194e+03 3.8985039980e-01
1.3693050437e+03 3.8971819559e-01
1.3696728328e+03 3.8963139392e-01
1.3699986914e+03 3.8952147716e-01
1.3703220186e+03 3.8950197221e-01
1.3706387446e+03 3.8946588241e-01
1.3709973821e+03 3.8949571921e-01
1.3713690215e+03 3.8949870581e-01
1.3717669107e+03 3.8960879464e-01
1.3721805247e+03 3.8974424224e-01
1.3726374305e+03 3.8996696623e-01
1.3731045391e+03 3.9012755011e-01
1.3735834018e+03 3.9028633247e-01
1.3740399270e+03 3.9034880910e-01
1.3744983344e+03 3.9042960164e-01
1.3749214604e+03 3.9042637238e-01
1.3753341866e+03 3.9042774487e-01
1.3757271674e+03 3.9033167607e-01
1.3761395301e+03 3.9026901702e-01
1.3765596956e+03 3.9020371249e-01
1.3770217674e+03 3.9028254328e-01
1.3775169424e+03 3.9041709328e-01
1.3780586590e+03 3.9068675892e-01
1.3785870686e+03 3.9096965606e-01
1.3791071979e+03 3.9134319666e-01
1.3795815507e+03 3.9166861648e-01
1.3800497234e+03 3.9202566008e-01
1.3805017813e+03 3.9231732509e-01
1.3809715431e+03 3.9265069913e-01
1.3814283998e+03 3.9291094980e-01
1.3818841196e+03 3.9316521576e-01
1.3823306156e+03 3.9331056525e-01
1.3828190591e+03 3.9346795626e-01
1.3833265669e+03 3.9356528305e-01
1.3838697398e+03 3.9371727706e-01
1.3843941975e+03 3.9381088878e-01
1.3849253645e+03 3.9394154826e-01
1.3854362909e+03 3.9402302718e-01
1.3859384190e+03 3.9417397881e-01
1.3863894766e+03 3.9427486439e-01
1.3868333676e+03 3.9439061464e-01
1.3872658886e+03 3.9441389963e-01
1.3877310920e+03 3.9446571675e-01
1.3882080454e+03 3.9445596522e-01
1.3887269908e+03 3.9448323050e-01
1.3892438262e+03 3.9444392849e-01
1.3897776208e+03 3.9445436482e-01
1.3902826995e+03 3.9441515613e-01
1.3907752239e+03 3.9442343915e-01
1.3912257641e+03 3.9438057872e-01
1.3916737262e+03 3.9440919677e-01
1.3921074389e+03 3.9441998131e-01
1.3925638434e+03 3.9450672872e-01
1.3930014451e+03 3.9455985438e-01
1.3934323854e+03 3.9468718458e-01
1.3938308824e+03 3.9479369863e-01
1.3942564797e+03 3.9498326496e-01
1.3946871541e+03 3.9513418785e-01
1.3951307565e+03 3.9532374102e-01
1.3955359817e+03 3.9541860960e-01
1.3959314327e+03 3.9549822723e-01
1.3963030704e+03 3.9546787294e-01
1.3966884077e+03 3.9548340899e-01
1.3970582396e+03 3.9550548463e-01
1.3974475134e+03 3.9565318914e-01
1.3978242369e+03 3.9579446465e-01
1.3982121046e+03 3.9602067908e-01
1.3985686314e+03 3.9622694498e-01
1.3989225036e+03 3.9650832505e-01
1.3992472441e+03 3.9674841163e-01
1.3995841446e+03 3.9705451686e-01
1.4001757419e+03 3.9740380905e-01
1.4008171023e+03 3.9778990496e-01
1.4014218181e+03 3.9806001227e-01
1.4020180051e+03 3.9831727980e-01
1.4025838193e+03 3.9847717613e-01
1.4031573131e+03 3.9866710863e-01
1.4037079426e+03 3.9879777784e-01
1.4042540784e+03 3.9897899049e-01
1.4047935810e+03 3.9912676866e-01
1.4053832182e+03 3.9936162952e-01
1.4059806232e+03 3.9956936315e-01
1.4065817326e+03 3.9981011093e-01
1.4071687665e+03 3.9994678815e-01
1.4077845638e+03 4.0007904334e-01
1.4083813525e+03 4.0011403139e-01
1.4089687458e+03 4.0017079540e-01
1.4095098126e+03 4.0013890083e-01
1.4100403935e+03 4.0012450048e-01
1.4105367689e+03 4.0003805385e-01
1.4110266438e+03 4.0001168292e-01
1.4114674953e+03 3.9994854627e-01
1.4118782170e+03 3.9993453601e-01
1.4122469802e+03 3.9986184956e-01
1.4126054880e+03 3.9984901157e-01
1.4129338494e+03 3.9980778452e-01
1.4132916492e+03 3.9985451940e-01
1.4136866554e+03 3.9989214661e-01
1.4141755841e+03 4.0004488718e-01
1.4147280121e+03 4.0021647028e-01
1.4153359254e+03 4.0050282495e-01
1.4159302126e+03 4.0076450285e-01
1.4165180645e+03 4.0105985319e-01
1.4170664368e+03 4.0124817592e-01
1.4175887665e+03 4.0141153632e-01
1.4180561447e+03 4.0145998564e-01
1.4185137322e+03 4.0155139128e-01
1.4189471906e+03 4.0162265748e-01
1.4194138900e+03 4.0180278245e-01
1.4198866364e+03 4.0198029581e-01
1.4203809180e+03 4.0226337380e-01
1.4208522050e+03 4.0253891948e-01
1.4213404387e+03 4.0290010265e-01
1.4218189258e+03 4.0321430764e-01
1.4222954733e+03 4.0355227715e-01
1.4227263392e+03 4.0379057550e-01
1.4231715818e+03 4.0404512481e-01
1.4236214376e+03 4.0420535158e-01
1.4241012162e+03 4.0437419926e-01
1.4245594934e+03 4.0445582161e-01
1.4250479023e+03 4.0459068671e-01
1.4255687993e+03 4.0469476651e-01
1.4261528558e+03 4.0487948563e-01
1.4267216854e+03 4.0502844113e-01
1.4272851324e+03 4.0524188059e-01
1.4278273958e+03 4.0539253821e-01
1.4283945421e+03 4.0556756003e-01
1.4289219855e+03 4.0565404677e-01
1.4294259587e+03 4.0576804938e-01
1.4299029313e+03 4.0578570997e-01
1.4304172380e+03 4.0579870678e-01
1.4309152372e+03 4.0570367286e-01
1.4314052919e+03 4.0564186566e-01
1.4318512705e+03 4.0553890173e-01
1.4322990410e+03 4.0552922880e-01
1.4327218293e+03 4.0549431669e-01
1.4331658835e+03 4.0552224208e-01
1.4336045062e+03 4.0549968534e-01
1.4340569454e+03 4.0554455239e-01
1.4344636597e+03 4.0555075930e-01
1.4348665362e+03 4.0564134364e-01
1.4352640964e+03 4.0572238929e-01
1.4357052106e+03 4.0591220902e-01
1.4361307680e+03 4.0609292978e-01
1.4365597345e+03 4.0637085030e-01
1.4369596926e+03 4.0660867862e-01
1.4374304160e+03 4.0688613856e-01
1.4380813712e+03 4.0709511314e-01
1.4387018283e+03 4.0726617078e-01
1.4392819734e+03 4.0734871145e-01
1.4398724695e+03 4.0751406168e-01
1.4404445082e+03 4.0766479273e-01
1.4410147136e+03 4.0789034582e-01
1.4415479957e+03 4.0807266350e-01
1.4420920617e+03 4.0834884949e-01
1.4426221882e+03 4.0862132919e-01
1.4431677100e+03 4.0897713389e-01
1.4436930299e+03 4.0926484146e-01
1.4442216603e+03 4.0957000061e-01
1.4447113141e+03 4.0977192697e-01
1.4451947553e+03 4.0997385148e-01
1.4456600903e+03 4.1007536544e-01
1.4461510937e+03 4.1022133237e-01
1.4466154115e+03 4.1031896491e-01
1.4470697291e+03 4.1048102362e-01
1.4475007173e+03 4.1058779692e-01
1.4479799223e+03 4.1074461699e-01
1.4484701119e+03 4.1083833059e-01
1.4489676090e+03 4.1098265679e-01
1.4494015772e+03 4.1105706738e-01
1.4497957620e+03 4.1116615567e-01
1.4501277313e+03 4.1118461344e-01
1.4504433593e+03 4.1120164236e-01
1.4507253434e+03 4.1109377825e-01
1.4510172768e+03 4.1098368296e-01
1.4513172216e+03 4.1078641983e-01
1.4516713295e+03 4.1064353869e-01
1.4520373056e+03 4.1048025244e-01
1.4524485147e+03 4.1044059921e-01
1.4528660063e+03 4.1040337980e-01
1.4533214849e+03 4.1045385555e-01
1.4537941390e+03 4.1045755318e-01
1.4543473859e+03 4.1053804545e-01
1.4549472782e+03 4.1060043517e-01
1.4555814870e+03 4.1076473908e-01
1.4561997974e+03 4.1091756165e-01
1.4568423931e+03 4.1117199175e-01
1.4574655953e+03 4.1140599339e-01
1.4580775131e+03 4.1170831172e-01
1.4586247070e+03 4.1192497084e-01
1.4591605289e+03 4.1215270177e-01
1.4596662131e+03 4.1229061643e-01
1.4601786445e+03 4.1249076860e-01
1.4606410374e+03 4.1265236348e-01
1.4610719235e+03 4.1286945352e-01
1.4614492242e+03 4.1300373921e-01
1.4618327273e+03 4.1317911326e-01
1.4621912858e+03 4.1331936792e-01
1.4625632567e+03 4.1357067023e-01
1.4629292523e+03 4.1380057882e-01
1.4633439693e+03 4.1408526934e-01
1.4637499262e+03 4.1427928739e-01
1.4641632300e+03 4.1450082615e-01
1.4645548112e+03 4.1464484360e-01
1.4649881429e+03 4.1484146714e-01
1.4654284191e+03 4.1498899294e-01
1.4659656498e+03 4.1522070413e-01
1.4665361556e+03 4.1538702704e-01
1.4670866286e+03 4.1555555621e-01
1.4675801368e+03 4.1561252214e-01
1.4680726060e+03 4.1570553733e-01
1.4685534740e+03 4.1575106330e-01
1.4690396465e+03 4.1586300986e-01
1.4694795255e+03 4.1589697774e-01
1.4699101174e+03 4.1594209346e-01
1.4703885362e+03 4.1589828272e-01
1.4709416316e+03 4.1587625844e-01
1.4714928096e+03 4.1575565877e-01
1.4720633197e+03 4.1567261218e-01
1.4725908829e+03 4.1553533845e-01
1.4731045452e+03 4.1548978693e-01
1.4735887246e+03 4.1543537672e-01
1.4740977312e+03 4.1549028636e-01
1.4745690301e+03 4.1551037660e-01
1.4750349724e+03 4.1559765664e-01
1.4754701103e+03 4.1563460271e-01
1.4759233156e+03 4.1575176638e-01
1.4763457023e+03 4.1582966729e-01
1.4767749159e+03 4.1598845564e-01
1.4772014350e+03 4.1611392738e-01
1.4776824166e+03 4.1632432947e-01
1.4781519419e+03 4.1649404146e-01
1.4787772590e+03 4.1678997450e-01
1.4794004640e+03 4.1703947386e-01
1.4800414057e+03 4.1734457704e-01
1.4806541620e+03 4.1757203474e-01
1.4812552597e+03 4.1783653880e-01
1.4818180596e+03 4.1803521008e-01
1.4823834434e+03 4.1830138060e-01
1.4829126335e+03 4.1851226101e-01
1.4834437273e+03 4.1877322752e-01
1.4839532320e+03 4.1897263504e-01
1.4845017240e+03 4.1926159055e-01
1.4850590540e+03 4.1953524610e-01
1.4856565405e+03 4.1989029747e-01
1.4862575155e+03 4.2016591022e-01
1.4868969292e+03 4.2046658255e-01
1.4875297315e+03 4.2068359500e-01
1.4881810431e+03 4.2095207076e-01
1.4887880384e+03 4.2114130726e-01
1.4893897349e+03 4.2134762098e-01
1.4899627627e+03 4.2144243568e-01
1.4905602744e+03 4.2156409217e-01
1.4911344237e+03 4.2160747728e-01
1.4917043294e+03 4.2168784940e-01
1.4922272573e+03 4.2167354205e-01
1.4927593116e+03 4.2169470993e-01
1.4932611316e+03 4.2163912716e-01
1.4937806183e+03 4.2164293374e-01
1.4942921917e+03 4.2158251720e-01
1.4948565854e+03 4.2158166289e-01
1.4954350621e+03 4.2151678496e-01
1.4960432169e+03 4.2149655611e-01
1.4966292942e+03 4.2140064231e-01
1.4972376981e+03 4.2138271241e-01
1.4978439096e+03 4.2136207616e-01
1.4984733839e+03 4.2147391529e-01
1.4990622186e+03 4.2158538769e-01
1.4996568067e+03 4.2180568162e-01
1.5002197905e+03 4.2197054274e-01
1.5007895190e+03 4.2218168512e-01
1.5013083119e+03 4.2231605389e-01
1.5018137101e+03 4.2251815472e-01
1.5022944834e+03 4.2269295288e-01
1.5028106418e+03 4.2296911877e-01
1.5033087602e+03 4.2320733838e-01
1.5037891870e+03 4.2351099335e-01
1.5042027214e+03 4.2374942668e-01
1.5046239405e+03 4.2405133887e-01
1.5050204400e+03 4.2428344428e-01
1.5054268334e+03 4.2456612131e-01
1.5057950058e+03 4.2477254947e-01
1.5061968105e+03 4.2502866399e-01
1.5066308618e+03 4.2519955493e-01
1.5072262652e+03 4.2543165962e-01
1.5079411801e+03 4.2564732990e-01
1.5086619261e+03 4.2596718579e-01
1.5093511609e+03 4.2626411423e-01
1.5100292201e+03 4.2662040464e-01
1.5106146482e+03 4.2687218259e-01
1.5111456727e+03 4.2713328682e-01
1.5115950247e+03 4.2727703972e-01
1.5120339577e+03 4.2743278149e-01
1.5124543424e+03 4.2748297722e-01
1.5129049110e+03 4.2755917989e-01
1.5133342679e+03 4.2753964264e-01
1.5137890615e+03 4.2756575508e-01
1.5142618677e+03 4.2754578479e-01
1.5147981757e+03 4.2760664905e-01
1.5153331794e+03 4.2758737540e-01
1.5158874841e+03 4.2759219284e-01
1.5164129567e+03 4.2751710188e-01
1.5169530376e+03 4.2752010831e-01
1.5174451500e+03 4.2746883061e-01
1.5178997304e+03 4.2745494850e-01
1.5182926954e+03 4.2733522979e-01
1.5187040141e+03 4.2726312569e-01
1.5191330501e+03 4.2717400388e-01
1.5196261419e+03 4.2723497677e-01
1.5201207308e+03 4.2730686670e-01
1.5206416824e+03 4.2748592978e-01
1.5211382396e+03 4.2762128569e-01
1.5216601043e+03 4.2783131265e-01
1.5221993093e+03 4.2798364505e-01
1.5228127698e+03 4.2821161730e-01
1.5234214409e+03 4.2839092365e-01
1.5240350539e+03 4.2865808530e-01
1.5246309494e+03 4.2889538490e-01
1.5252619885e+03 4.2923062722e-01
1.5258335795e+03 4.2951117604e-01
1.5263696268e+03 4.2985364162e-01
1.5268564669e+03 4.3012813015e-01
1.5273716840e+03 4.3046044211e-01
1.5278626461e+03 4.3070301155e-01
1.5283597862e+03 4.3096664728e-01
1.5288272154e+03 4.3111836127e-01
1.5293271353e+03 4.3130673788e-01
1.5298078883e+03 4.3141601690e-01
1.5303138324e+03 4.3158180093e-01
1.5308098061e+03 4.3168395365e-01
1.5313308267e+03 4.3186403889e-01
1.5318066495e+03 4.3199303600e-01
1.5322999048e+03 4.3219928372e-01
1.5327949291e+03 4.3232967576e-01
1.5333278466e+03 4.3248065871e-01
1.5338346220e+03 4.3250867975e-01
1.5343767876e+03 4.3255490762e-01
1.5349242150e+03 4.3250227882e-01
1.5354930097e+03 4.3250114104e-01
1.5360096137e+03 4.3245781150e-01
1.5365254422e+03 4.3252503525e-01
1.5370323085e+03 4.3255145915e-01
1.5376040286e+03 4.3263286199e-01
1.5381931664e+03 4.3262955805e-01
1.5388266371e+03 4.3270312421e-01
1.5394339358e+03 4.3273150083e-01
1.5400428557e+03 4.3281898219e-01
1.5406084890e+03 4.3281035683e-01
1.5411735221e+03 4.3285527020e-01
1.5416903109e+03 4.3285855825e-01
1.5422027843e+03 4.3296693372e-01
1.5426744077e+03 4.3303055948e-01
1.5431654342e+03 4.3316916484e-01
1.5436312910e+03 4.3325393223e-01
1.5441140895e+03 4.3343101381e-01
1.5445598936e+03 4.3356906790e-01
1.5450024270e+03 4.3379499054e-01
1.5453888326e+03 4.3397070829e-01
1.5457754607e+03 4.3422734131e-01
1.5461505902e+03 4.3442280486e-01
1.5465884904e+03 4.3469145166e-01
1.5470249566e+03 4.3490103031e-01
1.5474873890e+03 4.3518739292e-01
1.5479348824e+03 4.3541702365e-01
1.5484217550e+03 4.3572288468e-01
1.5490848818e+03 4.3602075037e-01
1.5497105785e+03 4.3632909612e-01
1.5502888022e+03 4.3649938676e-01
1.5508953322e+03 4.3667695599e-01
1.5514670009e+03 4.3674773978e-01
1.5520647372e+03 4.3688131597e-01
1.5526688082e+03 4.3696500447e-01
1.5533218787e+03 4.3713151278e-01
1.5539474721e+03 4.3723507873e-01
1.5545695335e+03 4.3740830084e-01
1.5551377547e+03 4.3753263059e-01
1.5557155305e+03 4.3774452091e-01
1.5562736417e+03 4.3787112970e-01
1.5568804103e+03 4.3801498579e-01
1.5574693002e+03 4.3803384193e-01
1.5580628945e+03 4.3806731551e-01
1.5586053753e+03 4.3800323870e-01
1.5591660260e+03 4.3802417245e-01
1.5597106198e+03 4.3803578875e-01
1.5602674251e+03 4.3816158874e-01
1.5607698275e+03 4.3821905188e-01
1.5612642033e+03 4.3831978361e-01
1.5617113507e+03 4.3832960875e-01
1.5621934311e+03 4.3840970519e-01
1.5626807995e+03 4.3844706546e-01
1.5632293613e+03 4.3858315427e-01
1.5637776959e+03 4.3866608696e-01
1.5643440809e+03 4.3880377444e-01
1.5648579565e+03 4.3885054374e-01
1.5653709551e+03 4.3895840770e-01
1.5658700685e+03 4.3901916493e-01
1.5664183711e+03 4.3918977359e-01
1.5669469754e+03 4.3933775468e-01
1.5674899890e+03 4.3960071986e-01
1.5679963554e+03 4.3983119197e-01
1.5685212198e+03 4.4014750868e-01
1.5690361995e+03 4.4038453185e-01
1.5696054553e+03 4.4067581206e-01
1.5701663040e+03 4.4090260665e-01
1.5707183572e+03 4.4121453731e-01
1.5712110641e+03 4.4147886087e-01
1.5717200570e+03 4.4182693189e-01
1.5722185781e+03 4.4210328440e-01
1.5727731617e+03 4.4242370475e-01
1.5733398749e+03 4.4261893235e-01
1.5739559274e+03 4.4281958462e-01
1.5745583231e+03 4.4290244825e-01
1.5751884386e+03 4.4304288911e-01
1.5757946665e+03 4.4313372020e-01
1.5764045043e+03 4.4332448508e-01
1.5769564223e+03 4.4345972372e-01
1.5775086118e+03 4.4365964521e-01
1.5780424795e+03 4.4378798708e-01
1.5786326382e+03 4.4401251384e-01
1.5792169624e+03 4.4419058722e-01
1.5798203714e+03 4.4441869052e-01
1.5804058857e+03 4.4451971724e-01
1.5810297845e+03 4.4464028818e-01
1.5816189347e+03 4.4467042072e-01
1.5822157345e+03 4.4476613567e-01
1.5828058964e+03 4.4479720537e-01
1.5834439251e+03 4.4491479740e-01
1.5840333458e+03 4.4496445600e-01
1.5845986316e+03 4.4505274545e-01
1.5851146668e+03 4.4502716602e-01
1.5856614248e+03 4.4506167296e-01
1.5862014768e+03 4.4505776587e-01
1.5867666674e+03 4.4516691126e-01
1.5872770224e+03 4.4524073722e-01
1.5877470048e+03 4.4538746329e-01
1.5881534487e+03 4.4543099429e-01
1.5885776651e+03 4.4549614579e-01
1.5889846399e+03 4.4547556021e-01
1.5894255699e+03 4.4556528677e-01
1.5899691376e+03 4.4569068140e-01
1.5905555011e+03 4.4594715236e-01
1.5911276869e+03 4.4617918462e-01
1.5917438236e+03 4.4653266113e-01
1.5923532405e+03 4.4685470667e-01
1.5930087595e+03 4.4725270438e-01
1.5936644407e+03 4.4754669427e-01
1.5943734297e+03 4.4787308717e-01
1.5950770229e+03 4.4811729854e-01
1.5958384691e+03 4.4845379301e-01
1.5965890108e+03 4.4873434234e-01
1.5973673088e+03 4.4908234231e-01
1.5980835263e+03 4.4933150253e-01
1.5987788436e+03 4.4960767843e-01
1.5994125166e+03 4.4977352358e-01
1.6000635154e+03 4.4998614295e-01
1.6006926053e+03 4.5010276075e-01
1.6013413393e+03 4.5026365872e-01
1.6019458071e+03 4.5035026669e-01
1.6025735691e+03 4.5054785046e-01
1.6031515754e+03 4.5071573944e-01
1.6037343135e+03 4.5097979009e-01
1.6042757086e+03 4.5116531929e-01
1.6048553043e+03 4.5137892480e-01
1.6054301768e+03 4.5146164288e-01
1.6060275864e+03 4.5156498955e-01
1.6065928501e+03 4.5158819167e-01
1.6071842590e+03 4.5169451931e-01
1.6077341184e+03 4.5172104441e-01
1.6082923984e+03 4.5178919206e-01
1.6088282511e+03 4.5175500801e-01
1.6094088566e+03 4.5178244724e-01
1.6099706153e+03 4.5174339291e-01
1.6105335439e+03 4.5176929100e-01
1.6110382419e+03 4.5170942821e-01
1.6115503563e+03 4.5171892294e-01
1.6120851650e+03 4.5168759765e-01
1.6127127010e+03 4.5177871202e-01
1.6133386163e+03 4.5182339245e-01
1.6139607975e+03 4.5194988416e-01
1.6145295215e+03 4.5202300773e-01
1.6151230221e+03 4.5221584300e-01
1.6157282731e+03 4.5238838270e-01
1.6163888412e+03 4.5267561790e-01
1.6170263986e+03 4.5293493225e-01
1.6176396998e+03 4.5330319226e-01
1.6181770970e+03 4.5362057945e-01
1.6187259715e+03 4.5402152103e-01
1.6192880270e+03 4.5434701967e-01
1.6198998624e+03 4.5472093329e-01
1.6206015795e+03 4.5503106369e-01
1.6212552102e+03 4.5537031167e-01
1.6218086391e+03 4.5559597737e-01
1.6223971711e+03 4.5589374805e-01
1.6229866154e+03 4.5613395805e-01
1.6236310449e+03 4.5644959121e-01
1.6242411218e+03 4.5665661595e-01
1.6248695097e+03 4.5688877672e-01
1.6254568651e+03 4.5700779781e-01
1.6260632254e+03 4.5718998625e-01
1.6266131775e+03 4.5729681161e-01
1.6271745790e+03 4.5747487994e-01
1.6277008445e+03 4.5757534024e-01
1.6282599685e+03 4.5775467133e-01
1.6287940381e+03 4.5785251996e-01
1.6293636085e+03 4.5799297373e-01
1.6298986804e+03 4.5802191287e-01
1.6304407475e+03 4.5809749697e-01
1.6309579798e+03 4.5808956471e-01
1.6315303751e+03 4.5815878863e-01
1.6321050673e+03 4.5814888941e-01
1.6327183184e+03 4.5818802625e-01
1.6333057610e+03 4.5813580402e-01
1.6339080561e+03 4.5816732271e-01
1.6344581627e+03 4.5814270471e-01
1.6350109695e+03 4.5818636665e-01
1.6355265588e+03 4.5813284671e-01
1.6360550567e+03 4.5813342577e-01
1.6365466750e+03 4.5807439265e-01
1.6370836007e+03 4.5813412671e-01
1.6376501128e+03 4.5818322008e-01
1.6382971290e+03 4.5835253482e-01
1.6389437872e+03 4.5848955007e-01
1.6396108546e+03 4.5872795885e-01
1.6402288144e+03 4.5893356093e-01
1.6408397041e+03 4.5924252869e-01
1.6414014764e+03 4.5951283197e-01
1.6419845483e+03 4.5986444344e-01
1.6425699186e+03 4.6016372212e-01
1.6432075511e+03 4.6053977062e-01
1.6438397133e+03 4.6085853028e-01
1.6444912999e+03 4.6123393709e-01
1.6451167309e+03 4.6151504694e-01
1.6457557834e+03 4.6180766649e-01
1.6463702149e+03 4.6201703324e-01
1.6470006211e+03 4.6230075018e-01
1.6475993114e+03 4.6254296235e-01
1.6481681999e+03 4.6282707848e-01
1.6486537076e+03 4.6301142118e-01
1.6491260505e+03 4.6321241626e-01
1.6496146449e+03 4.6334800379e-01
1.6501982504e+03 4.6355007820e-01
1.6508444424e+03 4.6370528194e-01
1.6515843164e+03 4.6391316248e-01
1.6522873182e+03 4.6404818902e-01
1.6530200211e+03 4.6424903853e-01
1.6537356198e+03 4.6441797205e-01
1.6544851135e+03 4.6466271981e-01
1.6552043712e+03 4.6484396308e-01
1.6559503921e+03 4.6506588135e-01
1.6566579133e+03 4.6520008166e-01
1.6573843836e+03 4.6534764383e-01
1.6580881805e+03 4.6539870082e-01
1.6588097083e+03 4.6549323430e-01
1.6594775762e+03 4.6556036700e-01
1.6601564914e+03 4.6571321256e-01
1.6608383939e+03 4.6584400452e-01
1.6615921837e+03 4.6602619000e-01
1.6623562039e+03 4.6613209598e-01
1.6631457462e+03 4.6624371506e-01
1.6638914777e+03 4.6630106220e-01
1.6646256977e+03 4.6644790349e-01
1.6653276307e+03 4.6661848630e-01
1.6660571730e+03 4.6686937990e-01
1.6667912449e+03 4.6707796391e-01
1.6675560577e+03 4.6733931120e-01
1.6682790430e+03 4.6760311294e-01
1.6689815080e+03 4.6795316425e-01
1.6696412294e+03 4.6826061412e-01
1.6703253757e+03 4.6858877502e-01
1.6710119846e+03 4.6886771423e-01
1.6717203698e+03 4.6919872065e-01
1.6724060601e+03 4.6950163314e-01
1.6730973981e+03 4.6986187588e-01
1.6737674731e+03 4.7017950038e-01
1.6744292978e+03 4.7052345473e-01
1.6750301579e+03 4.7079454816e-01
1.6756135667e+03 4.7109432164e-01
1.6761794411e+03 4.7133306885e-01
1.6767630773e+03 4.7160345469e-01
1.6773726253e+03 4.7180402516e-01
