# Turbulent kinetic energy budget term: ST (density-dependent contributions)
# Definition: ST = -\bar{\rho} \tilde{k} (\partial \tilde{u}_k / \partial x_k) + ... (see manuscript)
# Columns: y_plus    ST^+
3.8773702413e-01 2.8389071355e-07
1.1571785444e+00 4.6592626181e-06
1.9272980036e+00 2.9226848923e-05
2.6982779270e+00 8.8309033206e-05
3.4703198979e+00 2.2659767701e-04
4.2436415854e+00 4.7131637579e-04
5.0184737565e+00 8.1735772848e-04
5.7950575092e+00 1.2355983873e-03
6.5736418747e+00 1.6695582989e-03
7.3544818564e+00 2.0720892742e-03
8.1378369110e+00 2.3995951997e-03
8.9239698326e+00 2.6348423482e-03
9.7131459760e+00 2.7699951248e-03
1.0505632749e+01 2.8158394539e-03
1.1301699307e+01 2.7861274470e-03
1.2101616390e+01 2.7007077376e-03
1.2905656257e+01 2.5767734797e-03
1.3714092688e+01 2.4293958214e-03
1.4527201024e+01 2.2700236091e-03
1.5345258226e+01 2.1059507167e-03
1.6168542961e+01 1.9436629081e-03
1.6997335681e+01 1.7863734180e-03
1.7831918720e+01 1.6384615686e-03
1.8672576387e+01 1.5007380011e-03
1.9519595060e+01 1.3753257890e-03
2.0373263283e+01 1.2607122531e-03
2.1233871868e+01 1.1573960444e-03
2.2101713990e+01 1.0629450051e-03
2.2977085288e+01 9.7726635299e-04
2.3860283967e+01 8.9784369349e-04
2.4751610897e+01 8.2489667703e-04
2.5651369717e+01 7.5707382437e-04
2.6559866940e+01 6.9562578445e-04
2.7477412056e+01 6.3979935110e-04
2.8404317634e+01 5.9025023758e-04
2.9340899435e+01 5.4534028177e-04
3.0287476515e+01 5.0475620234e-04
3.1244371336e+01 4.6677589006e-04
3.2211909873e+01 4.3152295762e-04
3.3190421728e+01 3.9835352096e-04
3.4180240242e+01 3.6803958944e-04
3.5181702607e+01 3.4021022319e-04
3.6195149980e+01 3.1531342775e-04
3.7220927603e+01 2.9277981310e-04
3.8259384918e+01 2.7286996662e-04
3.9310875686e+01 2.5506200521e-04
4.0375758108e+01 2.3914585892e-04
4.1454394947e+01 2.2380301120e-04
4.2547153652e+01 2.0816138469e-04
4.3654406483e+01 1.9138707719e-04
4.4776530636e+01 1.7386480284e-04
4.5913908375e+01 1.5607582507e-04
4.7066927159e+01 1.3894891396e-04
4.8235979776e+01 1.2294445341e-04
4.9421464475e+01 1.0851921049e-04
5.0623785105e+01 9.5552309411e-05
5.1843351247e+01 8.3982861072e-05
5.3080578360e+01 7.3423945432e-05
5.4335887919e+01 6.3654155138e-05
5.5609707556e+01 5.4265487202e-05
5.6902471212e+01 4.5015037709e-05
5.8214619280e+01 3.5464007740e-05
5.9546598757e+01 2.5696961422e-05
6.0898863395e+01 1.6348331489e-05
6.2271873857e+01 8.3386746167e-06
6.3666097873e+01 1.7652594507e-06
6.5082010401e+01 -3.9377272307e-06
6.6520093784e+01 -9.4370236308e-06
6.7980837922e+01 -1.4449636687e-05
6.9464740431e+01 -1.8407985390e-05
7.0972306819e+01 -2.1460977805e-05
7.2504050652e+01 -2.4522434839e-05
7.4060493737e+01 -2.8385228513e-05
7.5642166290e+01 -3.3107492395e-05
7.7249607125e+01 -3.9091972237e-05
7.8883363833e+01 -4.6401832065e-05
8.0543992970e+01 -5.4974225676e-05
8.2232060247e+01 -6.4004591040e-05
8.3948140720e+01 -7.2625605676e-05
8.5692818992e+01 -7.9934277934e-05
8.7466689403e+01 -8.4615604827e-05
8.9270356242e+01 -8.5935965339e-05
9.1104433945e+01 -8.4933708188e-05
9.2969547311e+01 -8.3686293260e-05
9.4866331710e+01 -8.3068483342e-05
9.6795433299e+01 -8.2868937785e-05
9.8757509249e+01 -8.2894128935e-05
1.0075322796e+02 -8.2649407425e-05
1.0278326929e+02 -8.2191016658e-05
1.0484832481e+02 -8.1805798758e-05
1.0694909798e+02 -8.1393135236e-05
1.0908630446e+02 -8.0943236270e-05
1.1126067231e+02 -8.0332057899e-05
1.1347294226e+02 -8.0123014985e-05
1.1572386793e+02 -8.0635567133e-05
1.1801421613e+02 -8.2648917865e-05
1.2034476708e+02 -8.5614612557e-05
1.2271631472e+02 -8.7488151954e-05
1.2512966693e+02 -8.7972525430e-05
1.2758564584e+02 -8.8249768413e-05
1.3008508813e+02 -8.9354136700e-05
1.3262884523e+02 -9.0265148281e-05
1.3521778371e+02 -9.1175509558e-05
1.3785278552e+02 -9.3215078944e-05
1.4053474831e+02 -9.5505068360e-05
1.4326458570e+02 -9.7024803139e-05
1.4604322764e+02 -9.8247831107e-05
1.4887162071e+02 -9.8978151396e-05
1.5175072843e+02 -9.8584326791e-05
1.5468153159e+02 -9.8045126774e-05
1.5766502861e+02 -9.7306010836e-05
1.6070223585e+02 -9.5095473020e-05
1.6379418795e+02 -9.4294168041e-05
1.6694193823e+02 -9.6537747908e-05
1.7014655900e+02 -9.9832173213e-05
1.7340914194e+02 -1.0223549132e-04
1.7673079848e+02 -1.0108588399e-04
1.8011266020e+02 -9.9357012545e-05
1.8355587914e+02 -9.9795804418e-05
1.8706162828e+02 -1.0235841951e-04
1.9063110189e+02 -1.0638744653e-04
1.9426551594e+02 -1.0859907873e-04
1.9796610854e+02 -1.0710416942e-04
2.0173414033e+02 -1.0382488406e-04
2.0557089493e+02 -1.0239051428e-04
2.0947767937e+02 -1.0290833575e-04
2.1345582454e+02 -1.0269777926e-04
2.1750668562e+02 -1.0301648151e-04
2.2163164260e+02 -1.0264496893e-04
2.2583210068e+02 -1.0156745290e-04
2.3010949078e+02 -1.0142081041e-04
2.3446527005e+02 -1.0024809363e-04
2.3890092232e+02 -9.8293784973e-05
2.4341795865e+02 -9.6605358450e-05
2.4801791781e+02 -9.5455110615e-05
2.5270236682e+02 -9.5485369157e-05
2.5747290150e+02 -9.5639810901e-05
2.6233114696e+02 -9.5213565136e-05
2.6727875823e+02 -9.5241084198e-05
2.7231742076e+02 -9.4019293235e-05
2.7744885101e+02 -9.1053973076e-05
2.8267479708e+02 -8.8580925337e-05
2.8799703921e+02 -8.7248265473e-05
2.9341739051e+02 -8.6256037329e-05
2.9893769745e+02 -8.5254306018e-05
3.0455984059e+02 -8.2708396804e-05
3.1028573518e+02 -8.0079792675e-05
3.1611733179e+02 -7.8656889208e-05
3.2205661702e+02 -7.6202044399e-05
3.2810561415e+02 -7.3682577960e-05
3.3426638381e+02 -7.1222885482e-05
3.4054102473e+02 -6.8466724647e-05
3.4693167437e+02 -6.4799337120e-05
3.5344050967e+02 -6.0601267076e-05
3.6006974768e+02 -5.6966227580e-05
3.6682164618e+02 -5.3914628737e-05
3.7369850410e+02 -5.0593125554e-05
3.8070266166e+02 -4.7403802957e-05
3.8783649994e+02 -4.3946329499e-05
3.9510243939e+02 -3.9938411188e-05
4.0250293658e+02 -3.5701889406e-05
4.1004047808e+02 -3.1404160246e-05
4.1771756960e+02 -2.7442619790e-05
4.2553671823e+02 -2.4226711358e-05
4.3350040448e+02 -2.1167543639e-05
4.4161104030e+02 -1.7964665100e-05
4.4987090866e+02 -1.4562982664e-05
4.5828208032e+02 -1.1720475084e-05
4.6684630417e+02 -9.4342415353e-06
4.7556486928e+02 -7.3783995767e-06
4.8443844007e+02 -5.6571240235e-06
4.9346687031e+02 -4.2885598424e-06
5.0264900663e+02 -3.1982453355e-06
5.1198249775e+02 -2.3345496806e-06
5.2146362975e+02 -1.6548805201e-06
5.3108721016e+02 -1.1569503228e-06
5.4084652259e+02 -7.8203592132e-07
5.5073336928e+02 -5.0042062244e-07
5.6073821057e+02 -3.1855188423e-07
5.7085039974e+02 -2.0633781864e-07
5.8105849942e+02 -1.2920503652e-07
5.9135065524e+02 -7.7353075206e-08
6.0171499445e+02 -4.2937678205e-08
6.1214001398e+02 -2.1788828262e-08
6.2261492451e+02 -9.8047302126e-09
6.3312992358e+02 -2.1063853727e-09
6.4367638126e+02 2.3945518882e-09
6.5424693300e+02 4.7639904872e-09
6.6483548556e+02 5.4474265596e-09
6.7543715021e+02 5.8049640046e-09
6.8604812299e+02 6.2572877766e-09
6.9666553289e+02 6.0638966888e-09
7.0728727802e+02 5.5633510336e-09
7.1791186556e+02 4.9165363978e-09
7.2853826695e+02 4.2781747708e-09
7.3916579460e+02 3.5842245585e-09
7.4979400256e+02 2.9708849133e-09
7.6042261022e+02 2.5786753880e-09
7.7105144622e+02 2.3865949886e-09
7.8168040906e+02 2.2380808148e-09
7.9230944040e+02 2.1834204509e-09
8.0293850768e+02 2.1641294629e-09
8.1356759330e+02 2.1954634456e-09
8.2419668801e+02 2.2049114418e-09
8.3482578710e+02 2.1449322723e-09
8.4545488823e+02 1.9870128566e-09
8.5608399030e+02 1.7674692186e-09
8.6671309277e+02 1.5196614613e-09
8.7734219542e+02 1.2848096766e-09
8.8797129815e+02 1.0736360611e-09
8.9860040090e+02 9.4060612957e-10
9.0922950367e+02 8.5257996242e-10
9.1985860644e+02 8.1986044605e-10
9.3048770921e+02 7.8571753910e-10
9.4111681199e+02 7.5048680936e-10
9.5174591476e+02 7.0689023639e-10
9.6237501753e+02 6.7218362034e-10
9.7300412031e+02 6.4333371180e-10
9.8363322308e+02 6.3698101372e-10
9.9426232586e+02 6.2923437684e-10
1.0048914286e+03 6.3903349081e-10
1.0155205314e+03 6.4023625723e-10
1.0261496342e+03 6.4391133997e-10
1.0367787369e+03 6.2993320660e-10
1.0474078397e+03 6.0436940436e-10
1.0580369425e+03 5.6170779014e-10
1.0686660453e+03 5.1178173233e-10
1.0792951480e+03 4.6026374710e-10
1.0899242508e+03 4.1941132548e-10
1.1005533536e+03 3.9932233856e-10
1.1111824564e+03 4.0019833268e-10
1.1218115591e+03 4.1834424630e-10
1.1324406619e+03 4.4101538000e-10
1.1430697647e+03 4.6843550032e-10
1.1536988675e+03 5.0229135747e-10
1.1643279702e+03 5.5361806765e-10
1.1749570730e+03 6.1847557860e-10
1.1855861758e+03 6.9345960052e-10
1.1962152786e+03 7.6252081965e-10
1.2068443813e+03 8.2337679447e-10
1.2174734841e+03 8.6683251379e-10
1.2281025869e+03 8.9592453267e-10
1.2387316896e+03 9.0574822662e-10
1.2493607924e+03 9.0461766104e-10
1.2599898952e+03 8.9552669426e-10
1.2706189980e+03 8.9113164257e-10
1.2812481007e+03 8.9242440402e-10
1.2918772035e+03 9.0174885513e-10
1.3025063063e+03 9.1006861516e-10
1.3131354091e+03 9.1526988715e-10
1.3237645118e+03 9.1348161341e-10
1.3343936146e+03 9.0931241885e-10
1.3450227174e+03 9.0430585868e-10
1.3556518202e+03 9.0573755142e-10
1.3662809229e+03 9.1737898890e-10
1.3769100257e+03 9.4312221688e-10
1.3875391285e+03 9.7965335125e-10
1.3981682312e+03 1.0244646268e-09
1.4087973340e+03 1.0717090304e-09
1.4194264368e+03 1.1201969223e-09
1.4300555396e+03 1.1608652030e-09
1.4406846423e+03 1.1921775008e-09
1.4513137451e+03 1.2040347958e-09
1.4619428479e+03 1.1981953499e-09
1.4725719507e+03 1.1662781904e-09
1.4832010534e+03 1.1135840131e-09
1.4938301562e+03 1.0385538522e-09
1.5044592590e+03 9.5455710055e-10
1.5150883618e+03 8.6733585133e-10
1.5257174645e+03 7.8696338483e-10
1.5363465673e+03 7.1321832418e-10
1.5469756701e+03 6.4545564625e-10
1.5576047728e+03 5.8324741224e-10
1.5682338756e+03 5.2519210374e-10
1.5788629784e+03 4.7430695718e-10
1.5894920812e+03 4.2701287968e-10
1.6001211839e+03 3.8892685351e-10
1.6107502867e+03 3.5727954515e-10
1.6213793895e+03 3.3860371711e-10
1.6320084923e+03 3.2450806278e-10
1.6426375950e+03 3.1621849675e-10
1.6532666978e+03 3.0463365071e-10
1.6638958006e+03 2.9680383869e-10
1.6745249034e+03 2.9310825002e-10
1.6851540061e+03 3.0516117940e-10
1.6957831089e+03 3.3473897871e-10
1.7064122117e+03 3.8637184351e-10
1.7170413145e+03 4.5563471832e-10
1.7276704172e+03 5.3502177181e-10
1.7382995200e+03 6.1615392107e-10
1.7489286228e+03 6.8799396226e-10
1.7595577255e+03 7.5071030283e-10
1.7701868283e+03 7.9814285328e-10
1.7808159311e+03 8.3901477036e-10
1.7914450339e+03 8.6630504028e-10
1.8020741366e+03 8.9041080976e-10
1.8127032394e+03 9.0124970645e-10
1.8233323422e+03 9.1035267633e-10
1.8339614450e+03 9.0419920489e-10
1.8445905477e+03 8.9132554461e-10
1.8552196505e+03 8.5448413499e-10
1.8658487533e+03 8.0568285718e-10
1.8764778561e+03 7.3762708651e-10
1.8871069588e+03 6.7240834775e-10
1.8977360616e+03 6.0840825912e-10
1.9083651644e+03 5.6238144708e-10
1.9189942671e+03 5.2674254918e-10
1.9296233699e+03 5.0886794920e-10
1.9402524727e+03 5.0038648756e-10
1.9508815755e+03 5.0480248371e-10
1.9615106782e+03 5.1765497907e-10
1.9721397810e+03 5.3890405827e-10
1.9827688838e+03 5.6682016948e-10
1.9933979866e+03 5.9355972324e-10
2.0040270893e+03 6.1705389554e-10
2.0146561921e+03 6.2644146524e-10
2.0252852949e+03 6.3040134686e-10
2.0359143977e+03 6.2749149165e-10
2.0465435004e+03 6.3531420935e-10
2.0571726032e+03 6.4659181292e-10
2.0678017060e+03 6.6841080690e-10
2.0784308088e+03 6.8053939859e-10
2.0890599115e+03 6.8983682743e-10
2.0996890143e+03 6.8125790059e-10
2.1103181171e+03 6.7199278258e-10
2.1209472198e+03 6.5163681324e-10
2.1315763226e+03 6.3791874713e-10
2.1422054254e+03 6.2114240773e-10
2.1528345282e+03 6.1675643302e-10
2.1634636309e+03 6.1749199663e-10
2.1740927337e+03 6.3280316304e-10
2.1847218365e+03 6.5480870204e-10
2.1953509393e+03 6.8328701912e-10
2.2059800420e+03 7.1039392817e-10
2.2166091448e+03 7.3099865395e-10
2.2272382476e+03 7.4522624758e-10
2.2378673504e+03 7.5026215941e-10
2.2484964531e+03 7.5254447338e-10
2.2591255559e+03 7.4710680982e-10
2.2697546587e+03 7.3794902207e-10
2.2803837614e+03 7.1667036769e-10
2.2910128642e+03 6.8537812912e-10
2.3016419670e+03 6.3848163446e-10
2.3122710698e+03 5.8221943414e-10
2.3229001725e+03 5.1663273909e-10
2.3335292753e+03 4.5121381768e-10
2.3441583781e+03 3.8761165917e-10
2.3547874809e+03 3.3537914553e-10
2.3654165836e+03 2.9322320723e-10
2.3760456864e+03 2.6522132916e-10
2.3866747892e+03 2.4523502356e-10
2.3973038920e+03 2.3570928740e-10
2.4079329947e+03 2.3478781381e-10
2.4185620975e+03 2.4848610855e-10
2.4291912003e+03 2.7841772331e-10
2.4398203030e+03 3.2703028674e-10
2.4504494058e+03 3.9278250754e-10
2.4610785086e+03 4.6891946352e-10
2.4717076114e+03 5.4858814013e-10
2.4823367141e+03 6.1942895685e-10
2.4929658169e+03 6.7820085128e-10
2.5035949197e+03 7.1914141158e-10
2.5142240225e+03 7.4442758060e-10
2.5248531252e+03 7.5170611198e-10
2.5354822280e+03 7.3917497985e-10
2.5461113308e+03 7.0744440100e-10
2.5567404336e+03 6.5536881093e-10
2.5673695363e+03 5.9345649729e-10
2.5779986391e+03 5.2445909106e-10
2.5886277419e+03 4.6330201587e-10
2.5992568447e+03 4.0532666312e-10
2.6098859474e+03 3.5892497112e-10
2.6205150502e+03 3.1219340192e-10
2.6311441530e+03 2.7732734837e-10
2.6417732557e+03 2.5168858760e-10
2.6524023585e+03 2.5513639200e-10
2.6630314613e+03 2.8473599765e-10
2.6736605641e+03 3.4698684746e-10
2.6842896668e+03 4.2033995514e-10
2.6949187696e+03 5.0013427346e-10
2.7055478724e+03 5.6267414224e-10
2.7161769752e+03 1.6394299298e-10
2.7268060779e+03 9.3798927372e-10
2.7374351807e+03 4.3783501683e-10
