# Turbulent kinetic energy budget term: Pi (pressure diffusion + dilatation)
# Definition: Pi = -\partial_{x_i}(\overline{p' u_i''}) + \overline{ p' (\partial u_i'' / \partial x_i)}
# Columns: y_plus    Pi^+
3.8773702413e-01 1.0894953796e-02
1.1571785444e+00 1.5694781723e-02
1.9272980036e+00 2.3304727786e-02
2.6982779270e+00 2.2139665371e-02
3.4703198979e+00 2.1044149983e-02
4.2436415854e+00 1.9844777990e-02
5.0184737565e+00 1.7787081373e-02
5.7950575092e+00 1.6053182473e-02
6.5736418747e+00 1.3871242666e-02
7.3544818564e+00 1.1944263460e-02
8.1378369110e+00 9.8118630950e-03
8.9239698326e+00 7.8430859927e-03
9.7131459760e+00 5.8939157787e-03
1.0505632749e+01 4.0690977762e-03
1.1301699307e+01 2.4460125383e-03
1.2101616390e+01 9.3113125662e-04
1.2905656257e+01 -2.6379045840e-04
1.3714092688e+01 -1.3660868958e-03
1.4527201024e+01 -2.1041326531e-03
1.5345258226e+01 -2.7925663991e-03
1.6168542961e+01 -3.1376454337e-03
1.6997335681e+01 -3.4826681600e-03
1.7831918720e+01 -3.5219881638e-03
1.8672576387e+01 -3.5993786152e-03
1.9519595060e+01 -3.4215035283e-03
2.0373263283e+01 -3.3220871542e-03
2.1233871868e+01 -3.0259538530e-03
2.2101713990e+01 -2.8417524114e-03
2.2977085288e+01 -2.5064130955e-03
2.3860283967e+01 -2.2872357654e-03
2.4751610897e+01 -1.9317753205e-03
2.5651369717e+01 -1.6785443804e-03
2.6559866940e+01 -1.3060168000e-03
2.7477412056e+01 -1.0358598251e-03
2.8404317634e+01 -6.7501723100e-04
2.9340899435e+01 -4.2336290696e-04
3.0287476515e+01 -1.1147141813e-04
3.1244371336e+01 8.3179871246e-05
3.2211909873e+01 3.1607780241e-04
3.3190421728e+01 4.4188595797e-04
3.4180240242e+01 6.0543540739e-04
3.5181702607e+01 6.7769692284e-04
3.6195149980e+01 7.7864299106e-04
3.7220927603e+01 7.9261120947e-04
3.8259384918e+01 8.2979994970e-04
3.9310875686e+01 7.9686146917e-04
4.0375758108e+01 7.9312885672e-04
4.1454394947e+01 7.3719882982e-04
4.2547153652e+01 7.1497906666e-04
4.3654406483e+01 6.5322521335e-04
4.4776530636e+01 6.2076302751e-04
4.5913908375e+01 5.4858877379e-04
4.7066927159e+01 4.9983713255e-04
4.8235979776e+01 4.2773034123e-04
4.9421464475e+01 3.9785764011e-04
5.0623785105e+01 3.6723706255e-04
5.1843351247e+01 3.7940039028e-04
5.3080578360e+01 3.8378398238e-04
5.4335887919e+01 4.0988178369e-04
5.5609707556e+01 4.1211214150e-04
5.6902471212e+01 4.2042135951e-04
5.8214619280e+01 4.0276323342e-04
5.9546598757e+01 3.9143709843e-04
6.0898863395e+01 3.6644873293e-04
6.2271873857e+01 3.6090680740e-04
6.3666097873e+01 3.5424805426e-04
6.5082010401e+01 3.6115304090e-04
6.6520093784e+01 3.4895222661e-04
6.7980837922e+01 3.2755112457e-04
6.9464740431e+01 2.7832119453e-04
7.0972306819e+01 2.1673303593e-04
7.2504050652e+01 1.2908911864e-04
7.4060493737e+01 3.5495275920e-05
7.5642166290e+01 -6.2802878706e-05
7.7249607125e+01 -1.4381343968e-04
7.8883363833e+01 -2.1618559428e-04
8.0543992970e+01 -2.7041163204e-04
8.2232060247e+01 -3.1405890120e-04
8.3948140720e+01 -3.4016143295e-04
8.5692818992e+01 -3.5588480020e-04
8.7466689403e+01 -3.5128966651e-04
8.9270356242e+01 -3.2522818155e-04
9.1104433945e+01 -2.7703197541e-04
9.2969547311e+01 -2.3804896226e-04
9.4866331710e+01 -2.3351677406e-04
9.6795433299e+01 -2.8106392028e-04
9.8757509249e+01 -3.5956112672e-04
1.0075322796e+02 -4.4917227177e-04
1.0278326929e+02 -5.4556885222e-04
1.0484832481e+02 -6.4935974773e-04
1.0694909798e+02 -7.3459490982e-04
1.0908630446e+02 -7.8213753530e-04
1.1126067231e+02 -7.9079768733e-04
1.1347294226e+02 -7.7791605697e-04
1.1572386793e+02 -7.4760173537e-04
1.1801421613e+02 -7.0855779600e-04
1.2034476708e+02 -6.7293375599e-04
1.2271631472e+02 -6.4032570927e-04
1.2512966693e+02 -6.1615805383e-04
1.2758564584e+02 -6.2077510986e-04
1.3008508813e+02 -6.3937064792e-04
1.3262884523e+02 -6.4740145041e-04
1.3521778371e+02 -6.3361318627e-04
1.3785278552e+02 -5.9502506711e-04
1.4053474831e+02 -5.3940071837e-04
1.4326458570e+02 -4.9494888532e-04
1.4604322764e+02 -4.7134753595e-04
1.4887162071e+02 -4.8314829768e-04
1.5175072843e+02 -5.0926215426e-04
1.5468153159e+02 -5.0757816757e-04
1.5766502861e+02 -4.5931490388e-04
1.6070223585e+02 -3.9065331209e-04
1.6379418795e+02 -3.7305863425e-04
1.6694193823e+02 -3.9752196455e-04
1.7014655900e+02 -4.0487848774e-04
1.7340914194e+02 -4.0029123239e-04
1.7673079848e+02 -3.7192881604e-04
1.8011266020e+02 -2.8785370924e-04
1.8355587914e+02 -1.8229643856e-04
1.8706162828e+02 -9.3162071855e-05
1.9063110189e+02 -1.2961422227e-05
1.9426551594e+02 8.0340106027e-05
1.9796610854e+02 1.6989223369e-04
2.0173414033e+02 2.4001784168e-04
2.0557089493e+02 2.7093380774e-04
2.0947767937e+02 2.6474866593e-04
2.1345582454e+02 2.4428950028e-04
2.1750668562e+02 2.0191477413e-04
2.2163164260e+02 1.4801235219e-04
2.2583210068e+02 9.8183401785e-05
2.3010949078e+02 4.3477826060e-05
2.3446527005e+02 -8.6946279248e-06
2.3890092232e+02 -6.4616461151e-05
2.4341795865e+02 -1.4608594218e-04
2.4801791781e+02 -2.0578632361e-04
2.5270236682e+02 -2.1020290019e-04
2.5747290150e+02 -2.0273323559e-04
2.6233114696e+02 -2.2943217699e-04
2.6727875823e+02 -2.7785463327e-04
2.7231742076e+02 -3.1318111813e-04
2.7744885101e+02 -3.4146761226e-04
2.8267479708e+02 -3.3548197481e-04
2.8799703921e+02 -3.1065657520e-04
2.9341739051e+02 -2.9072426876e-04
2.9893769745e+02 -2.9384415832e-04
3.0455984059e+02 -3.1558981539e-04
3.1028573518e+02 -3.5360734204e-04
3.1611733179e+02 -3.8712988653e-04
3.2205661702e+02 -3.9523871898e-04
3.2810561415e+02 -3.9592804362e-04
3.3426638381e+02 -4.0435648418e-04
3.4054102473e+02 -4.3543721619e-04
3.4693167437e+02 -5.0741809930e-04
3.5344050967e+02 -5.6578267228e-04
3.6006974768e+02 -6.0336801966e-04
3.6682164618e+02 -6.0295633399e-04
3.7369850410e+02 -5.7657928058e-04
3.8070266166e+02 -5.7307221644e-04
3.8783649994e+02 -5.7747316668e-04
3.9510243939e+02 -5.8261817409e-04
4.0250293658e+02 -5.6546473369e-04
4.1004047808e+02 -5.4705278979e-04
4.1771756960e+02 -5.2990618790e-04
4.2553671823e+02 -5.1643663421e-04
4.3350040448e+02 -4.8889057740e-04
4.4161104030e+02 -4.4502671338e-04
4.4987090866e+02 -3.9750683460e-04
4.5828208032e+02 -3.4769704614e-04
4.6684630417e+02 -2.9535387204e-04
4.7556486928e+02 -2.4960647259e-04
4.8443844007e+02 -2.1724879195e-04
4.9346687031e+02 -2.0851219540e-04
5.0264900663e+02 -1.8552802620e-04
5.1198249775e+02 -1.5107591694e-04
5.2146362975e+02 -1.1590526828e-04
5.3108721016e+02 -8.0494897416e-05
5.4084652259e+02 -4.9898847174e-05
5.5073336928e+02 -2.7249668395e-05
5.6073821057e+02 -1.3027768865e-05
5.7085039974e+02 -2.0357439418e-06
5.8105849942e+02 8.0589977460e-06
5.9135065524e+02 1.3981579058e-05
6.0171499445e+02 1.7887736945e-05
6.1214001398e+02 1.9706731166e-05
6.2261492451e+02 2.0393928143e-05
6.3312992358e+02 2.1013308071e-05
6.4367638126e+02 2.1399616415e-05
6.5424693300e+02 2.0314910822e-05
6.6483548556e+02 1.9069804369e-05
6.7543715021e+02 1.7956293954e-05
6.8604812299e+02 1.6597379889e-05
6.9666553289e+02 1.4970507669e-05
7.0728727802e+02 1.3191473292e-05
7.1791186556e+02 1.1733691442e-05
7.2853826695e+02 1.0705193362e-05
7.3916579460e+02 9.9268661314e-06
7.4979400256e+02 9.2461420443e-06
7.6042261022e+02 8.5697526196e-06
7.7105144622e+02 7.9520748120e-06
7.8168040906e+02 7.3872192556e-06
7.9230944040e+02 6.8592010633e-06
8.0293850768e+02 6.3651255990e-06
8.1356759330e+02 5.8918324243e-06
8.2419668801e+02 5.4437844850e-06
8.3482578710e+02 5.0298510832e-06
8.4545488823e+02 4.6615838998e-06
8.5608399030e+02 4.3551276523e-06
8.6671309277e+02 4.1031552444e-06
8.7734219542e+02 3.8966515513e-06
8.8797129815e+02 3.7060461533e-06
8.9860040090e+02 3.5228552149e-06
9.0922950367e+02 3.3331351838e-06
9.1985860644e+02 3.1479920030e-06
9.3048770921e+02 2.9623894673e-06
9.4111681199e+02 2.7873937643e-06
9.5174591476e+02 2.6067538357e-06
9.6237501753e+02 2.4320882376e-06
9.7300412031e+02 2.2515327623e-06
9.8363322308e+02 2.0850178400e-06
9.9426232586e+02 1.9274134952e-06
1.0048914286e+03 1.8010871301e-06
1.0155205314e+03 1.6996429377e-06
1.0261496342e+03 1.6328500135e-06
1.0367787369e+03 1.5866521141e-06
1.0474078397e+03 1.5583097887e-06
1.0580369425e+03 1.5405541068e-06
1.0686660453e+03 1.5220063240e-06
1.0792951480e+03 1.4960430146e-06
1.0899242508e+03 1.4488123389e-06
1.1005533536e+03 1.3825646002e-06
1.1111824564e+03 1.2952056474e-06
1.1218115591e+03 1.1952561664e-06
1.1324406619e+03 1.0836384396e-06
1.1430697647e+03 9.7367061935e-07
1.1536988675e+03 8.7298324513e-07
1.1643279702e+03 7.9451947798e-07
1.1749570730e+03 7.3971569483e-07
1.1855861758e+03 7.0665086355e-07
1.1962152786e+03 6.8933182070e-07
1.2068443813e+03 6.8248947117e-07
1.2174734841e+03 6.8162249085e-07
1.2281025869e+03 6.8399160353e-07
1.2387316896e+03 6.8337873580e-07
1.2493607924e+03 6.7994824176e-07
1.2599898952e+03 6.7299054184e-07
1.2706189980e+03 6.7202252436e-07
1.2812481007e+03 6.7695434208e-07
1.2918772035e+03 6.8770329941e-07
1.3025063063e+03 6.9015710972e-07
1.3131354091e+03 6.7983311232e-07
1.3237645118e+03 6.4838857685e-07
1.3343936146e+03 6.0587137931e-07
1.3450227174e+03 5.5513010058e-07
1.3556518202e+03 5.1373399647e-07
1.3662809229e+03 4.8055747307e-07
1.3769100257e+03 4.6352896663e-07
1.3875391285e+03 4.5141802020e-07
1.3981682312e+03 4.4756418232e-07
1.4087973340e+03 4.4389195061e-07
1.4194264368e+03 4.4862498847e-07
1.4300555396e+03 4.5686411926e-07
1.4406846423e+03 4.7647491785e-07
1.4513137451e+03 4.9802701352e-07
1.4619428479e+03 5.2870633237e-07
1.4725719507e+03 5.5582694311e-07
1.4832010534e+03 5.8815349055e-07
1.4938301562e+03 6.1479451812e-07
1.5044592590e+03 6.4559356280e-07
1.5150883618e+03 6.7245262767e-07
1.5257174645e+03 7.0073712153e-07
1.5363465673e+03 7.2484866369e-07
1.5469756701e+03 7.4721188560e-07
1.5576047728e+03 7.6542076329e-07
1.5682338756e+03 7.7881146369e-07
1.5788629784e+03 7.8784586600e-07
1.5894920812e+03 7.9285747676e-07
1.6001211839e+03 8.0013311320e-07
1.6107502867e+03 8.0963309822e-07
1.6213793895e+03 8.2434204210e-07
1.6320084923e+03 8.3930444896e-07
1.6426375950e+03 8.5302136495e-07
1.6532666978e+03 8.6007809923e-07
1.6638958006e+03 8.6069599232e-07
1.6745249034e+03 8.5156446418e-07
1.6851540061e+03 8.3702886884e-07
1.6957831089e+03 8.1578975927e-07
1.7064122117e+03 7.9450503491e-07
1.7170413145e+03 7.7111209025e-07
1.7276704172e+03 7.4931774691e-07
1.7382995200e+03 7.2738725067e-07
1.7489286228e+03 7.0390389800e-07
1.7595577255e+03 6.8185757015e-07
1.7701868283e+03 6.5147149737e-07
1.7808159311e+03 6.2638233719e-07
1.7914450339e+03 5.9239288802e-07
1.8020741366e+03 5.7053232343e-07
1.8127032394e+03 5.3961276756e-07
1.8233323422e+03 5.1871896077e-07
1.8339614450e+03 4.8690305069e-07
1.8445905477e+03 4.6149592742e-07
1.8552196505e+03 4.2417101682e-07
1.8658487533e+03 3.8718439750e-07
1.8764778561e+03 3.3452572113e-07
1.8871069588e+03 2.7778279333e-07
1.8977360616e+03 2.0998011957e-07
1.9083651644e+03 1.4391917612e-07
1.9189942671e+03 8.3444508826e-08
1.9296233699e+03 3.5949166868e-08
1.9402524727e+03 1.2622790453e-08
1.9508815755e+03 6.7086240943e-09
1.9615106782e+03 2.9700694969e-08
1.9721397810e+03 5.6951946848e-08
1.9827688838e+03 1.0500420893e-07
1.9933979866e+03 1.4343683952e-07
2.0040270893e+03 1.9765447563e-07
2.0146561921e+03 2.2563625649e-07
2.0252852949e+03 2.5826793955e-07
2.0359143977e+03 2.4140539607e-07
2.0465435004e+03 2.3207078532e-07
2.0571726032e+03 1.7441847963e-07
2.0678017060e+03 1.5679576879e-07
2.0784308088e+03 1.1055752762e-07
2.0890599115e+03 1.2935490867e-07
2.0996890143e+03 1.2366111967e-07
2.1103181171e+03 1.8612738766e-07
2.1209472198e+03 2.2363957476e-07
2.1315763226e+03 3.3179999256e-07
2.1422054254e+03 4.2254180850e-07
2.1528345282e+03 5.7596883366e-07
2.1634636309e+03 7.0656399166e-07
2.1740927337e+03 8.6756467424e-07
2.1847218365e+03 9.9471976647e-07
2.1953509393e+03 1.1215218176e-06
2.2059800420e+03 1.2189576709e-06
2.2166091448e+03 1.2940138657e-06
2.2272382476e+03 1.3467178708e-06
2.2378673504e+03 1.3493708341e-06
2.2484964531e+03 1.3337457877e-06
2.2591255559e+03 1.2498305585e-06
2.2697546587e+03 1.1713085478e-06
2.2803837614e+03 1.0348844578e-06
2.2910128642e+03 9.4735515932e-07
2.3016419670e+03 8.2231274692e-07
2.3122710698e+03 7.7571424967e-07
2.3229001725e+03 6.9645663570e-07
2.3335292753e+03 6.9152427709e-07
2.3441583781e+03 6.4694112621e-07
2.3547874809e+03 6.4902196867e-07
2.3654165836e+03 6.2081864811e-07
2.3760456864e+03 6.1859886292e-07
2.3866747892e+03 6.3386916555e-07
2.3973038920e+03 6.6116795827e-07
2.4079329947e+03 7.6298594546e-07
2.4185620975e+03 8.3485475399e-07
2.4291912003e+03 1.0178426943e-06
2.4398203030e+03 1.0989557376e-06
2.4504494058e+03 1.3184557392e-06
2.4610785086e+03 1.3526627831e-06
2.4717076114e+03 1.5592290185e-06
2.4823367141e+03 1.4988727243e-06
2.4929658169e+03 1.6696857450e-06
2.5035949197e+03 1.4995322318e-06
2.5142240225e+03 1.6492635098e-06
2.5248531252e+03 1.3776857791e-06
2.5354822280e+03 1.5343370994e-06
2.5461113308e+03 1.1664698195e-06
2.5567404336e+03 1.3510290926e-06
2.5673695363e+03 8.8864152896e-07
2.5779986391e+03 1.1273927604e-06
2.5886277419e+03 5.9034580704e-07
2.5992568447e+03 9.1436638070e-07
2.6098859474e+03 3.3743694916e-07
2.6205150502e+03 7.5134067732e-07
2.6311441530e+03 1.9199933654e-07
2.6417732557e+03 6.3964161828e-07
2.6524023585e+03 2.0693171826e-07
2.6630314613e+03 5.2797644024e-07
2.6736605641e+03 4.1802197695e-07
2.6842896668e+03 3.4092008243e-07
2.6949187696e+03 8.3063752821e-07
2.7055478724e+03 9.3242724029e-08
2.7161769752e+03 -1.3429978184e-04
2.7268060779e+03 8.5671530769e-05
2.7374351807e+03 -2.2374653898e-05
