# Turbulent kinetic energy budget term: phi (viscous dissipation)
# Definition: phi = \overline{\sigma_{ij}' \partial u_i'' / \partial x_j}
# Columns: y_plus    phi^+
3.8773702413e-01 -2.3069865273e-01
1.1571785444e+00 -2.0873361829e-01
1.9272980036e+00 -1.9676756029e-01
2.6982779270e+00 -1.8565298290e-01
3.4703198979e+00 -1.7419644025e-01
4.2436415854e+00 -1.6344307107e-01
5.0184737565e+00 -1.5484037890e-01
5.7950575092e+00 -1.4906361149e-01
6.5736418747e+00 -1.4588699905e-01
7.3544818564e+00 -1.4453145120e-01
8.1378369110e+00 -1.4414002501e-01
8.9239698326e+00 -1.4403001114e-01
9.7131459760e+00 -1.4377487606e-01
1.0505632749e+01 -1.4315677066e-01
1.1301699307e+01 -1.4209852713e-01
1.2101616390e+01 -1.4058610608e-01
1.2905656257e+01 -1.3863931310e-01
1.3714092688e+01 -1.3630387476e-01
1.4527201024e+01 -1.3364760549e-01
1.5345258226e+01 -1.3074616183e-01
1.6168542961e+01 -1.2767628867e-01
1.6997335681e+01 -1.2450790606e-01
1.7831918720e+01 -1.2129853614e-01
1.8672576387e+01 -1.1808690092e-01
1.9519595060e+01 -1.1489717265e-01
2.0373263283e+01 -1.1174645840e-01
2.1233871868e+01 -1.0864774433e-01
2.2101713990e+01 -1.0560483619e-01
2.2977085288e+01 -1.0261086747e-01
2.3860283967e+01 -9.9652676386e-02
2.4751610897e+01 -9.6723408027e-02
2.5651369717e+01 -9.3834500021e-02
2.6559866940e+01 -9.1015312852e-02
2.7477412056e+01 -8.8295131984e-02
2.8404317634e+01 -8.5682618436e-02
2.9340899435e+01 -8.3165247855e-02
3.0287476515e+01 -8.0726222196e-02
3.1244371336e+01 -7.8355331262e-02
3.2211909873e+01 -7.6053465115e-02
3.3190421728e+01 -7.3827886749e-02
3.4180240242e+01 -7.1683298227e-02
3.5181702607e+01 -6.9619697229e-02
3.6195149980e+01 -6.7632425985e-02
3.7220927603e+01 -6.5714485082e-02
3.8259384918e+01 -6.3859880981e-02
3.9310875686e+01 -6.2062284274e-02
4.0375758108e+01 -6.0319095810e-02
4.1454394947e+01 -5.8635874881e-02
4.2547153652e+01 -5.7020125342e-02
4.3654406483e+01 -5.5475407002e-02
4.4776530636e+01 -5.3999404307e-02
4.5913908375e+01 -5.2588640413e-02
4.7066927159e+01 -5.1237915924e-02
4.8235979776e+01 -4.9936756871e-02
4.9421464475e+01 -4.8677733650e-02
5.0623785105e+01 -4.7460911783e-02
5.1843351247e+01 -4.6289697717e-02
5.3080578360e+01 -4.5166099946e-02
5.4335887919e+01 -4.4082247347e-02
5.5609707556e+01 -4.3023227803e-02
5.6902471212e+01 -4.1985613567e-02
5.8214619280e+01 -4.0977466761e-02
5.9546598757e+01 -4.0005953375e-02
6.0898863395e+01 -3.9074267311e-02
6.2271873857e+01 -3.8182960726e-02
6.3666097873e+01 -3.7329386950e-02
6.5082010401e+01 -3.6502214573e-02
6.6520093784e+01 -3.5690110768e-02
6.7980837922e+01 -3.4890996075e-02
6.9464740431e+01 -3.4108839246e-02
7.0972306819e+01 -3.3344590723e-02
7.2504050652e+01 -3.2596421920e-02
7.4060493737e+01 -3.1861887021e-02
7.5642166290e+01 -3.1142823783e-02
7.7249607125e+01 -3.0451247574e-02
7.8883363833e+01 -2.9796967552e-02
8.0543992970e+01 -2.9178372746e-02
8.2232060247e+01 -2.8585307477e-02
8.3948140720e+01 -2.8004856770e-02
8.5692818992e+01 -2.7430976569e-02
8.7466689403e+01 -2.6863139912e-02
8.9270356242e+01 -2.6305671244e-02
9.1104433945e+01 -2.5765136238e-02
9.2969547311e+01 -2.5237118482e-02
9.4866331710e+01 -2.4721943704e-02
9.6795433299e+01 -2.4216861860e-02
9.8757509249e+01 -2.3716664552e-02
1.0075322796e+02 -2.3227781015e-02
1.0278326929e+02 -2.2753968686e-02
1.0484832481e+02 -2.2286867563e-02
1.0694909798e+02 -2.1826955777e-02
1.0908630446e+02 -2.1378541107e-02
1.1126067231e+02 -2.0940532180e-02
1.1347294226e+02 -2.0515396163e-02
1.1572386793e+02 -2.0099115024e-02
1.1801421613e+02 -1.9692557336e-02
1.2034476708e+02 -1.9295711198e-02
1.2271631472e+02 -1.8905305051e-02
1.2512966693e+02 -1.8516578998e-02
1.2758564584e+02 -1.8128087140e-02
1.3008508813e+02 -1.7741702496e-02
1.3262884523e+02 -1.7364072546e-02
1.3521778371e+02 -1.6998965492e-02
1.3785278552e+02 -1.6649584621e-02
1.4053474831e+02 -1.6306685422e-02
1.4326458570e+02 -1.5961600954e-02
1.4604322764e+02 -1.5627253034e-02
1.4887162071e+02 -1.5298581261e-02
1.5175072843e+02 -1.4973993669e-02
1.5468153159e+02 -1.4658274823e-02
1.5766502861e+02 -1.4350416171e-02
1.6070223585e+02 -1.4041113011e-02
1.6379418795e+02 -1.3721881208e-02
1.6694193823e+02 -1.3406906826e-02
1.7014655900e+02 -1.3109335725e-02
1.7340914194e+02 -1.2822486041e-02
1.7673079848e+02 -1.2534017630e-02
1.8011266020e+02 -1.2244462105e-02
1.8355587914e+02 -1.1961964481e-02
1.8706162828e+02 -1.1688390005e-02
1.9063110189e+02 -1.1410387008e-02
1.9426551594e+02 -1.1130221891e-02
1.9796610854e+02 -1.0850626889e-02
2.0173414033e+02 -1.0573213036e-02
2.0557089493e+02 -1.0298111985e-02
2.0947767937e+02 -1.0014534602e-02
2.1345582454e+02 -9.7359713131e-03
2.1750668562e+02 -9.4661664014e-03
2.2163164260e+02 -9.1983149227e-03
2.2583210068e+02 -8.9223092389e-03
2.3010949078e+02 -8.6468785433e-03
2.3446527005e+02 -8.3800617522e-03
2.3890092232e+02 -8.1200605446e-03
2.4341795865e+02 -7.8665463618e-03
2.4801791781e+02 -7.6150600894e-03
2.5270236682e+02 -7.3639629686e-03
2.5747290150e+02 -7.1019657417e-03
2.6233114696e+02 -6.8336942852e-03
2.6727875823e+02 -6.5705571240e-03
2.7231742076e+02 -6.3116956956e-03
2.7744885101e+02 -6.0618045822e-03
2.8267479708e+02 -5.8183189514e-03
2.8799703921e+02 -5.5719191161e-03
2.9341739051e+02 -5.3226452742e-03
2.9893769745e+02 -5.0700950829e-03
3.0455984059e+02 -4.8249651489e-03
3.1028573518e+02 -4.5858995852e-03
3.1611733179e+02 -4.3575806559e-03
3.2205661702e+02 -4.1326545456e-03
3.2810561415e+02 -3.9044876468e-03
3.3426638381e+02 -3.6718909517e-03
3.4054102473e+02 -3.4442322678e-03
3.4693167437e+02 -3.2201968064e-03
3.5344050967e+02 -3.0032536275e-03
3.6006974768e+02 -2.7901791546e-03
3.6682164618e+02 -2.5836779679e-03
3.7369850410e+02 -2.3873762068e-03
3.8070266166e+02 -2.1892321215e-03
3.8783649994e+02 -1.9913991248e-03
3.9510243939e+02 -1.8076745966e-03
4.0250293658e+02 -1.6340499320e-03
4.1004047808e+02 -1.4674630196e-03
4.1771756960e+02 -1.3038726494e-03
4.2553671823e+02 -1.1543353531e-03
4.3350040448e+02 -1.0159098492e-03
4.4161104030e+02 -8.8562626324e-04
4.4987090866e+02 -7.6600776500e-04
4.5828208032e+02 -6.5680693957e-04
4.6684630417e+02 -5.5618000763e-04
4.7556486928e+02 -4.6698475505e-04
4.8443844007e+02 -3.8731617017e-04
4.9346687031e+02 -3.1887066038e-04
5.0264900663e+02 -2.6034255664e-04
5.1198249775e+02 -2.0961538439e-04
5.2146362975e+02 -1.6707140911e-04
5.3108721016e+02 -1.3294905549e-04
5.4084652259e+02 -1.0343022487e-04
5.5073336928e+02 -7.9213133191e-05
5.6073821057e+02 -6.0381813394e-05
5.7085039974e+02 -4.5886693088e-05
5.8105849942e+02 -3.4733247502e-05
5.9135065524e+02 -2.5962628009e-05
6.0171499445e+02 -1.8901536015e-05
6.1214001398e+02 -1.3541425999e-05
6.2261492451e+02 -9.8737660373e-06
6.3312992358e+02 -7.4046130720e-06
6.4367638126e+02 -5.4870710814e-06
6.5424693300e+02 -4.0652284609e-06
6.6483548556e+02 -3.1586886048e-06
6.7543715021e+02 -2.4555950337e-06
6.8604812299e+02 -1.8710828702e-06
6.9666553289e+02 -1.4754024116e-06
7.0728727802e+02 -1.1955961197e-06
7.1791186556e+02 -9.9748607461e-07
7.2853826695e+02 -8.5000230622e-07
7.3916579460e+02 -7.3965996924e-07
7.4979400256e+02 -6.4003009198e-07
7.6042261022e+02 -5.5971129841e-07
7.7105144622e+02 -5.0149802164e-07
7.8168040906e+02 -4.5725240165e-07
7.9230944040e+02 -4.2162688081e-07
8.0293850768e+02 -3.9214986303e-07
8.1356759330e+02 -3.6750128678e-07
8.2419668801e+02 -3.4673074048e-07
8.3482578710e+02 -3.2912418670e-07
8.4545488823e+02 -3.1413948302e-07
8.5608399030e+02 -3.0133321701e-07
8.6671309277e+02 -2.9034641667e-07
8.7734219542e+02 -2.8089807223e-07
8.8797129815e+02 -2.7276278262e-07
8.9860040090e+02 -2.6576908734e-07
9.0922950367e+02 -2.5977152037e-07
9.1985860644e+02 -2.5464429986e-07
9.3048770921e+02 -2.5028065254e-07
9.4111681199e+02 -2.4658624419e-07
9.5174591476e+02 -2.4349239118e-07
9.6237501753e+02 -2.4093473579e-07
9.7300412031e+02 -2.3885361409e-07
9.8363322308e+02 -2.3717988018e-07
9.9426232586e+02 -2.3585607757e-07
1.0048914286e+03 -2.3482406247e-07
1.0155205314e+03 -2.3406146512e-07
1.0261496342e+03 -2.3354528432e-07
1.0367787369e+03 -2.3326947680e-07
1.0474078397e+03 -2.3320930929e-07
1.0580369425e+03 -2.3334057170e-07
1.0686660453e+03 -2.3363751683e-07
1.0792951480e+03 -2.3407419655e-07
1.0899242508e+03 -2.3463205801e-07
1.1005533536e+03 -2.3529413730e-07
1.1111824564e+03 -2.3606274080e-07
1.1218115591e+03 -2.3693342649e-07
1.1324406619e+03 -2.3790925481e-07
1.1430697647e+03 -2.3896683333e-07
1.1536988675e+03 -2.4010017303e-07
1.1643279702e+03 -2.4128405659e-07
1.1749570730e+03 -2.4252778999e-07
1.1855861758e+03 -2.4381635077e-07
1.1962152786e+03 -2.4515397346e-07
1.2068443813e+03 -2.4651376423e-07
1.2174734841e+03 -2.4789312013e-07
1.2281025869e+03 -2.4927498355e-07
1.2387316896e+03 -2.5067138243e-07
1.2493607924e+03 -2.5207623741e-07
1.2599898952e+03 -2.5349458128e-07
1.2706189980e+03 -2.5490046960e-07
1.2812481007e+03 -2.5628417229e-07
1.2918772035e+03 -2.5762683950e-07
1.3025063063e+03 -2.5894985072e-07
1.3131354091e+03 -2.6027422063e-07
1.3237645118e+03 -2.6163543417e-07
1.3343936146e+03 -2.6303619987e-07
1.3450227174e+03 -2.6446923821e-07
1.3556518202e+03 -2.6593305393e-07
1.3662809229e+03 -2.6743913343e-07
1.3769100257e+03 -2.6900208925e-07
1.3875391285e+03 -2.7060237791e-07
1.3981682312e+03 -2.7221308931e-07
1.4087973340e+03 -2.7379874076e-07
1.4194264368e+03 -2.7534837459e-07
1.4300555396e+03 -2.7686635939e-07
1.4406846423e+03 -2.7837467420e-07
1.4513137451e+03 -2.7990343050e-07
1.4619428479e+03 -2.8147171583e-07
1.4725719507e+03 -2.8308412532e-07
1.4832010534e+03 -2.8472557346e-07
1.4938301562e+03 -2.8637633504e-07
1.5044592590e+03 -2.8801595557e-07
1.5150883618e+03 -2.8962140421e-07
1.5257174645e+03 -2.9116935067e-07
1.5363465673e+03 -2.9264940236e-07
1.5469756701e+03 -2.9406621448e-07
1.5576047728e+03 -2.9543874173e-07
1.5682338756e+03 -2.9677891287e-07
1.5788629784e+03 -2.9809384296e-07
1.5894920812e+03 -2.9938467843e-07
1.6001211839e+03 -3.0066090420e-07
1.6107502867e+03 -3.0193270490e-07
1.6213793895e+03 -3.0320903327e-07
1.6320084923e+03 -3.0448820559e-07
1.6426375950e+03 -3.0576352615e-07
1.6532666978e+03 -3.0702195746e-07
1.6638958006e+03 -3.0825793898e-07
1.6745249034e+03 -3.0946059437e-07
1.6851540061e+03 -3.1063785479e-07
1.6957831089e+03 -3.1178764133e-07
1.7064122117e+03 -3.1293851609e-07
1.7170413145e+03 -3.1408981575e-07
1.7276704172e+03 -3.1527329142e-07
1.7382995200e+03 -3.1648265082e-07
1.7489286228e+03 -3.1776151559e-07
1.7595577255e+03 -3.1910263169e-07
1.7701868283e+03 -3.2052614719e-07
1.7808159311e+03 -3.2198576975e-07
1.7914450339e+03 -3.2345927794e-07
1.8020741366e+03 -3.2491259752e-07
1.8127032394e+03 -3.2633513906e-07
1.8233323422e+03 -3.2774281923e-07
1.8339614450e+03 -3.2911158563e-07
1.8445905477e+03 -3.3046980641e-07
1.8552196505e+03 -3.3175480360e-07
1.8658487533e+03 -3.3301601253e-07
1.8764778561e+03 -3.3418289460e-07
1.8871069588e+03 -3.3535106663e-07
1.8977360616e+03 -3.3644913877e-07
1.9083651644e+03 -3.3759841684e-07
1.9189942671e+03 -3.3870409234e-07
1.9296233699e+03 -3.3988373571e-07
1.9402524727e+03 -3.4100741176e-07
1.9508815755e+03 -3.4218571314e-07
1.9615106782e+03 -3.4327402934e-07
1.9721397810e+03 -3.4439635137e-07
1.9827688838e+03 -3.4540785835e-07
1.9933979866e+03 -3.4645052769e-07
2.0040270893e+03 -3.4738235649e-07
2.0146561921e+03 -3.4835627679e-07
2.0252852949e+03 -3.4922644151e-07
2.0359143977e+03 -3.5014646319e-07
2.0465435004e+03 -3.5098972194e-07
2.0571726032e+03 -3.5190656292e-07
2.0678017060e+03 -3.5281022640e-07
2.0784308088e+03 -3.5379262036e-07
2.0890599115e+03 -3.5479721703e-07
2.0996890143e+03 -3.5580506308e-07
2.1103181171e+03 -3.5682369335e-07
2.1209472198e+03 -3.5771927439e-07
2.1315763226e+03 -3.5861309238e-07
2.1422054254e+03 -3.5927248284e-07
2.1528345282e+03 -3.5997486983e-07
2.1634636309e+03 -3.6039195004e-07
2.1740927337e+03 -3.6093041456e-07
2.1847218365e+03 -3.6114253220e-07
2.1953509393e+03 -3.6151625059e-07
2.2059800420e+03 -3.6152481066e-07
2.2166091448e+03 -3.6170985212e-07
2.2272382476e+03 -3.6153837887e-07
2.2378673504e+03 -3.6152990564e-07
2.2484964531e+03 -3.6120176628e-07
2.2591255559e+03 -3.6098406696e-07
2.2697546587e+03 -3.6055467748e-07
2.2803837614e+03 -3.6022360361e-07
2.2910128642e+03 -3.5991323397e-07
2.3016419670e+03 -3.5974088395e-07
2.3122710698e+03 -3.5987556116e-07
2.3229001725e+03 -3.6014426568e-07
2.3335292753e+03 -3.6092632455e-07
2.3441583781e+03 -3.6170874356e-07
2.3547874809e+03 -3.6307845474e-07
2.3654165836e+03 -3.6419165234e-07
2.3760456864e+03 -3.6584034167e-07
2.3866747892e+03 -3.6689289441e-07
2.3973038920e+03 -3.6839021781e-07
2.4079329947e+03 -3.6901689962e-07
2.4185620975e+03 -3.7011381710e-07
2.4291912003e+03 -3.7021208058e-07
2.4398203030e+03 -3.7092575206e-07
2.4504494058e+03 -3.7058573921e-07
2.4610785086e+03 -3.7105271503e-07
2.4717076114e+03 -3.7041826870e-07
2.4823367141e+03 -3.7078623173e-07
2.4929658169e+03 -3.6997232882e-07
2.5035949197e+03 -3.7032267202e-07
2.5142240225e+03 -3.6939777552e-07
2.5248531252e+03 -3.6983178829e-07
2.5354822280e+03 -3.6903991935e-07
2.5461113308e+03 -3.6990129351e-07
2.5567404336e+03 -3.6981207490e-07
2.5673695363e+03 -3.7163254716e-07
2.5779986391e+03 -3.7306590295e-07
2.5886277419e+03 -3.7647597260e-07
2.5992568447e+03 -3.8060913731e-07
2.6098859474e+03 -3.8644840386e-07
2.6205150502e+03 -3.9494086635e-07
2.6311441530e+03 -4.0436489835e-07
2.6417732557e+03 -4.1924723918e-07
2.6524023585e+03 -4.3358758914e-07
2.6630314613e+03 -4.5614829165e-07
2.6736605641e+03 -4.7544357179e-07
2.6842896668e+03 -5.0336197115e-07
2.6949187696e+03 -5.2395901871e-07
2.7055478724e+03 -5.4925145610e-07
2.7161769752e+03 -5.6414179748e-07
2.7268060779e+03 -5.7693248222e-07
2.7374351807e+03 -5.9711778730e-07
