# Production contribution: P_uv = -\bar{\rho} \widetilde{u'' v''} (\partial \tilde{u} / \partial y)
# Columns: y_plus    P_uv^+
3.8773702413e-01 1.1212654990e-04
1.1571785444e+00 2.0131128192e-03
1.9272980036e+00 8.7042390536e-03
2.6982779270e+00 2.2712783398e-02
3.4703198979e+00 4.4958813748e-02
4.2436415854e+00 7.4204876546e-02
5.0184737565e+00 1.0775955425e-01
5.7950575092e+00 1.4210121356e-01
6.5736418747e+00 1.7414004647e-01
7.3544818564e+00 2.0144680746e-01
8.1378369110e+00 2.2279690514e-01
8.9239698326e+00 2.3773866584e-01
9.7131459760e+00 2.4667093139e-01
1.0505632749e+01 2.5027518328e-01
1.1301699307e+01 2.4955207133e-01
1.2101616390e+01 2.4540302915e-01
1.2905656257e+01 2.3875479971e-01
1.3714092688e+01 2.3031129634e-01
1.4527201024e+01 2.2072818363e-01
1.5345258226e+01 2.1045971928e-01
1.6168542961e+01 1.9992259773e-01
1.6997335681e+01 1.8937940145e-01
1.7831918720e+01 1.7906776817e-01
1.8672576387e+01 1.6910676980e-01
1.9519595060e+01 1.5960374227e-01
2.0373263283e+01 1.5058528535e-01
2.1233871868e+01 1.4208484709e-01
2.2101713990e+01 1.3408594091e-01
2.2977085288e+01 1.2658953420e-01
2.3860283967e+01 1.1956798830e-01
2.4751610897e+01 1.1301742791e-01
2.5651369717e+01 1.0691621990e-01
2.6559866940e+01 1.0126043731e-01
2.7477412056e+01 9.6025595833e-02
2.8404317634e+01 9.1193642296e-02
2.9340899435e+01 8.6725449109e-02
3.0287476515e+01 8.2589635119e-02
3.1244371336e+01 7.8746828824e-02
3.2211909873e+01 7.5173784585e-02
3.3190421728e+01 7.1845360588e-02
3.4180240242e+01 6.8747749881e-02
3.5181702607e+01 6.5860847371e-02
3.6195149980e+01 6.3169815991e-02
3.7220927603e+01 6.0653945806e-02
3.8259384918e+01 5.8299857147e-02
3.9310875686e+01 5.6092649333e-02
4.0375758108e+01 5.4023829518e-02
4.1454394947e+01 5.2083350120e-02
4.2547153652e+01 5.0268320250e-02
4.3654406483e+01 4.8575408012e-02
4.4776530636e+01 4.7003451975e-02
4.5913908375e+01 4.5544339225e-02
4.7066927159e+01 4.4187044851e-02
4.8235979776e+01 4.2915534662e-02
4.9421464475e+01 4.1717358253e-02
5.0623785105e+01 4.0582496342e-02
5.1843351247e+01 3.9507630932e-02
5.3080578360e+01 3.8490142070e-02
5.4335887919e+01 3.7526873525e-02
5.5609707556e+01 3.6611450686e-02
5.6902471212e+01 3.5742215489e-02
5.8214619280e+01 3.4921390264e-02
5.9546598757e+01 3.4152906989e-02
6.0898863395e+01 3.3436193640e-02
6.2271873857e+01 3.2766816793e-02
6.3666097873e+01 3.2134372938e-02
6.5082010401e+01 3.1526794046e-02
6.6520093784e+01 3.0934346301e-02
6.7980837922e+01 3.0353300242e-02
6.9464740431e+01 2.9780152275e-02
7.0972306819e+01 2.9210228321e-02
7.2504050652e+01 2.8638398893e-02
7.4060493737e+01 2.8063957414e-02
7.5642166290e+01 2.7491711509e-02
7.7249607125e+01 2.6933159254e-02
7.8883363833e+01 2.6402532875e-02
8.0543992970e+01 2.5909238758e-02
8.2232060247e+01 2.5453155497e-02
8.3948140720e+01 2.5031001356e-02
8.5692818992e+01 2.4637564080e-02
8.7466689403e+01 2.4264860415e-02
8.9270356242e+01 2.3903113882e-02
9.1104433945e+01 2.3547834899e-02
9.2969547311e+01 2.3203438957e-02
9.4866331710e+01 2.2874373190e-02
9.6795433299e+01 2.2553222128e-02
9.8757509249e+01 2.2226545684e-02
1.0075322796e+02 2.1888143126e-02
1.0278326929e+02 2.1546300612e-02
1.0484832481e+02 2.1216971617e-02
1.0694909798e+02 2.0904907736e-02
1.0908630446e+02 2.0599829126e-02
1.1126067231e+02 2.0297324698e-02
1.1347294226e+02 1.9998077078e-02
1.1572386793e+02 1.9694993210e-02
1.1801421613e+02 1.9380573615e-02
1.2034476708e+02 1.9057547579e-02
1.2271631472e+02 1.8730954622e-02
1.2512966693e+02 1.8402134135e-02
1.2758564584e+02 1.8076527224e-02
1.3008508813e+02 1.7760863887e-02
1.3262884523e+02 1.7449862143e-02
1.3521778371e+02 1.7133362054e-02
1.3785278552e+02 1.6807077941e-02
1.4053474831e+02 1.6476923161e-02
1.4326458570e+02 1.6163571343e-02
1.4604322764e+02 1.5886833074e-02
1.4887162071e+02 1.5648029995e-02
1.5175072843e+02 1.5441124275e-02
1.5468153159e+02 1.5253616638e-02
1.5766502861e+02 1.5060740228e-02
1.6070223585e+02 1.4831647733e-02
1.6379418795e+02 1.4555035731e-02
1.6694193823e+02 1.4260190170e-02
1.7014655900e+02 1.3982319055e-02
1.7340914194e+02 1.3715283539e-02
1.7673079848e+02 1.3422716608e-02
1.8011266020e+02 1.3100914173e-02
1.8355587914e+02 1.2786027932e-02
1.8706162828e+02 1.2498456468e-02
1.9063110189e+02 1.2239698492e-02
1.9426551594e+02 1.2003951480e-02
1.9796610854e+02 1.1767072298e-02
2.0173414033e+02 1.1499657495e-02
2.0557089493e+02 1.1198219576e-02
2.0947767937e+02 1.0898308051e-02
2.1345582454e+02 1.0631273498e-02
2.1750668562e+02 1.0381292792e-02
2.2163164260e+02 1.0126495260e-02
2.2583210068e+02 9.8700491281e-03
2.3010949078e+02 9.6103178858e-03
2.3446527005e+02 9.3378469015e-03
2.3890092232e+02 9.0472466432e-03
2.4341795865e+02 8.7399280930e-03
2.4801791781e+02 8.4449610388e-03
2.5270236682e+02 8.1804738335e-03
2.5747290150e+02 7.9066502331e-03
2.6233114696e+02 7.6097038576e-03
2.6727875823e+02 7.3139398686e-03
2.7231742076e+02 7.0178469060e-03
2.7744885101e+02 6.7249965186e-03
2.8267479708e+02 6.4456656153e-03
2.8799703921e+02 6.1730373393e-03
2.9341739051e+02 5.8975481616e-03
2.9893769745e+02 5.6198966052e-03
3.0455984059e+02 5.3373288612e-03
3.1028573518e+02 5.0464274589e-03
3.1611733179e+02 4.7639995521e-03
3.2205661702e+02 4.4816840433e-03
3.2810561415e+02 4.1845185202e-03
3.3426638381e+02 3.8855473567e-03
3.4054102473e+02 3.5940948564e-03
3.4693167437e+02 3.3053098863e-03
3.5344050967e+02 3.0200684385e-03
3.6006974768e+02 2.7401905484e-03
3.6682164618e+02 2.4618494121e-03
3.7369850410e+02 2.1904853036e-03
3.8070266166e+02 1.9312844331e-03
3.8783649994e+02 1.6836182898e-03
3.9510243939e+02 1.4531304317e-03
4.0250293658e+02 1.2408200365e-03
4.1004047808e+02 1.0440861008e-03
4.1771756960e+02 8.6503809001e-04
4.2553671823e+02 7.0384638189e-04
4.3350040448e+02 5.5845802778e-04
4.4161104030e+02 4.3257823580e-04
4.4987090866e+02 3.2783279418e-04
4.5828208032e+02 2.4221948416e-04
4.6684630417e+02 1.7468745474e-04
4.7556486928e+02 1.2321777622e-04
4.8443844007e+02 8.4135128960e-05
4.9346687031e+02 5.5357513591e-05
5.0264900663e+02 3.5334761969e-05
5.1198249775e+02 2.1739029477e-05
5.2146362975e+02 1.2851268253e-05
5.3108721016e+02 7.3336531873e-06
5.4084652259e+02 4.0030469258e-06
5.5073336928e+02 2.1305787521e-06
5.6073821057e+02 1.1114693370e-06
5.7085039974e+02 5.5441491929e-07
5.8105849942e+02 2.6543981711e-07
5.9135065524e+02 1.2356541252e-07
6.0171499445e+02 5.5784695620e-08
6.1214001398e+02 2.5483124884e-08
6.2261492451e+02 1.2076388612e-08
6.3312992358e+02 5.7287106521e-09
6.4367638126e+02 2.7322205880e-09
6.5424693300e+02 1.2992021383e-09
6.6483548556e+02 6.1528904978e-10
6.7543715021e+02 3.0370786420e-10
6.8604812299e+02 1.6511538582e-10
6.9666553289e+02 9.7264816269e-11
7.0728727802e+02 7.9762453194e-11
7.1791186556e+02 7.8770905833e-11
7.2853826695e+02 7.1429554079e-11
7.3916579460e+02 6.1235969357e-11
7.4979400256e+02 5.0844360404e-11
7.6042261022e+02 4.3082698626e-11
7.7105144622e+02 3.8522978104e-11
7.8168040906e+02 3.4291082065e-11
7.9230944040e+02 3.1029867642e-11
8.0293850768e+02 2.8682941275e-11
8.1356759330e+02 2.7240943098e-11
8.2419668801e+02 2.6184714662e-11
8.3482578710e+02 2.5454595993e-11
8.4545488823e+02 2.4762407263e-11
8.5608399030e+02 2.3834758152e-11
8.6671309277e+02 2.2734879380e-11
8.7734219542e+02 2.1665382286e-11
8.8797129815e+02 2.0857782194e-11
8.9860040090e+02 2.0477283809e-11
9.0922950367e+02 2.0317520825e-11
9.1985860644e+02 2.0506796350e-11
9.3048770921e+02 2.0925764952e-11
9.4111681199e+02 2.1315471472e-11
9.5174591476e+02 2.1593713721e-11
9.6237501753e+02 2.1424170971e-11
9.7300412031e+02 2.1039706530e-11
9.8363322308e+02 2.0470727398e-11
9.9426232586e+02 1.9926624867e-11
1.0048914286e+03 1.9413528323e-11
1.0155205314e+03 1.8893745835e-11
1.0261496342e+03 1.8259587873e-11
1.0367787369e+03 1.7515135551e-11
1.0474078397e+03 1.6633179157e-11
1.0580369425e+03 1.5686478329e-11
1.0686660453e+03 1.4727599427e-11
1.0792951480e+03 1.3858142078e-11
1.0899242508e+03 1.3206281664e-11
1.1005533536e+03 1.2792533973e-11
1.1111824564e+03 1.2633578300e-11
1.1218115591e+03 1.2550868142e-11
1.1324406619e+03 1.2464850435e-11
1.1430697647e+03 1.2133899660e-11
1.1536988675e+03 1.1537822440e-11
1.1643279702e+03 1.0554966101e-11
1.1749570730e+03 9.3176656506e-12
1.1855861758e+03 7.8795103362e-12
1.1962152786e+03 6.4669525639e-12
1.2068443813e+03 5.2113139044e-12
1.2174734841e+03 4.2884249595e-12
1.2281025869e+03 3.7130299271e-12
1.2387316896e+03 3.4412056698e-12
1.2493607924e+03 3.3146836239e-12
1.2599898952e+03 3.1928155856e-12
1.2706189980e+03 2.9674968600e-12
1.2812481007e+03 2.6051037590e-12
1.2918772035e+03 2.1280172057e-12
1.3025063063e+03 1.5920454668e-12
1.3131354091e+03 1.0768672912e-12
1.3237645118e+03 6.4253301500e-13
1.3343936146e+03 3.3153077435e-13
1.3450227174e+03 1.3521123503e-13
1.3556518202e+03 3.3598141587e-14
1.3662809229e+03 -1.5089254723e-14
1.3769100257e+03 -3.7102000898e-14
1.3875391285e+03 -5.0879518389e-14
1.3981682312e+03 -5.1082587709e-14
1.4087973340e+03 -2.5660933013e-14
1.4194264368e+03 3.9975056390e-14
1.4300555396e+03 1.4085209398e-13
1.4406846423e+03 2.6056356988e-13
1.4513137451e+03 3.5868413233e-13
1.4619428479e+03 4.0210145709e-13
1.4725719507e+03 3.5312714793e-13
1.4832010534e+03 2.0880610247e-13
1.4938301562e+03 -1.3450873788e-14
1.5044592590e+03 -2.5720182785e-13
1.5150883618e+03 -4.5128628660e-13
1.5257174645e+03 -5.4539363627e-13
1.5363465673e+03 -5.0534802323e-13
1.5469756701e+03 -3.7006991561e-13
1.5576047728e+03 -1.7734329589e-13
1.5682338756e+03 -4.7716631780e-14
1.5788629784e+03 -3.7898419723e-14
1.5894920812e+03 -2.6248185604e-13
1.6001211839e+03 -6.8531773535e-13
1.6107502867e+03 -1.3473910101e-12
1.6213793895e+03 -2.1070222737e-12
1.6320084923e+03 -2.9721185594e-12
1.6426375950e+03 -3.7633912638e-12
1.6532666978e+03 -4.5175233701e-12
1.6638958006e+03 -5.0621232220e-12
1.6745249034e+03 -5.4418476063e-12
1.6851540061e+03 -5.4682177157e-12
1.6957831089e+03 -5.2023023385e-12
1.7064122117e+03 -4.5309868089e-12
1.7170413145e+03 -3.6260466866e-12
1.7276704172e+03 -2.5177665466e-12
1.7382995200e+03 -1.4433478283e-12
1.7489286228e+03 -4.6837255223e-13
1.7595577255e+03 3.1280653792e-13
1.7701868283e+03 9.3790864528e-13
1.7808159311e+03 1.5153289511e-12
1.7914450339e+03 2.0575313515e-12
1.8020741366e+03 2.7248414308e-12
1.8127032394e+03 3.3550713044e-12
1.8233323422e+03 4.1004966487e-12
1.8339614450e+03 4.6206170044e-12
1.8445905477e+03 5.1025930911e-12
1.8552196505e+03 5.1389009327e-12
1.8658487533e+03 4.9803950951e-12
1.8764778561e+03 4.2134677268e-12
1.8871069588e+03 3.1363082722e-12
1.8977360616e+03 1.4814857749e-12
1.9083651644e+03 -3.0969821368e-13
1.9189942671e+03 -2.2732180578e-12
1.9296233699e+03 -3.9181640623e-12
1.9402524727e+03 -5.1955653269e-12
1.9508815755e+03 -5.7793214111e-12
1.9615106782e+03 -5.7728826661e-12
1.9721397810e+03 -5.2734347850e-12
1.9827688838e+03 -4.6120531928e-12
1.9933979866e+03 -4.1158450034e-12
2.0040270893e+03 -3.8680772522e-12
2.0146561921e+03 -3.9787812311e-12
2.0252852949e+03 -4.1094822307e-12
2.0359143977e+03 -4.3630947159e-12
2.0465435004e+03 -4.3606457224e-12
2.0571726032e+03 -4.5210567580e-12
2.0678017060e+03 -4.5268534566e-12
2.0784308088e+03 -5.0220815184e-12
2.0890599115e+03 -5.5611188623e-12
2.0996890143e+03 -6.7389367564e-12
2.1103181171e+03 -7.8114729979e-12
2.1209472198e+03 -9.1575924473e-12
2.1315763226e+03 -9.8919620214e-12
2.1422054254e+03 -1.0377706614e-11
2.1528345282e+03 -1.0102615709e-11
2.1634636309e+03 -9.6939758155e-12
2.1740927337e+03 -9.1367448861e-12
2.1847218365e+03 -8.9839205539e-12
2.1953509393e+03 -9.2741394060e-12
2.2059800420e+03 -1.0095628854e-11
2.2166091448e+03 -1.1366982502e-11
2.2272382476e+03 -1.2725119648e-11
2.2378673504e+03 -1.4013722530e-11
2.2484964531e+03 -1.4659733890e-11
2.2591255559e+03 -1.4618511016e-11
2.2697546587e+03 -1.3520788110e-11
2.2803837614e+03 -1.1656576056e-11
2.2910128642e+03 -9.1444799884e-12
2.3016419670e+03 -6.5322369002e-12
2.3122710698e+03 -4.1780265672e-12
2.3229001725e+03 -2.4019578144e-12
2.3335292753e+03 -1.3619350739e-12
2.3441583781e+03 -8.9950210741e-13
2.3547874809e+03 -9.9414424496e-13
2.3654165836e+03 -1.2417005883e-12
2.3760456864e+03 -1.7598632899e-12
2.3866747892e+03 -2.1622257437e-12
2.3973038920e+03 -2.8858108789e-12
2.4079329947e+03 -3.6420227075e-12
2.4185620975e+03 -5.0241604845e-12
2.4291912003e+03 -6.5164872015e-12
2.4398203030e+03 -8.4705886102e-12
2.4504494058e+03 -1.0032465255e-11
2.4610785086e+03 -1.1536588996e-11
2.4717076114e+03 -1.2253211218e-11
2.4823367141e+03 -1.2814229569e-11
2.4929658169e+03 -1.2685244222e-11
2.5035949197e+03 -1.2609525080e-11
2.5142240225e+03 -1.2198339399e-11
2.5248531252e+03 -1.2287077792e-11
2.5354822280e+03 -1.2649496411e-11
2.5461113308e+03 -1.3970160527e-11
2.5567404336e+03 -1.5790263700e-11
2.5673695363e+03 -1.8323871402e-11
2.5779986391e+03 -2.0839190032e-11
2.5886277419e+03 -2.3339846317e-11
2.5992568447e+03 -2.5497379584e-11
2.6098859474e+03 -2.7350708550e-11
2.6205150502e+03 -2.9352111073e-11
2.6311441530e+03 -3.0616614745e-11
2.6417732557e+03 -3.2441002195e-11
2.6524023585e+03 -3.1898908199e-11
2.6630314613e+03 -3.2370210823e-11
2.6736605641e+03 -2.8818793604e-11
2.6842896668e+03 -2.7705869800e-11
2.6949187696e+03 -2.1777341385e-11
2.7055478724e+03 -1.8021080696e-11
2.7161769752e+03 -9.5792133939e-12
2.7268060779e+03 1.1286702227e-11
2.7374351807e+03 1.1159775709e-11
