# Ratio of production contributions: P_vw / P_uv
# Columns: y_plus    P_vw_over_P_uv
3.8773702413e-01 1.8632349493e-02
1.1571785444e+00 2.0256729455e-02
1.9272980036e+00 2.0743628843e-02
2.6982779270e+00 2.0955328102e-02
3.4703198979e+00 2.1075380630e-02
4.2436415854e+00 2.1159490333e-02
5.0184737565e+00 2.1223152058e-02
5.7950575092e+00 2.1269978771e-02
6.5736418747e+00 2.1297857069e-02
7.3544818564e+00 2.1305127082e-02
8.1378369110e+00 2.1290476613e-02
8.9239698326e+00 2.1254113799e-02
9.7131459760e+00 2.1196973012e-02
1.0505632749e+01 2.1121724628e-02
1.1301699307e+01 2.1032055757e-02
1.2101616390e+01 2.0932108701e-02
1.2905656257e+01 2.0824496670e-02
1.3714092688e+01 2.0709732543e-02
1.4527201024e+01 2.0586181281e-02
1.5345258226e+01 2.0451787402e-02
1.6168542961e+01 2.0305268381e-02
1.6997335681e+01 2.0147113198e-02
1.7831918720e+01 1.9979285459e-02
1.8672576387e+01 1.9805003883e-02
1.9519595060e+01 1.9627590490e-02
2.0373263283e+01 1.9449729270e-02
2.1233871868e+01 1.9272639986e-02
2.2101713990e+01 1.9095930139e-02
2.2977085288e+01 1.8917523228e-02
2.3860283967e+01 1.8734647095e-02
2.4751610897e+01 1.8545272756e-02
2.5651369717e+01 1.8349319617e-02
2.6559866940e+01 1.8148692108e-02
2.7477412056e+01 1.7946473712e-02
2.8404317634e+01 1.7745675728e-02
2.9340899435e+01 1.7547399563e-02
3.0287476515e+01 1.7349331456e-02
3.1244371336e+01 1.7144941974e-02
3.2211909873e+01 1.6924898279e-02
3.3190421728e+01 1.6680566661e-02
3.4180240242e+01 1.6408873331e-02
3.5181702607e+01 1.6115171315e-02
3.6195149980e+01 1.5812754315e-02
3.7220927603e+01 1.5518444300e-02
3.8259384918e+01 1.5247548516e-02
3.9310875686e+01 1.5010083185e-02
4.0375758108e+01 1.4809173732e-02
4.1454394947e+01 1.4641068116e-02
4.2547153652e+01 1.4498229689e-02
4.3654406483e+01 1.4371801509e-02
4.4776530636e+01 1.4251891676e-02
4.5913908375e+01 1.4129443797e-02
4.7066927159e+01 1.4000848038e-02
4.8235979776e+01 1.3869251645e-02
4.9421464475e+01 1.3741480597e-02
5.0623785105e+01 1.3625486870e-02
5.1843351247e+01 1.3531367195e-02
5.3080578360e+01 1.3465703092e-02
5.4335887919e+01 1.3421056653e-02
5.5609707556e+01 1.3375801130e-02
5.6902471212e+01 1.3307728825e-02
5.8214619280e+01 1.3206219415e-02
5.9546598757e+01 1.3074880353e-02
6.0898863395e+01 1.2929414114e-02
6.2271873857e+01 1.2796642760e-02
6.3666097873e+01 1.2703310459e-02
6.5082010401e+01 1.2650659285e-02
6.6520093784e+01 1.2604204962e-02
6.7980837922e+01 1.2520345926e-02
6.9464740431e+01 1.2376030368e-02
7.0972306819e+01 1.2168627549e-02
7.2504050652e+01 1.1904561540e-02
7.4060493737e+01 1.1603039655e-02
7.5642166290e+01 1.1290464976e-02
7.7249607125e+01 1.0978693537e-02
7.8883363833e+01 1.0665817226e-02
8.0543992970e+01 1.0361946464e-02
8.2232060247e+01 1.0086956068e-02
8.3948140720e+01 9.8373753317e-03
8.5692818992e+01 9.5734825693e-03
8.7466689403e+01 9.2571073506e-03
8.9270356242e+01 8.8954351989e-03
9.1104433945e+01 8.5303311533e-03
9.2969547311e+01 8.1880488437e-03
9.4866331710e+01 7.8580979441e-03
9.6795433299e+01 7.5451143559e-03
9.8757509249e+01 7.2851441903e-03
1.0075322796e+02 7.0924532975e-03
1.0278326929e+02 6.9642339637e-03
1.0484832481e+02 6.9032241228e-03
1.0694909798e+02 6.9128028467e-03
1.0908630446e+02 6.9976295903e-03
1.1126067231e+02 7.1391187746e-03
1.1347294226e+02 7.2798134326e-03
1.1572386793e+02 7.3498665150e-03
1.1801421613e+02 7.3062299066e-03
1.2034476708e+02 7.1666395611e-03
1.2271631472e+02 6.9875412979e-03
1.2512966693e+02 6.8046480863e-03
1.2758564584e+02 6.6235093999e-03
1.3008508813e+02 6.4548117014e-03
1.3262884523e+02 6.3032998125e-03
1.3521778371e+02 6.1663073690e-03
1.3785278552e+02 6.0794169831e-03
1.4053474831e+02 6.0485945544e-03
1.4326458570e+02 5.9976959063e-03
1.4604322764e+02 5.9048505090e-03
1.4887162071e+02 5.8211887241e-03
1.5175072843e+02 5.7195375431e-03
1.5468153159e+02 5.5482568159e-03
1.5766502861e+02 5.3762790572e-03
1.6070223585e+02 5.3423000497e-03
1.6379418795e+02 5.4615051595e-03
1.6694193823e+02 5.5519089427e-03
1.7014655900e+02 5.4868425937e-03
1.7340914194e+02 5.3057194864e-03
1.7673079848e+02 5.0172323522e-03
1.8011266020e+02 4.5931668521e-03
1.8355587914e+02 4.1634831223e-03
1.8706162828e+02 3.9313515044e-03
1.9063110189e+02 3.9044811572e-03
1.9426551594e+02 3.9251803214e-03
1.9796610854e+02 3.8917627547e-03
2.0173414033e+02 3.8348231846e-03
2.0557089493e+02 3.8010207492e-03
2.0947767937e+02 3.8144411387e-03
2.1345582454e+02 3.7598832713e-03
2.1750668562e+02 3.4899474381e-03
2.2163164260e+02 3.1286083972e-03
2.2583210068e+02 2.8620807237e-03
2.3010949078e+02 2.6733967602e-03
2.3446527005e+02 2.4874871933e-03
2.3890092232e+02 2.3414227615e-03
2.4341795865e+02 2.2376967368e-03
2.4801791781e+02 2.0478880801e-03
2.5270236682e+02 1.8605275487e-03
2.5747290150e+02 1.7986316787e-03
2.6233114696e+02 1.7703665733e-03
2.6727875823e+02 1.6996316330e-03
2.7231742076e+02 1.5391929090e-03
2.7744885101e+02 1.4004826435e-03
2.8267479708e+02 1.3572138463e-03
2.8799703921e+02 1.2958183395e-03
2.9341739051e+02 1.1421723520e-03
2.9893769745e+02 9.3698270682e-04
3.0455984059e+02 7.9248874694e-04
3.1028573518e+02 7.6792109179e-04
3.1611733179e+02 8.0302789870e-04
3.2205661702e+02 8.7935715279e-04
3.2810561415e+02 9.7543778407e-04
3.3426638381e+02 1.0358084433e-03
3.4054102473e+02 1.1097275632e-03
3.4693167437e+02 1.1455706107e-03
3.5344050967e+02 1.1243914910e-03
3.6006974768e+02 1.1276917090e-03
3.6682164618e+02 1.1012661105e-03
3.7369850410e+02 1.1128853926e-03
3.8070266166e+02 1.2278638292e-03
3.8783649994e+02 1.3788819596e-03
3.9510243939e+02 1.4858959780e-03
4.0250293658e+02 1.5028931427e-03
4.1004047808e+02 1.4201335414e-03
4.1771756960e+02 1.2893768565e-03
4.2553671823e+02 1.3360892277e-03
4.3350040448e+02 1.6444529402e-03
4.4161104030e+02 1.8409062293e-03
4.4987090866e+02 1.7819155591e-03
4.5828208032e+02 1.7535636745e-03
4.6684630417e+02 1.9986688242e-03
4.7556486928e+02 2.2465756285e-03
4.8443844007e+02 2.2719711143e-03
4.9346687031e+02 2.2997520603e-03
5.0264900663e+02 2.3276175632e-03
5.1198249775e+02 2.4830851566e-03
5.2146362975e+02 2.7665578731e-03
5.3108721016e+02 2.4599850845e-03
5.4084652259e+02 2.1807001468e-03
5.5073336928e+02 3.3469278212e-03
5.6073821057e+02 5.3041750329e-03
5.7085039974e+02 6.9621938309e-03
5.8105849942e+02 8.5923580629e-03
5.9135065524e+02 3.1006044620e-03
6.0171499445e+02 1.6867591999e-03
6.1214001398e+02 6.8066960666e-03
6.2261492451e+02 1.6193347640e-02
6.3312992358e+02 1.6790256284e-02
6.4367638126e+02 2.0996573640e-03
6.5424693300e+02 -1.7601258423e-03
6.6483548556e+02 -3.9187889789e-04
6.7543715021e+02 1.1524121725e-03
6.8604812299e+02 6.6364550441e-04
6.9666553289e+02 6.0779829966e-04
7.0728727802e+02 1.0709652355e-02
7.1791186556e+02 7.0882512918e-03
7.2853826695e+02 -7.8226205811e-04
7.3916579460e+02 -6.2974012057e-03
7.4979400256e+02 -5.9052979346e-04
7.6042261022e+02 6.4196861029e-03
7.7105144622e+02 6.0527290473e-03
7.8168040906e+02 3.7231438225e-03
7.9230944040e+02 1.6601007494e-03
8.0293850768e+02 -7.3618491250e-04
8.1356759330e+02 -2.9903455912e-03
8.2419668801e+02 -4.6804260812e-03
8.3482578710e+02 -5.7519937040e-03
8.4545488823e+02 -6.1109532211e-03
8.5608399030e+02 -5.6113868431e-03
8.6671309277e+02 -4.0241063781e-03
8.7734219542e+02 -1.4765636454e-03
8.8797129815e+02 1.4527371830e-03
8.9860040090e+02 3.8684124585e-03
9.0922950367e+02 5.1096512485e-03
9.1985860644e+02 5.0065824518e-03
9.3048770921e+02 3.9443261170e-03
9.4111681199e+02 2.6124888112e-03
9.5174591476e+02 1.5510015916e-03
9.6237501753e+02 1.0741075027e-03
9.7300412031e+02 1.1404467160e-03
9.8363322308e+02 1.5019900002e-03
9.9426232586e+02 1.7462608613e-03
1.0048914286e+03 1.5326887077e-03
1.0155205314e+03 7.4305799027e-04
1.0261496342e+03 -4.1924646624e-04
1.0367787369e+03 -1.5427090071e-03
1.0474078397e+03 -2.2021676038e-03
1.0580369425e+03 -2.1662304355e-03
1.0686660453e+03 -1.5518819850e-03
1.0792951480e+03 -7.4363252461e-04
1.0899242508e+03 -2.1235714820e-04
1.1005533536e+03 -2.3081073787e-04
1.1111824564e+03 -7.0170171679e-04
1.1218115591e+03 -1.2656854905e-03
1.1324406619e+03 -1.5526055945e-03
1.1430697647e+03 -1.4073840716e-03
1.1536988675e+03 -8.6947986321e-04
1.1643279702e+03 -1.3426431629e-04
1.1749570730e+03 5.8366384904e-04
1.1855861758e+03 1.0968312838e-03
1.1962152786e+03 1.2968303340e-03
1.2068443813e+03 1.1875010508e-03
1.2174734841e+03 8.8377611515e-04
1.2281025869e+03 6.2014388516e-04
1.2387316896e+03 5.6197318526e-04
1.2493607924e+03 7.0888605799e-04
1.2599898952e+03 9.3334720550e-04
1.2706189980e+03 1.1190393304e-03
1.2812481007e+03 1.1534559140e-03
1.2918772035e+03 9.0892706142e-04
1.3025063063e+03 2.1859395121e-04
1.3131354091e+03 -1.2214480428e-03
1.3237645118e+03 -4.0315198320e-03
1.3343936146e+03 -9.7497229531e-03
1.3450227174e+03 -2.3993233678e-02
1.3556518202e+03 -8.3577368894e-02
1.3662809229e+03 1.4614199118e-01
1.3769100257e+03 4.2765577349e-02
1.3875391285e+03 2.1708131365e-02
1.3981682312e+03 1.3367167260e-02
1.4087973340e+03 1.3489066822e-02
1.4194264368e+03 9.1007798142e-04
1.4300555396e+03 2.9648480548e-03
1.4406846423e+03 3.2448278107e-03
1.4513137451e+03 3.5025479943e-03
1.4619428479e+03 4.0201629454e-03
1.4725719507e+03 5.3680243411e-03
1.4832010534e+03 9.7228687715e-03
1.4938301562e+03 -1.5308032954e-01
1.5044592590e+03 -7.6392171575e-03
1.5150883618e+03 -4.0866858365e-03
1.5257174645e+03 -3.1131782928e-03
1.5363465673e+03 -3.1644963296e-03
1.5469756701e+03 -4.0278478647e-03
1.5576047728e+03 -7.8862850759e-03
1.5682338756e+03 -2.6116453459e-02
1.5788629784e+03 -2.8933069922e-02
1.5894920812e+03 -3.5184364730e-03
1.6001211839e+03 -1.1538763757e-03
1.6107502867e+03 -4.9233740090e-04
1.6213793895e+03 -2.5934971890e-04
1.6320084923e+03 -1.3786234838e-04
1.6426375950e+03 -7.0683217967e-05
1.6532666978e+03 -3.0072912243e-05
1.6638958006e+03 -9.8721639455e-06
1.6745249034e+03 -2.2026543162e-06
1.6851540061e+03 -1.0418330258e-06
1.6957831089e+03 -1.9126321352e-06
1.7064122117e+03 -2.6094844095e-06
1.7170413145e+03 -2.7422151065e-06
1.7276704172e+03 -4.6786742570e-06
1.7382995200e+03 -1.2577919915e-05
1.7489286228e+03 -8.1917722591e-05
1.7595577255e+03 2.1007995634e-04
1.7701868283e+03 1.1709678449e-04
1.7808159311e+03 1.0556654370e-04
1.7914450339e+03 1.1174973672e-04
1.8020741366e+03 1.1076123125e-04
1.8127032394e+03 1.1538419151e-04
1.8233323422e+03 1.1305584802e-04
1.8339614450e+03 1.1635573071e-04
1.8445905477e+03 1.1767222963e-04
1.8552196505e+03 1.2720101189e-04
1.8658487533e+03 1.4081410327e-04
1.8764778561e+03 1.7631726748e-04
1.8871069588e+03 2.4882434354e-04
1.8977360616e+03 5.5368174358e-04
1.9083651644e+03 -2.7373981313e-03
1.9189942671e+03 -3.8764536923e-04
1.9296233699e+03 -2.2566989325e-04
1.9402524727e+03 -1.7171033797e-04
1.9508815755e+03 -1.4745606663e-04
1.9615106782e+03 -1.4029849433e-04
1.9721397810e+03 -1.3430536366e-04
1.9827688838e+03 -1.2943958114e-04
1.9933979866e+03 -1.0714745680e-04
2.0040270893e+03 -7.6859476089e-05
2.0146561921e+03 -4.0037434474e-05
2.0252852949e+03 -1.6309945970e-05
2.0359143977e+03 -1.3576021847e-06
2.0465435004e+03 5.9283223799e-06
2.0571726032e+03 1.1438933694e-05
2.0678017060e+03 1.8942139204e-05
2.0784308088e+03 2.5226312183e-05
2.0890599115e+03 3.2344833158e-05
2.0996890143e+03 3.2160939119e-05
2.1103181171e+03 3.3086693392e-05
2.1209472198e+03 2.9484860586e-05
2.1315763226e+03 3.1546361445e-05
2.1422054254e+03 3.2818449383e-05
2.1528345282e+03 4.3331396807e-05
2.1634636309e+03 5.4922796170e-05
2.1740927337e+03 7.8182465824e-05
2.1847218365e+03 9.5896561148e-05
2.1953509393e+03 1.1552328355e-04
2.2059800420e+03 1.1676745426e-04
2.2166091448e+03 1.1628630952e-04
2.2272382476e+03 1.0573038341e-04
2.2378673504e+03 1.0187227015e-04
2.2484964531e+03 9.9168870932e-05
2.2591255559e+03 1.0623356324e-04
2.2697546587e+03 1.2211266396e-04
2.2803837614e+03 1.5148416262e-04
2.2910128642e+03 2.0552457895e-04
2.3016419670e+03 2.9460972027e-04
2.3122710698e+03 4.6812765404e-04
2.3229001725e+03 7.7968394033e-04
2.3335292753e+03 1.3391721970e-03
2.3441583781e+03 1.8623673783e-03
2.3547874809e+03 1.6639278669e-03
2.3654165836e+03 1.2342531365e-03
2.3760456864e+03 9.0887894101e-04
2.3866747892e+03 7.1141629494e-04
2.3973038920e+03 5.8223090758e-04
2.4079329947e+03 4.6913450383e-04
2.4185620975e+03 3.7776237358e-04
2.4291912003e+03 3.1749898358e-04
2.4398203030e+03 2.6946590075e-04
2.4504494058e+03 2.5920049869e-04
2.4610785086e+03 2.3949198420e-04
2.4717076114e+03 2.5333331485e-04
2.4823367141e+03 2.4490544741e-04
2.4929658169e+03 2.6887258889e-04
2.5035949197e+03 2.7000202322e-04
2.5142240225e+03 3.0192635838e-04
2.5248531252e+03 3.0725905833e-04
2.5354822280e+03 3.2402947777e-04
2.5461113308e+03 3.0345635320e-04
2.5567404336e+03 2.8277549859e-04
2.5673695363e+03 2.4616673687e-04
2.5779986391e+03 2.1563811433e-04
2.5886277419e+03 1.8693395188e-04
2.5992568447e+03 1.5582297250e-04
2.6098859474e+03 1.2890044360e-04
2.6205150502e+03 8.9993749075e-05
2.6311441530e+03 5.7485995469e-05
2.6417732557e+03 1.3154908306e-05
2.6524023585e+03 -2.5381416822e-05
2.6630314613e+03 -7.5959692601e-05
2.6736605641e+03 -1.2880202706e-04
2.6842896668e+03 -1.9501752931e-04
2.6949187696e+03 -2.5564036093e-04
2.7055478724e+03 -2.9638542251e-04
2.7161769752e+03 -6.3082394300e-04
2.7268060779e+03 -5.9235273907e-04
2.7374351807e+03 -1.5536155113e-04
