# Turbulent kinetic energy budget term: P (production)
# Definition: P = -\bar{\rho} \widetilde{u_i'' u_j''} (\partial \tilde{u}_i / \partial x_j)
# Columns: y_plus    P^+
3.8773702413e-01 1.1447620309e-04
1.1571785444e+00 2.0605507609e-03
1.9272980036e+00 8.9127630292e-03
2.6982779270e+00 2.3254774726e-02
3.4703198979e+00 4.6020372098e-02
4.2436415854e+00 7.5934668851e-02
5.0184737565e+00 1.1024025799e-01
5.7950575092e+00 1.4534122880e-01
6.5736418747e+00 1.7808984664e-01
7.3544818564e+00 2.0601135496e-01
8.1378369110e+00 2.2785272824e-01
8.9239698326e+00 2.4314570764e-01
9.7131459760e+00 2.5229439704e-01
1.0505632749e+01 2.5600057228e-01
1.1301699307e+01 2.5529653636e-01
1.2101616390e+01 2.5110884517e-01
1.2905656257e+01 2.4437796374e-01
1.3714092688e+01 2.3580721419e-01
1.4527201024e+01 2.2605039297e-01
1.5345258226e+01 2.1556539328e-01
1.6168542961e+01 2.0478376914e-01
1.6997335681e+01 1.9398651858e-01
1.7831918720e+01 1.8342776829e-01
1.8672576387e+01 1.7323422223e-01
1.9519595060e+01 1.6351391063e-01
2.0373263283e+01 1.5428822508e-01
2.1233871868e+01 1.4558450429e-01
2.2101713990e+01 1.3738054698e-01
2.2977085288e+01 1.2967595441e-01
2.3860283967e+01 1.2244632271e-01
2.4751610897e+01 1.1569633689e-01
2.5651369717e+01 1.0941417828e-01
2.6559866940e+01 1.0360478219e-01
2.7477412056e+01 9.8247679872e-02
2.8404317634e+01 9.3323002511e-02
2.9340899435e+01 8.8782651999e-02
3.0287476515e+01 8.4582615847e-02
3.1244371336e+01 8.0670680740e-02
3.2211909873e+01 7.7015310508e-02
3.3190421728e+01 7.3588650465e-02
3.4180240242e+01 7.0380092224e-02
3.5181702607e+01 6.7375924184e-02
3.6195149980e+01 6.4569053198e-02
3.7220927603e+01 6.1944982048e-02
3.8259384918e+01 5.9494460856e-02
3.9310875686e+01 5.7203688494e-02
4.0375758108e+01 5.5062759990e-02
4.1454394947e+01 5.3057948599e-02
4.2547153652e+01 5.1182841426e-02
4.3654406483e+01 4.9431911259e-02
4.4776530636e+01 4.7803729637e-02
4.5913908375e+01 4.6290757486e-02
4.7066927159e+01 4.4883258628e-02
4.8235979776e+01 4.3566591260e-02
4.9421464475e+01 4.2330200130e-02
5.0623785105e+01 4.1166352643e-02
5.1843351247e+01 4.0074936117e-02
5.3080578360e+01 3.9055874490e-02
5.4335887919e+01 3.8105789783e-02
5.5609707556e+01 3.7213561353e-02
5.6902471212e+01 3.6369470688e-02
5.8214619280e+01 3.5567121082e-02
5.9546598757e+01 3.4804915651e-02
6.0898863395e+01 3.4081131302e-02
6.2271873857e+01 3.3394599172e-02
6.3666097873e+01 3.2741572683e-02
6.5082010401e+01 3.2118619315e-02
6.6520093784e+01 3.1522011385e-02
6.7980837922e+01 3.0947255480e-02
6.9464740431e+01 3.0383937040e-02
7.0972306819e+01 2.9819610469e-02
7.2504050652e+01 2.9244469652e-02
7.4060493737e+01 2.8657827214e-02
7.5642166290e+01 2.8067264160e-02
7.7249607125e+01 2.7486507215e-02
7.8883363833e+01 2.6932412714e-02
8.0543992970e+01 2.6419122208e-02
8.2232060247e+01 2.5949479582e-02
8.3948140720e+01 2.5516599780e-02
8.5692818992e+01 2.5108785685e-02
8.7466689403e+01 2.4716107525e-02
8.9270356242e+01 2.4332111817e-02
9.1104433945e+01 2.3958616079e-02
9.2969547311e+01 2.3605124995e-02
9.4866331710e+01 2.3275097257e-02
9.6795433299e+01 2.2956186343e-02
9.8757509249e+01 2.2632323684e-02
1.0075322796e+02 2.2296669567e-02
1.0278326929e+02 2.1956154040e-02
1.0484832481e+02 2.1625362782e-02
1.0694909798e+02 2.1307497303e-02
1.0908630446e+02 2.0991892754e-02
1.1126067231e+02 2.0678465458e-02
1.1347294226e+02 2.0372499367e-02
1.1572386793e+02 2.0068183297e-02
1.1801421613e+02 1.9755442113e-02
1.2034476708e+02 1.9432484405e-02
1.2271631472e+02 1.9101915627e-02
1.2512966693e+02 1.8765883061e-02
1.2758564584e+02 1.8436182266e-02
1.3008508813e+02 1.8123943843e-02
1.3262884523e+02 1.7816684277e-02
1.3521778371e+02 1.7495947037e-02
1.3785278552e+02 1.7157747582e-02
1.4053474831e+02 1.6812548449e-02
1.4326458570e+02 1.6490581406e-02
1.4604322764e+02 1.6221588023e-02
1.4887162071e+02 1.6008554171e-02
1.5175072843e+02 1.5838350852e-02
1.5468153159e+02 1.5679354057e-02
1.5766502861e+02 1.5492018919e-02
1.6070223585e+02 1.5247307619e-02
1.6379418795e+02 1.4943588200e-02
1.6694193823e+02 1.4620002170e-02
1.7014655900e+02 1.4317641557e-02
1.7340914194e+02 1.4029593238e-02
1.7673079848e+02 1.3716756425e-02
1.8011266020e+02 1.3368939585e-02
1.8355587914e+02 1.3022789815e-02
1.8706162828e+02 1.2706309798e-02
1.9063110189e+02 1.2423843238e-02
1.9426551594e+02 1.2167521006e-02
1.9796610854e+02 1.1914664025e-02
2.0173414033e+02 1.1640358838e-02
2.0557089493e+02 1.1332099983e-02
2.0947767937e+02 1.1019007805e-02
2.1345582454e+02 1.0738534631e-02
2.1750668562e+02 1.0479537040e-02
2.2163164260e+02 1.0221991434e-02
2.2583210068e+02 9.9627593374e-03
2.3010949078e+02 9.6960486321e-03
2.3446527005e+02 9.4178734700e-03
2.3890092232e+02 9.1306804464e-03
2.4341795865e+02 8.8322961104e-03
2.4801791781e+02 8.5469660216e-03
2.5270236682e+02 8.2923386306e-03
2.5747290150e+02 8.0203230897e-03
2.6233114696e+02 7.7198415451e-03
2.6727875823e+02 7.4243488658e-03
2.7231742076e+02 7.1311454143e-03
2.7744885101e+02 6.8417054380e-03
2.8267479708e+02 6.5692933330e-03
2.8799703921e+02 6.3045491138e-03
2.9341739051e+02 6.0361598473e-03
2.9893769745e+02 5.7613136964e-03
3.0455984059e+02 5.4714033519e-03
3.1028573518e+02 5.1708950881e-03
3.1611733179e+02 4.8757806048e-03
3.2205661702e+02 4.5807343174e-03
3.2810561415e+02 4.2733663204e-03
3.3426638381e+02 3.9677579649e-03
3.4054102473e+02 3.6715621944e-03
3.4693167437e+02 3.3724218881e-03
3.5344050967e+02 3.0738700909e-03
3.6006974768e+02 2.7873751533e-03
3.6682164618e+02 2.5067113125e-03
3.7369850410e+02 2.2298911701e-03
3.8070266166e+02 1.9637068482e-03
3.8783649994e+02 1.7078985480e-03
3.9510243939e+02 1.4719278704e-03
4.0250293658e+02 1.2570304847e-03
4.1004047808e+02 1.0577111841e-03
4.1771756960e+02 8.7636366164e-04
4.2553671823e+02 7.1186027019e-04
4.3350040448e+02 5.6251516556e-04
4.4161104030e+02 4.3289146354e-04
4.4987090866e+02 3.2559145360e-04
4.5828208032e+02 2.3869595238e-04
4.6684630417e+02 1.7086915295e-04
4.7556486928e+02 1.1936667496e-04
4.8443844007e+02 8.0567372863e-05
4.9346687031e+02 5.2270554506e-05
5.0264900663e+02 3.2755458464e-05
5.1198249775e+02 1.9739538501e-05
5.2146362975e+02 1.1415040371e-05
5.3108721016e+02 6.3099064003e-06
5.4084652259e+02 3.3201199546e-06
5.5073336928e+02 1.6911997526e-06
5.6073821057e+02 8.1232685488e-07
5.7085039974e+02 3.6172882522e-07
5.8105849942e+02 1.5712275036e-07
5.9135065524e+02 6.4354103259e-08
6.0171499445e+02 1.9499995288e-08
6.1214001398e+02 -3.3649680001e-09
6.2261492451e+02 -7.4611734743e-09
6.3312992358e+02 -1.7668593529e-09
6.4367638126e+02 3.0412605247e-09
6.5424693300e+02 5.1203494134e-09
6.6483548556e+02 6.4970319725e-09
6.7543715021e+02 7.0531651679e-09
6.8604812299e+02 7.0774945468e-09
6.9666553289e+02 6.4583772843e-09
7.0728727802e+02 5.8055722463e-09
7.1791186556e+02 5.3097264715e-09
7.2853826695e+02 5.0973070786e-09
7.3916579460e+02 4.9778879136e-09
7.4979400256e+02 4.7741401579e-09
7.6042261022e+02 4.6263766338e-09
7.7105144622e+02 4.6041067336e-09
7.8168040906e+02 4.5941737372e-09
7.9230944040e+02 4.6445221728e-09
8.0293850768e+02 4.7213877221e-09
8.1356759330e+02 4.8424926496e-09
8.2419668801e+02 4.9544153943e-09
8.3482578710e+02 5.0183515869e-09
8.4545488823e+02 5.0107924579e-09
8.5608399030e+02 4.9574009990e-09
8.6671309277e+02 4.8827636887e-09
8.7734219542e+02 4.8157035573e-09
8.8797129815e+02 4.7635855891e-09
8.9860040090e+02 4.7657505262e-09
9.0922950367e+02 4.7964237589e-09
9.1985860644e+02 4.8619510516e-09
9.3048770921e+02 4.9196298704e-09
9.4111681199e+02 4.9697590091e-09
9.5174591476e+02 5.0081229753e-09
9.6237501753e+02 5.0485454970e-09
9.7300412031e+02 5.0905379200e-09
9.8363322308e+02 5.1472043247e-09
9.9426232586e+02 5.2019798099e-09
1.0048914286e+03 5.2679749906e-09
1.0155205314e+03 5.3252579723e-09
1.0261496342e+03 5.3797032197e-09
1.0367787369e+03 5.4156774485e-09
1.0474078397e+03 5.4362862869e-09
1.0580369425e+03 5.4383764443e-09
1.0686660453e+03 5.4300817612e-09
1.0792951480e+03 5.4181061728e-09
1.0899242508e+03 5.4129326543e-09
1.1005533536e+03 5.4232960152e-09
1.1111824564e+03 5.4493224114e-09
1.1218115591e+03 5.4880568814e-09
1.1324406619e+03 5.5287508536e-09
1.1430697647e+03 5.5698063060e-09
1.1536988675e+03 5.6094414733e-09
1.1643279702e+03 5.6542696450e-09
1.1749570730e+03 5.7013243330e-09
1.1855861758e+03 5.7513703527e-09
1.1962152786e+03 5.7963313640e-09
1.2068443813e+03 5.8386212030e-09
1.2174734841e+03 5.8734156631e-09
1.2281025869e+03 5.9047871523e-09
1.2387316896e+03 5.9283476988e-09
1.2493607924e+03 5.9497700712e-09
1.2599898952e+03 5.9675777800e-09
1.2706189980e+03 5.9891281840e-09
1.2812481007e+03 6.0108527874e-09
1.2918772035e+03 6.0344671020e-09
1.3025063063e+03 6.0511496656e-09
1.3131354091e+03 6.0618578088e-09
1.3237645118e+03 6.0621615336e-09
1.3343936146e+03 6.0591828924e-09
1.3450227174e+03 6.0529055341e-09
1.3556518202e+03 6.0529152245e-09
1.3662809229e+03 6.0593089035e-09
1.3769100257e+03 6.0784839503e-09
1.3875391285e+03 6.1051779600e-09
1.3981682312e+03 6.1418064553e-09
1.4087973340e+03 6.1813568843e-09
1.4194264368e+03 6.2267669662e-09
1.4300555396e+03 6.2689795635e-09
1.4406846423e+03 6.3099616544e-09
1.4513137451e+03 6.3390876379e-09
1.4619428479e+03 6.3592118385e-09
1.4725719507e+03 6.3606999033e-09
1.4832010534e+03 6.3490508066e-09
1.4938301562e+03 6.3191877656e-09
1.5044592590e+03 6.2816271789e-09
1.5150883618e+03 6.2357558610e-09
1.5257174645e+03 6.1913168482e-09
1.5363465673e+03 6.1455871365e-09
1.5469756701e+03 6.1035240166e-09
1.5576047728e+03 6.0622993772e-09
1.5682338756e+03 6.0259905489e-09
1.5788629784e+03 5.9930692380e-09
1.5894920812e+03 5.9661197957e-09
1.6001211839e+03 5.9446199499e-09
1.6107502867e+03 5.9312169566e-09
1.6213793895e+03 5.9262321010e-09
1.6320084923e+03 5.9299814191e-09
1.6426375950e+03 5.9407126529e-09
1.6532666978e+03 5.9572642028e-09
1.6638958006e+03 5.9795594420e-09
1.6745249034e+03 6.0091694682e-09
1.6851540061e+03 6.0478242066e-09
1.6957831089e+03 6.0970029994e-09
1.7064122117e+03 6.1549418253e-09
1.7170413145e+03 6.2199205036e-09
1.7276704172e+03 6.2850088331e-09
1.7382995200e+03 6.3485748254e-09
1.7489286228e+03 6.4035604062e-09
1.7595577255e+03 6.4548375395e-09
1.7701868283e+03 6.4971759465e-09
1.7808159311e+03 6.5399208374e-09
1.7914450339e+03 6.5744193845e-09
1.8020741366e+03 6.6103112284e-09
1.8127032394e+03 6.6343744677e-09
1.8233323422e+03 6.6573286063e-09
1.8339614450e+03 6.6628471226e-09
1.8445905477e+03 6.6622439442e-09
1.8552196505e+03 6.6373350919e-09
1.8658487533e+03 6.6028312427e-09
1.8764778561e+03 6.5453541395e-09
1.8871069588e+03 6.4862402336e-09
1.8977360616e+03 6.4167435066e-09
1.9083651644e+03 6.3582727652e-09
1.9189942671e+03 6.3007884171e-09
1.9296233699e+03 6.2609394753e-09
1.9402524727e+03 6.2268846721e-09
1.9508815755e+03 6.2106208555e-09
1.9615106782e+03 6.1999641428e-09
1.9721397810e+03 6.2025471824e-09
1.9827688838e+03 6.2068837521e-09
1.9933979866e+03 6.2168301084e-09
2.0040270893e+03 6.2229839912e-09
2.0146561921e+03 6.2286857779e-09
2.0252852949e+03 6.2303522323e-09
2.0359143977e+03 6.2337798231e-09
2.0465435004e+03 6.2386044699e-09
2.0571726032e+03 6.2463875617e-09
2.0678017060e+03 6.2526780096e-09
2.0784308088e+03 6.2534370934e-09
2.0890599115e+03 6.2456614030e-09
2.0996890143e+03 6.2290896177e-09
2.1103181171e+03 6.2073264386e-09
2.1209472198e+03 6.1844024906e-09
2.1315763226e+03 6.1648368449e-09
2.1422054254e+03 6.1529772730e-09
2.1528345282e+03 6.1491858589e-09
2.1634636309e+03 6.1562481033e-09
2.1740927337e+03 6.1681004008e-09
2.1847218365e+03 6.1866931039e-09
2.1953509393e+03 6.2018018799e-09
2.2059800420e+03 6.2180865080e-09
2.2166091448e+03 6.2255995380e-09
2.2272382476e+03 6.2350369340e-09
2.2378673504e+03 6.2393474531e-09
2.2484964531e+03 6.2522437746e-09
2.2591255559e+03 6.2657029586e-09
2.2697546587e+03 6.2898612790e-09
2.2803837614e+03 6.3138968060e-09
2.2910128642e+03 6.3443984456e-09
2.3016419670e+03 6.3714734758e-09
2.3122710698e+03 6.4027317916e-09
2.3229001725e+03 6.4319193362e-09
2.3335292753e+03 6.4694945787e-09
2.3441583781e+03 6.5118286587e-09
2.3547874809e+03 6.5714114312e-09
2.3654165836e+03 6.6437664973e-09
2.3760456864e+03 6.7397901551e-09
2.3866747892e+03 6.8509607952e-09
2.3973038920e+03 6.9867415204e-09
2.4079329947e+03 7.1363414191e-09
2.4185620975e+03 7.3100766722e-09
2.4291912003e+03 7.4952583198e-09
2.4398203030e+03 7.7020875679e-09
2.4504494058e+03 7.9150348020e-09
2.4610785086e+03 8.1427799013e-09
2.4717076114e+03 8.3677316161e-09
2.4823367141e+03 8.5979464186e-09
2.4929658169e+03 8.8183331315e-09
2.5035949197e+03 9.0392223457e-09
2.5142240225e+03 9.2499626621e-09
2.5248531252e+03 9.4608526577e-09
2.5354822280e+03 9.6644730834e-09
2.5461113308e+03 9.8702115613e-09
2.5567404336e+03 1.0076938553e-08
2.5673695363e+03 1.0293626482e-08
2.5779986391e+03 1.0525423622e-08
2.5886277419e+03 1.0776328044e-08
2.5992568447e+03 1.1051694823e-08
2.6098859474e+03 1.1346715406e-08
2.6205150502e+03 1.1665705891e-08
2.6311441530e+03 1.2001712606e-08
2.6417732557e+03 1.2360789233e-08
2.6524023585e+03 1.2738940631e-08
2.6630314613e+03 1.3135230435e-08
2.6736605641e+03 1.3544630664e-08
2.6842896668e+03 1.3946458855e-08
2.6949187696e+03 1.4336220595e-08
2.7055478724e+03 1.4671290052e-08
2.7161769752e+03 1.4938870458e-08
2.7268060779e+03 1.5164327394e-08
2.7374351807e+03 1.5253681441e-08
