# Production contribution: P_vw = -\bar{\rho} \widetilde{v'' w''} (\partial \tilde{w} / \partial y)
# Columns: y_plus    P_vw^+
3.8773702413e-01 2.0891810652e-06
1.1571785444e+00 4.0779081740e-05
1.9272980036e+00 1.8055750429e-04
2.6982779270e+00 4.7595382821e-04
3.4703198979e+00 9.4752411242e-04
4.2436415854e+00 1.5701373679e-03
5.0184737565e+00 2.2869974055e-03
5.7950575092e+00 3.0224897957e-03
6.5736418747e+00 3.7088098196e-03
7.3544818564e+00 4.2918498332e-03
8.1378369110e+00 4.7434522985e-03
8.9239698326e+00 5.0529246582e-03
9.7131459760e+00 5.2286770756e-03
1.0505632749e+01 5.2862435024e-03
1.1301699307e+01 5.2485930786e-03
1.2101616390e+01 5.1368028816e-03
1.2905656257e+01 4.9719485315e-03
1.3714092688e+01 4.7696853489e-03
1.4527201024e+01 4.5439504019e-03
1.5345258226e+01 4.3042774354e-03
1.6168542961e+01 4.0594820023e-03
1.6997335681e+01 3.8154482383e-03
1.7831918720e+01 3.5776460566e-03
1.8672576387e+01 3.3491602325e-03
1.9519595060e+01 3.1326368940e-03
2.0373263283e+01 2.9288430321e-03
2.1233871868e+01 2.7383501054e-03
2.2101713990e+01 2.5604957602e-03
2.2977085288e+01 2.3947604536e-03
2.3860283967e+01 2.2400640647e-03
2.4751610897e+01 2.0959390268e-03
2.5651369717e+01 1.9618398911e-03
2.6559866940e+01 1.8377444994e-03
2.7477412056e+01 1.7233208313e-03
2.8404317634e+01 1.6182928047e-03
2.9340899435e+01 1.5218061078e-03
3.0287476515e+01 1.4328749545e-03
3.1244371336e+01 1.3501098108e-03
3.2211909873e+01 1.2723086573e-03
3.3190421728e+01 1.1984213265e-03
3.4180240242e+01 1.1280731196e-03
3.5181702607e+01 1.0613588383e-03
3.6195149980e+01 9.9888878037e-04
3.7220927603e+01 9.4125487959e-04
3.8259384918e+01 8.8892990032e-04
3.9310875686e+01 8.4195533257e-04
4.0375758108e+01 8.0004827699e-04
4.1454394947e+01 7.6255587680e-04
4.2547153652e+01 7.2880165305e-04
4.3654406483e+01 6.9811612217e-04
4.4776530636e+01 6.6988810594e-04
4.5913908375e+01 6.4351618134e-04
4.7066927159e+01 6.1865610020e-04
4.8235979776e+01 5.9520634971e-04
4.9421464475e+01 5.7325826901e-04
5.0623785105e+01 5.5295627104e-04
5.1843351247e+01 5.3459226115e-04
5.3080578360e+01 5.1829682508e-04
5.4335887919e+01 5.0365029559e-04
5.5609707556e+01 4.8970748344e-04
5.6902471212e+01 4.7564771133e-04
5.8214619280e+01 4.6117954210e-04
5.9546598757e+01 4.4654517261e-04
6.0898863395e+01 4.3231039397e-04
6.2271873857e+01 4.1930524889e-04
6.3666097873e+01 4.0821291582e-04
6.5082010401e+01 3.9883472984e-04
6.6520093784e+01 3.8990284115e-04
6.7980837922e+01 3.8003381903e-04
6.9464740431e+01 3.6856006893e-04
7.0972306819e+01 3.5544838905e-04
7.2504050652e+01 3.4092758204e-04
7.4060493737e+01 3.2562721075e-04
7.5642166290e+01 3.1039420592e-04
7.7249607125e+01 2.9569090144e-04
7.8883363833e+01 2.8160458994e-04
8.0543992970e+01 2.6847014494e-04
8.2232060247e+01 2.5674486130e-04
8.3948140720e+01 2.4623935527e-04
8.5692818992e+01 2.3586729027e-04
8.7466689403e+01 2.2462241771e-04
8.9270356242e+01 2.1262860059e-04
9.1104433945e+01 2.0087082963e-04
9.2969547311e+01 1.8999089152e-04
9.4866331710e+01 1.7974906494e-04
9.6795433299e+01 1.7016664005e-04
9.8757509249e+01 1.6192359016e-04
1.0075322796e+02 1.5524063289e-04
1.0278326929e+02 1.5005347852e-04
1.0484832481e+02 1.4646551028e-04
1.0694909798e+02 1.4451150571e-04
1.0908630446e+02 1.4414997385e-04
1.1126067231e+02 1.4490501182e-04
1.1347294226e+02 1.4558227014e-04
1.1572386793e+02 1.4475557111e-04
1.1801421613e+02 1.4159892655e-04
1.2034476708e+02 1.3657857442e-04
1.2271631472e+02 1.3088331897e-04
1.2512966693e+02 1.2522004683e-04
1.2758564584e+02 1.1973004799e-04
1.3008508813e+02 1.1464303205e-04
1.3262884523e+02 1.0999171278e-04
1.3521778371e+02 1.0564957669e-04
1.3785278552e+02 1.0217723507e-04
1.4053474831e+02 9.9662227703e-05
1.4326458570e+02 9.6944185672e-05
1.4604322764e+02 9.3809374364e-05
1.4887162071e+02 9.1090135761e-05
1.5175072843e+02 8.8316089996e-05
1.5468153159e+02 8.4630982480e-05
1.5766502861e+02 8.0970742272e-05
1.6070223585e+02 7.9235112423e-05
1.6379418795e+02 7.9492402739e-05
1.6694193823e+02 7.9171277327e-05
1.7014655900e+02 7.6718783748e-05
1.7340914194e+02 7.2769447134e-05
1.7673079848e+02 6.7344888021e-05
1.8011266020e+02 6.0174684710e-05
1.8355587914e+02 5.3234411496e-05
1.8706162828e+02 4.9135825639e-05
1.9063110189e+02 4.7789672132e-05
1.9426551594e+02 4.7117674127e-05
1.9796610854e+02 4.5794653703e-05
2.0173414033e+02 4.4099153177e-05
2.0557089493e+02 4.2564664961e-05
2.0947767937e+02 4.1570954574e-05
2.1345582454e+02 3.9972347377e-05
2.1750668562e+02 3.6230166183e-05
2.2163164260e+02 3.1681838106e-05
2.2583210068e+02 2.8248877352e-05
2.3010949078e+02 2.5692192700e-05
2.3446527005e+02 2.3227774581e-05
2.3890092232e+02 2.1183429219e-05
2.4341795865e+02 1.9557308574e-05
2.4801791781e+02 1.7294335049e-05
2.5270236682e+02 1.5219996929e-05
2.5747290150e+02 1.4221151581e-05
2.6233114696e+02 1.3471965342e-05
2.6727875823e+02 1.2431003563e-05
2.7231742076e+02 1.0801820194e-05
2.7744885101e+02 9.4182409021e-06
2.8267479708e+02 8.7481466218e-06
2.8799703921e+02 7.9991349946e-06
2.9341739051e+02 6.7360164550e-06
2.9893769745e+02 5.2657459332e-06
3.0455984059e+02 4.2297730612e-06
3.1028573518e+02 3.8752580839e-06
3.1611733179e+02 3.8256245497e-06
3.2205661702e+02 3.9410009200e-06
3.2810561415e+02 4.0817374728e-06
3.3426638381e+02 4.0246827589e-06
3.4054102473e+02 3.9884661269e-06
3.4693167437e+02 3.7864658649e-06
3.5344050967e+02 3.3957392546e-06
3.6006974768e+02 3.0900901625e-06
3.6682164618e+02 2.7111513266e-06
3.7369850410e+02 2.4377590971e-06
3.8070266166e+02 2.3713542994e-06
3.8783649994e+02 2.3215108868e-06
3.9510243939e+02 2.1592006640e-06
4.0250293658e+02 1.8648199241e-06
4.1004047808e+02 1.4827416918e-06
4.1771756960e+02 1.1153600933e-06
4.2553671823e+02 9.4040156877e-07
4.3350040448e+02 9.1835794579e-07
4.4161104030e+02 7.9633596895e-07
4.4987090866e+02 5.8417035672e-07
4.5828208032e+02 4.2474728868e-07
4.6684630417e+02 3.4914236978e-07
4.7556486928e+02 2.7681805306e-07
4.8443844007e+02 1.9115258270e-07
4.9346687031e+02 1.2730855593e-07
5.0264900663e+02 8.2245812549e-08
5.1198249775e+02 5.3979861411e-08
5.2146362975e+02 3.5553777364e-08
5.3108721016e+02 1.8040677455e-08
5.4084652259e+02 8.7294450188e-09
5.5073336928e+02 7.1308933005e-09
5.6073821057e+02 5.8954279072e-09
5.7085039974e+02 3.8599441309e-09
5.8105849942e+02 2.2807539528e-09
5.9135065524e+02 3.8312746941e-10
6.0171499445e+02 9.4095348552e-11
6.1214001398e+02 1.7345588591e-10
6.2261492451e+02 1.9555715903e-10
6.3312992358e+02 9.6186520022e-11
6.4367638126e+02 5.7367270776e-12
6.5424693300e+02 -2.2867592581e-12
6.6483548556e+02 -2.4111879471e-13
6.7543715021e+02 3.4999663959e-13
6.8604812299e+02 1.0957808351e-13
6.9666553289e+02 5.9117389945e-14
7.0728727802e+02 8.5422814466e-13
7.1791186556e+02 5.5834797502e-13
7.2853826695e+02 -5.5876629984e-14
7.3916579460e+02 -3.8562746726e-13
7.4979400256e+02 -3.0025109648e-14
7.6042261022e+02 2.7657740164e-13
7.7105144622e+02 2.3316914856e-13
7.8168040906e+02 1.2767063036e-13
7.9230944040e+02 5.1512706525e-14
8.0293850768e+02 -2.1115948613e-14
8.1356759330e+02 -8.1459834094e-14
8.2419668801e+02 -1.2255562143e-13
8.3482578710e+02 -1.4641467589e-13
8.4545488823e+02 -1.5132191243e-13
8.5608399030e+02 -1.3374604830e-13
8.6671309277e+02 -9.1487573118e-14
8.7734219542e+02 -3.1990315847e-14
8.8797129815e+02 3.0300875749e-14
8.9860040090e+02 7.9214579803e-14
9.0922950367e+02 1.0381544565e-13
9.1985860644e+02 1.0266896675e-13
9.3048770921e+02 8.2538041218e-14
9.4111681199e+02 5.5686430725e-14
9.5174591476e+02 3.3491884349e-14
9.6237501753e+02 2.3011862780e-14
9.7300412031e+02 2.3994664219e-14
9.8363322308e+02 3.0746827849e-14
9.9426232586e+02 3.4797085102e-14
1.0048914286e+03 2.9754895636e-14
1.0155205314e+03 1.4039148809e-14
1.0261496342e+03 -7.6552676909e-15
1.0367787369e+03 -2.7020757376e-14
1.0474078397e+03 -3.6629048287e-14
1.0580369425e+03 -3.3980526782e-14
1.0686660453e+03 -2.2855496234e-14
1.0792951480e+03 -1.0305365180e-14
1.0899242508e+03 -2.8044483124e-15
1.1005533536e+03 -2.9526542055e-15
1.1111824564e+03 -8.8650035822e-15
1.1218115591e+03 -1.5885451701e-14
1.1324406619e+03 -1.9352996519e-14
1.1430697647e+03 -1.7077057108e-14
1.1536988675e+03 -1.0031904277e-14
1.1643279702e+03 -1.4171553071e-15
1.1749570730e+03 5.4383845976e-15
1.1855861758e+03 8.6424934375e-15
1.1962152786e+03 8.3865402536e-15
1.2068443813e+03 6.1884407375e-15
1.2174734841e+03 3.7900075508e-15
1.2281025869e+03 2.3026128047e-15
1.2387316896e+03 1.9338653114e-15
1.2493607924e+03 2.3497330076e-15
1.2599898952e+03 2.9800055045e-15
1.2706189980e+03 3.3207456990e-15
1.2812481007e+03 3.0048723375e-15
1.2918772035e+03 1.9342124254e-15
1.3025063063e+03 3.4801150910e-16
1.3131354091e+03 -1.3153374453e-15
1.3237645118e+03 -2.5903845927e-15
1.3343936146e+03 -3.2323332004e-15
1.3450227174e+03 -3.2441547578e-15
1.3556518202e+03 -2.8080442736e-15
1.3662809229e+03 -2.2051737307e-15
1.3769100257e+03 -1.5866884892e-15
1.3875391285e+03 -1.1044992690e-15
1.3981682312e+03 -6.8282949399e-16
1.4087973340e+03 -3.4614204014e-16
1.4194264368e+03 3.6380418627e-17
1.4300555396e+03 4.1760505685e-16
1.4406846423e+03 8.4548391802e-16
1.4513137451e+03 1.2563083883e-15
1.4619428479e+03 1.6165133781e-15
1.4725719507e+03 1.8955951256e-15
1.4832010534e+03 2.0301943330e-15
1.4938301562e+03 2.0590641921e-15
1.5044592590e+03 1.9648206162e-15
1.5150883618e+03 1.8442652757e-15
1.5257174645e+03 1.6979076295e-15
1.5363465673e+03 1.5991719647e-15
1.5469756701e+03 1.4905853194e-15
1.5576047728e+03 1.3985797877e-15
1.5682338756e+03 1.2461891931e-15
1.5788629784e+03 1.0965176278e-15
1.5894920812e+03 9.2352573579e-16
1.6001211839e+03 7.9077194468e-16
1.6107502867e+03 6.6337098793e-16
1.6213793895e+03 5.4645563439e-16
1.6320084923e+03 4.0974324427e-16
1.6426375950e+03 2.6600860500e-16
1.6532666978e+03 1.3585508386e-16
1.6638958006e+03 4.9974110360e-17
1.6745249034e+03 1.1986509118e-17
1.6851540061e+03 5.6969698085e-18
1.6957831089e+03 9.9500906296e-18
1.7064122117e+03 1.1823539437e-17
1.7170413145e+03 9.9434000007e-18
1.7276704172e+03 1.1779809527e-17
1.7382995200e+03 1.8154313393e-17
1.7489286228e+03 3.8368012803e-17
1.7595577255e+03 6.5714383828e-17
1.7701868283e+03 1.0982608651e-16
1.7808159311e+03 1.5996803993e-16
1.7914450339e+03 2.2992858683e-16
1.8020741366e+03 3.0180679182e-16
1.8127032394e+03 3.8712218992e-16
1.8233323422e+03 4.6358512591e-16
1.8339614450e+03 5.3763526790e-16
1.8445905477e+03 6.0043350591e-16
1.8552196505e+03 6.5367339865e-16
1.8658487533e+03 7.0130986926e-16
1.8764778561e+03 7.4290711622e-16
1.8871069588e+03 7.8038984698e-16
1.8977360616e+03 8.2027162696e-16
1.9083651644e+03 8.4776731139e-16
1.9189942671e+03 8.8120245336e-16
1.9296233699e+03 8.8421166568e-16
1.9402524727e+03 8.9213227822e-16
1.9508815755e+03 8.5219600308e-16
1.9615106782e+03 8.0992674599e-16
1.9721397810e+03 7.0825057653e-16
1.9827688838e+03 5.9698223349e-16
1.9933979866e+03 4.4100232469e-16
2.0040270893e+03 2.9729839108e-16
2.0146561921e+03 1.5930019283e-16
2.0252852949e+03 6.7025433149e-17
2.0359143977e+03 5.9233469181e-18
2.0465435004e+03 -2.5851313627e-17
2.0571726032e+03 -5.1716068482e-17
2.0678017060e+03 -8.5748288332e-17
2.0784308088e+03 -1.2668859619e-16
2.0890599115e+03 -1.7987346177e-16
2.0996890143e+03 -2.1673053475e-16
2.1103181171e+03 -2.5845581202e-16
2.1209472198e+03 -2.7001033661e-16
2.1315763226e+03 -3.1205540933e-16
2.1422054254e+03 -3.4058023922e-16
2.1528345282e+03 -4.3776045006e-16
2.1634636309e+03 -5.3242025779e-16
2.1740927337e+03 -7.1433324480e-16
2.1847218365e+03 -8.6152708674e-16
2.1953509393e+03 -1.0713790363e-15
2.2059800420e+03 -1.1788408804e-15
2.2166091448e+03 -1.3218244455e-15
2.2272382476e+03 -1.3454317794e-15
2.2378673504e+03 -1.4276097274e-15
2.2484964531e+03 -1.4537892581e-15
2.2591255559e+03 -1.5529765146e-15
2.2697546587e+03 -1.6510594550e-15
2.2803837614e+03 -1.7657866628e-15
2.2910128642e+03 -1.8794153993e-15
2.3016419670e+03 -1.9244604859e-15
2.3122710698e+03 -1.9558497754e-15
2.3229001725e+03 -1.8727679333e-15
2.3335292753e+03 -1.8238655851e-15
2.3441583781e+03 -1.6752033816e-15
2.3547874809e+03 -1.6541843129e-15
2.3654165836e+03 -1.5325728458e-15
2.3760456864e+03 -1.5995026833e-15
2.3866747892e+03 -1.5382426274e-15
2.3973038920e+03 -1.6802082872e-15
2.4079329947e+03 -1.7085985158e-15
2.4185620975e+03 -1.8979387899e-15
2.4291912003e+03 -2.0689780630e-15
2.4398203030e+03 -2.2825347897e-15
2.4504494058e+03 -2.6004199972e-15
2.4610785086e+03 -2.7629205895e-15
2.4717076114e+03 -3.1041466153e-15
2.4823367141e+03 -3.1382746257e-15
2.4929658169e+03 -3.4107144548e-15
2.5035949197e+03 -3.4045972834e-15
2.5142240225e+03 -3.6830001930e-15
2.5248531252e+03 -3.7753159521e-15
2.5354822280e+03 -4.0988097162e-15
2.5461113308e+03 -4.2393339672e-15
2.5567404336e+03 -4.4650996905e-15
2.5673695363e+03 -4.5107276298e-15
2.5779986391e+03 -4.4937236427e-15
2.5886277419e+03 -4.3630097084e-15
2.5992568447e+03 -3.9730774778e-15
2.6098859474e+03 -3.5255184650e-15
2.6205150502e+03 -2.6415065187e-15
2.6311441530e+03 -1.7600265765e-15
2.6417732557e+03 -4.2675840923e-16
2.6524023585e+03 8.0963948516e-16
2.6630314613e+03 2.4588312636e-15
2.6736605641e+03 3.7119190337e-15
2.6842896668e+03 5.4031302757e-15
2.6949187696e+03 5.5671674118e-15
2.7055478724e+03 5.3411856162e-15
2.7161769752e+03 6.0427971640e-15
2.7268060779e+03 -6.6857089793e-15
2.7374351807e+03 -1.7338000644e-15
