# Displacement thickness delta* as function of Re_theta
# Columns: Re_theta   delta*
8.4268959644e+02 2.4527242606e-01
8.4297448403e+02 2.4512286790e-01
8.4326036563e+02 2.4503518939e-01
8.4354241678e+02 2.4497057139e-01
8.4382860602e+02 2.4494147123e-01
8.4412299169e+02 2.4492500890e-01
8.4442496710e+02 2.4496690420e-01
8.4473770155e+02 2.4503719094e-01
8.4506328883e+02 2.4513856601e-01
8.4540280218e+02 2.4521045348e-01
8.4574492057e+02 2.4526043289e-01
8.4608019678e+02 2.4525848269e-01
8.4639537238e+02 2.4523377836e-01
8.4669114083e+02 2.4516483222e-01
8.4697628713e+02 2.4508738680e-01
8.4726056129e+02 2.4499146975e-01
8.4756185302e+02 2.4492905413e-01
8.4789829636e+02 2.4491419212e-01
8.4826047180e+02 2.4500293314e-01
8.4863366249e+02 2.4517664574e-01
8.4900287946e+02 2.4544344586e-01
8.4936270914e+02 2.4576362429e-01
8.4969146058e+02 2.4614273136e-01
8.4995835055e+02 2.4652215823e-01
8.5016286182e+02 2.4690994543e-01
8.5031820047e+02 2.4727793133e-01
8.5044370228e+02 2.4766480897e-01
8.5054928816e+02 2.4802467544e-01
8.5064026950e+02 2.4834835918e-01
8.5071475898e+02 2.4859264971e-01
8.5077815199e+02 2.4878528060e-01
8.5086310426e+02 2.4891027386e-01
8.5118770044e+02 2.4906059193e-01
8.5147912342e+02 2.4913199447e-01
8.5174420296e+02 2.4917773909e-01
8.5200157235e+02 2.4918816457e-01
8.5224477843e+02 2.4917672800e-01
8.5247075730e+02 2.4909440480e-01
8.5268963515e+02 2.4897762033e-01
8.5290653264e+02 2.4881696329e-01
8.5311581547e+02 2.4863988736e-01
8.5331646103e+02 2.4840557460e-01
8.5350556574e+02 2.4815600877e-01
8.5384470056e+02 2.4794957953e-01
8.5417172657e+02 2.4778099382e-01
8.5447445605e+02 2.4763514060e-01
8.5474896568e+02 2.4755652331e-01
8.5498763476e+02 2.4750575901e-01
8.5519920984e+02 2.4746752562e-01
8.5541078738e+02 2.4738875272e-01
8.5563351450e+02 2.4729215042e-01
8.5586564797e+02 2.4715466817e-01
8.5611543871e+02 2.4700194447e-01
8.5638628230e+02 2.4680698133e-01
8.5667820085e+02 2.4662095522e-01
8.5696029189e+02 2.4642941223e-01
8.5721054662e+02 2.4626920039e-01
8.5743903507e+02 2.4612765762e-01
8.5766597066e+02 2.4606170739e-01
8.5788188981e+02 2.4607035183e-01
8.5805069511e+02 2.4621408439e-01
8.5815199965e+02 2.4646523400e-01
8.5820431010e+02 2.4717413881e-01
8.5821248157e+02 2.4681138304e-01
8.5856199103e+02 2.4767190345e-01
8.5889504880e+02 2.4812274057e-01
8.5918818285e+02 2.4851418632e-01
8.5945427866e+02 2.4882298677e-01
8.5969320912e+02 2.4909172632e-01
8.5991743403e+02 2.4929866025e-01
8.6014453597e+02 2.4946476062e-01
8.6038467158e+02 2.4957321094e-01
8.6063322188e+02 2.4967703174e-01
8.6088958916e+02 2.4974528709e-01
8.6114344666e+02 2.4978130401e-01
8.6137506144e+02 2.4975631307e-01
8.6160265821e+02 2.4975012420e-01
8.6184579074e+02 2.4976010387e-01
8.6209416058e+02 2.4978798972e-01
8.6231758597e+02 2.4974992546e-01
8.6252391996e+02 2.4963656026e-01
8.6274178673e+02 2.4941671283e-01
8.6295245833e+02 2.4913931332e-01
8.6312828032e+02 2.4883043448e-01
8.6326810062e+02 2.4856896490e-01
8.6339997037e+02 2.4836739586e-01
8.6352512145e+02 2.4826159906e-01
8.6364022026e+02 2.4818969097e-01
8.6375927994e+02 2.4812310601e-01
8.6388732225e+02 2.4800503073e-01
8.6402732741e+02 2.4789164950e-01
8.6418249967e+02 2.4778797122e-01
8.6435640933e+02 2.4771908815e-01
8.6454680690e+02 2.4761436045e-01
8.6475043016e+02 2.4745981819e-01
8.6497403758e+02 2.4723322547e-01
8.6520415735e+02 2.4701742334e-01
8.6543694200e+02 2.4684385822e-01
8.6569137308e+02 2.4677694407e-01
8.6598897847e+02 2.4682207451e-01
8.6633020557e+02 2.4704036236e-01
8.6669905332e+02 2.4738042943e-01
8.6707865687e+02 2.4780874128e-01
8.6744967559e+02 2.4824998283e-01
8.6778134617e+02 2.4870881746e-01
8.6806674156e+02 2.4911266850e-01
8.6834579114e+02 2.4944889645e-01
8.6864285919e+02 2.4969682322e-01
8.6893241681e+02 2.4993578718e-01
8.6917826953e+02 2.5016588829e-01
8.6939882327e+02 2.5039650213e-01
8.6963017875e+02 2.5058033307e-01
8.6987393827e+02 2.5073960499e-01
8.7012804932e+02 2.5085940051e-01
8.7038425434e+02 2.5097575902e-01
8.7064135396e+02 2.5106985982e-01
8.7089533651e+02 2.5117531724e-01
8.7112694863e+02 2.5125334515e-01
8.7152185362e+02 2.5137212818e-01
8.7188765826e+02 2.5141608314e-01
8.7221267047e+02 2.5140016675e-01
8.7251958969e+02 2.5129551963e-01
8.7282789761e+02 2.5114506068e-01
8.7315246609e+02 2.5095419400e-01
8.7347046890e+02 2.5078743792e-01
8.7377183767e+02 2.5064013836e-01
8.7407715123e+02 2.5056406421e-01
8.7439938820e+02 2.5053082667e-01
8.7472274666e+02 2.5052358614e-01
8.7501525474e+02 2.5046330606e-01
8.7528224570e+02 2.5038801470e-01
8.7555409984e+02 2.5033725103e-01
8.7583310985e+02 2.5035605061e-01
8.7612734415e+02 2.5036842565e-01
8.7643169349e+02 2.5035666615e-01
8.7674694089e+02 2.5026861913e-01
8.7707074119e+02 2.5014712385e-01
8.7740668087e+02 2.5002703748e-01
8.7777436367e+02 2.5003104820e-01
8.7817691620e+02 2.5017374658e-01
8.7860884572e+02 2.5046754601e-01
8.7906812373e+02 2.5084714965e-01
8.7952851553e+02 2.5128724319e-01
8.7998262903e+02 2.5170420420e-01
8.8042075546e+02 2.5209363796e-01
8.8083132428e+02 2.5240834092e-01
8.8122672340e+02 2.5267524230e-01
8.8162974702e+02 2.5288298655e-01
8.8205654930e+02 2.5313202565e-01
8.8249127235e+02 2.5345851163e-01
8.8292262914e+02 2.5386466105e-01
8.8335840787e+02 2.5422181507e-01
8.8378784196e+02 2.5449731870e-01
8.8420313218e+02 2.5468722942e-01
8.8461800206e+02 2.5487055541e-01
8.8505353696e+02 2.5504526653e-01
8.8550070628e+02 2.5523333119e-01
8.8593241083e+02 2.5537198343e-01
8.8633534775e+02 2.5546678719e-01
8.8671824357e+02 2.5549545600e-01
8.8710543991e+02 2.5550905299e-01
8.8750522937e+02 2.5550053185e-01
8.8797294594e+02 2.5553511545e-01
8.8847125878e+02 2.5555745256e-01
8.8892666216e+02 2.5553908818e-01
8.8934107945e+02 2.5544013514e-01
8.8971608876e+02 2.5533397992e-01
8.9005408400e+02 2.5522810634e-01
8.9034712307e+02 2.5514519451e-01
8.9059514298e+02 2.5502819261e-01
8.9079695051e+02 2.5489902609e-01
8.9095279880e+02 2.5474530097e-01
8.9107511039e+02 2.5461449812e-01
8.9126548968e+02 2.5449740306e-01
8.9143392399e+02 2.5436832767e-01
8.9156803026e+02 2.5419624543e-01
8.9165571224e+02 2.5404843817e-01
8.9169677807e+02 2.5393736909e-01
8.9170228335e+02 2.5384656327e-01
8.9170620715e+02 2.5392781049e-01
8.9170803338e+02 2.5411274399e-01
8.9173774062e+02 2.5386746924e-01
8.9188160383e+02 2.5438599310e-01
8.9237201915e+02 2.5474118729e-01
8.9295129866e+02 2.5508921819e-01
8.9364701887e+02 2.5540867888e-01
8.9444799134e+02 2.5575085156e-01
8.9532483493e+02 2.5611185604e-01
8.9626484299e+02 2.5654569233e-01
8.9726823154e+02 2.5704385676e-01
8.9831123657e+02 2.5762976864e-01
8.9934842249e+02 2.5822419934e-01
9.0036441778e+02 2.5878636213e-01
9.0136908371e+02 2.5924206072e-01
9.0234423688e+02 2.5964372874e-01
9.0324472984e+02 2.5999510605e-01
9.0405463366e+02 2.6033012982e-01
9.0478380357e+02 2.6059252739e-01
9.0544534779e+02 2.6081085546e-01
9.0602112278e+02 2.6095404090e-01
9.0668591708e+02 2.6110803659e-01
9.0731164038e+02 2.6119915431e-01
9.0781171596e+02 2.6126195478e-01
9.0820943117e+02 2.6130476481e-01
9.0851658133e+02 2.6133682125e-01
9.0874903196e+02 2.6127699188e-01
9.0891600799e+02 2.6113705251e-01
9.0902557349e+02 2.6092853081e-01
9.0906486007e+02 2.6072707931e-01
9.0906538264e+02 2.5985931162e-01
9.0907736271e+02 2.6008203921e-01
9.0907876138e+02 2.5962390220e-01
9.0908975420e+02 2.6051516026e-01
9.0909483261e+02 2.6031311624e-01
9.0919843717e+02 2.5944820927e-01
9.0939108976e+02 2.5929009947e-01
9.0959169129e+02 2.5919089039e-01
9.0980666517e+02 2.5913696476e-01
9.1004627970e+02 2.5915606397e-01
9.1027880284e+02 2.5918471901e-01
9.1049346314e+02 2.5923607856e-01
9.1067521626e+02 2.5930121539e-01
9.1082669428e+02 2.5947354829e-01
9.1115344851e+02 2.5980455140e-01
9.1159601740e+02 2.6023316096e-01
9.1204255539e+02 2.6061468306e-01
9.1250965963e+02 2.6097827121e-01
9.1298850393e+02 2.6132745095e-01
9.1344594933e+02 2.6169422483e-01
9.1388664122e+02 2.6203709599e-01
9.1433721341e+02 2.6239653640e-01
9.1478332488e+02 2.6272634367e-01
9.1520603959e+02 2.6302790578e-01
9.1561252654e+02 2.6327127231e-01
9.1601533257e+02 2.6351458224e-01
9.1640575985e+02 2.6373250047e-01
9.1677747421e+02 2.6395305162e-01
9.1714880544e+02 2.6415526684e-01
9.1751355470e+02 2.6438083997e-01
9.1784612682e+02 2.6456791196e-01
9.1816122331e+02 2.6470407097e-01
9.1849038039e+02 2.6474968157e-01
9.1884787528e+02 2.6477643917e-01
9.1921465305e+02 2.6479081041e-01
9.1958055065e+02 2.6482410814e-01
9.1996019712e+02 2.6482490414e-01
9.2036766399e+02 2.6480266036e-01
9.2080121664e+02 2.6473177515e-01
9.2123790790e+02 2.6467563155e-01
9.2166346730e+02 2.6462729542e-01
9.2209716648e+02 2.6460873261e-01
9.2255230708e+02 2.6455035537e-01
9.2303340340e+02 2.6448419819e-01
9.2349987919e+02 2.6438717979e-01
9.2393070875e+02 2.6429370851e-01
9.2433566341e+02 2.6418313790e-01
9.2472362463e+02 2.6413650472e-01
9.2509919073e+02 2.6416333887e-01
9.2546703492e+02 2.6426250013e-01
9.2585624323e+02 2.6434708414e-01
9.2628058508e+02 2.6443802108e-01
9.2671460826e+02 2.6453317026e-01
9.2714410695e+02 2.6469730190e-01
9.2754877771e+02 2.6489789021e-01
9.2796692483e+02 2.6517075899e-01
9.2864303545e+02 2.6556128934e-01
9.2930100230e+02 2.6602316969e-01
9.2991639916e+02 2.6651344956e-01
9.3047017584e+02 2.6701165127e-01
9.3098108213e+02 2.6743749759e-01
9.3145658865e+02 2.6781142170e-01
9.3187228347e+02 2.6811397935e-01
9.3224878473e+02 2.6840218545e-01
9.3261510931e+02 2.6865759125e-01
9.3297846730e+02 2.6891533689e-01
9.3333263678e+02 2.6913330946e-01
9.3369769458e+02 2.6934556063e-01
9.3407840103e+02 2.6954052806e-01
9.3443613717e+02 2.6977448543e-01
9.3475948462e+02 2.7001477714e-01
9.3507628223e+02 2.7024073966e-01
9.3542174951e+02 2.7036320990e-01
9.3580778888e+02 2.7041522418e-01
9.3621925223e+02 2.7042124262e-01
9.3664251462e+02 2.7045438478e-01
9.3705808891e+02 2.7045934424e-01
9.3747042176e+02 2.7042599063e-01
9.3788770608e+02 2.7032574707e-01
9.3830200615e+02 2.7023806535e-01
9.3870104221e+02 2.7016348068e-01
9.3909200463e+02 2.7012513755e-01
9.3948668717e+02 2.7007082157e-01
9.3988908798e+02 2.7002842832e-01
9.4029675255e+02 2.6995078567e-01
9.4072154391e+02 2.6985882434e-01
9.4116184495e+02 2.6973971075e-01
9.4160674503e+02 2.6967260033e-01
9.4203480215e+02 2.6963751710e-01
9.4244626794e+02 2.6963902931e-01
9.4285534166e+02 2.6962858421e-01
9.4325713448e+02 2.6966621100e-01
9.4362222569e+02 2.6973858979e-01
9.4395108079e+02 2.6985438597e-01
9.4425967428e+02 2.6995123258e-01
9.4455854786e+02 2.7008637548e-01
9.4483414164e+02 2.7026216040e-01
9.4530177345e+02 2.7058064029e-01
9.4589371025e+02 2.7095226065e-01
9.4647715355e+02 2.7134322836e-01
9.4703473189e+02 2.7172525352e-01
9.4757846782e+02 2.7214686279e-01
9.4811910913e+02 2.7255682431e-01
9.4863976852e+02 2.7294835539e-01
9.4910306342e+02 2.7328945180e-01
9.4949774425e+02 2.7363304240e-01
9.4985001509e+02 2.7393811986e-01
9.5017537477e+02 2.7420077300e-01
9.5049719687e+02 2.7440315870e-01
9.5082953220e+02 2.7463882336e-01
9.5116157360e+02 2.7490072737e-01
9.5147167533e+02 2.7516725539e-01
9.5176402773e+02 2.7532375159e-01
9.5206238207e+02 2.7538410623e-01
9.5236432485e+02 2.7536543509e-01
9.5266454081e+02 2.7535309317e-01
9.5296883752e+02 2.7530772988e-01
9.5329984866e+02 2.7523786803e-01
9.5365291280e+02 2.7510413666e-01
9.5401745735e+02 2.7497143679e-01
9.5437804522e+02 2.7481937222e-01
9.5475378023e+02 2.7468339299e-01
9.5515967941e+02 2.7456663591e-01
9.5556106926e+02 2.7454274500e-01
9.5592380953e+02 2.7454623963e-01
9.5625642297e+02 2.7452179663e-01
9.5659521243e+02 2.7440871934e-01
9.5694320276e+02 2.7428975307e-01
9.5729265808e+02 2.7417097593e-01
9.5767415811e+02 2.7408527966e-01
9.5808298442e+02 2.7399675019e-01
9.5848628689e+02 2.7397715517e-01
9.5885103576e+02 2.7401056318e-01
9.5918751717e+02 2.7411205061e-01
9.5950304683e+02 2.7423411948e-01
9.5979472680e+02 2.7441808082e-01
9.6007489946e+02 2.7463477259e-01
9.6035180408e+02 2.7489021144e-01
9.6062331686e+02 2.7512183354e-01
9.6089828460e+02 2.7536863553e-01
9.6127616344e+02 2.7565355384e-01
9.6191473826e+02 2.7607968917e-01
9.6253626430e+02 2.7652431873e-01
9.6313274503e+02 2.7700566466e-01
9.6369113140e+02 2.7745583409e-01
9.6420002888e+02 2.7787648261e-01
9.6465319744e+02 2.7822247971e-01
9.6504857617e+02 2.7852253950e-01
9.6538587262e+02 2.7875597539e-01
9.6568528075e+02 2.7899065853e-01
9.6598763283e+02 2.7921621667e-01
9.6630003331e+02 2.7943709136e-01
9.6659670943e+02 2.7956857411e-01
9.6687275149e+02 2.7962098988e-01
9.6715147293e+02 2.7957130022e-01
9.6744979817e+02 2.7949450966e-01
9.6774487297e+02 2.7939843869e-01
9.6803653762e+02 2.7933827235e-01
9.6834767030e+02 2.7927484975e-01
9.6868786465e+02 2.7922146288e-01
9.6905669695e+02 2.7912999663e-01
9.6945269899e+02 2.7903389178e-01
9.6988411949e+02 2.7891632000e-01
9.7034963163e+02 2.7884533145e-01
9.7080643354e+02 2.7880172759e-01
9.7123407516e+02 2.7881082586e-01
9.7164628479e+02 2.7880427442e-01
9.7207346607e+02 2.7878936356e-01
9.7251530021e+02 2.7872939040e-01
9.7294474025e+02 2.7867205503e-01
9.7337109137e+02 2.7861768152e-01
9.7380363313e+02 2.7862875919e-01
9.7423723152e+02 2.7868984125e-01
9.7467431495e+02 2.7882911963e-01
9.7510895508e+02 2.7898164478e-01
9.7552092510e+02 2.7917316691e-01
9.7586552825e+02 2.7937683349e-01
9.7615268547e+02 2.7962305196e-01
9.7641641789e+02 2.7983823239e-01
9.7666578173e+02 2.8003340408e-01
9.7690136847e+02 2.8020289157e-01
9.7713346775e+02 2.8041812930e-01
9.7736599109e+02 2.8065102468e-01
9.7774953241e+02 2.8097208174e-01
9.7826852253e+02 2.8133441313e-01
9.7877538081e+02 2.8174192834e-01
9.7926384733e+02 2.8215232427e-01
9.7972165639e+02 2.8254921427e-01
9.8015258486e+02 2.8284137270e-01
9.8056871467e+02 2.8305983412e-01
9.8098286609e+02 2.8321156841e-01
9.8139824584e+02 2.8335833716e-01
9.8180909544e+02 2.8345236128e-01
9.8220450700e+02 2.8349803050e-01
9.8257532772e+02 2.8346078542e-01
9.8292095105e+02 2.8340491495e-01
9.8326598466e+02 2.8333530815e-01
9.8362745167e+02 2.8330466389e-01
9.8398463587e+02 2.8326352203e-01
9.8431469682e+02 2.8321861420e-01
9.8462472016e+02 2.8312372095e-01
9.8494217955e+02 2.8303065611e-01
9.8527801714e+02 2.8292168895e-01
9.8562492281e+02 2.8282951208e-01
9.8598424115e+02 2.8270888826e-01
9.8636127700e+02 2.8260344569e-01
9.8673861842e+02 2.8249244784e-01
9.8709764229e+02 2.8241894473e-01
9.8745138189e+02 2.8235329566e-01
9.8781672265e+02 2.8233284201e-01
9.8818702283e+02 2.8232911171e-01
9.8854739294e+02 2.8237242363e-01
9.8891212333e+02 2.8242139431e-01
9.8930660474e+02 2.8251471978e-01
9.8971804220e+02 2.8262272052e-01
9.9012225218e+02 2.8278668955e-01
9.9050904980e+02 2.8296007363e-01
9.9089252883e+02 2.8316513841e-01
9.9127666189e+02 2.8336780903e-01
9.9163473872e+02 2.8360610220e-01
9.9195606882e+02 2.8384911310e-01
9.9224943528e+02 2.8411482359e-01
9.9252376584e+02 2.8435359964e-01
9.9277530323e+02 2.8462091481e-01
9.9299993998e+02 2.8490833130e-01
9.9322282606e+02 2.8525960645e-01
9.9344845502e+02 2.8561842253e-01
9.9368375351e+02 2.8600267137e-01
9.9393118622e+02 2.8632157601e-01
9.9420556842e+02 2.8654970189e-01
9.9450881800e+02 2.8664692298e-01
9.9482642730e+02 2.8671402082e-01
9.9514557215e+02 2.8677005067e-01
9.9546820159e+02 2.8682797509e-01
9.9579985797e+02 2.8681129582e-01
9.9614096829e+02 2.8677956499e-01
9.9645838054e+02 2.8675290540e-01
9.9674254108e+02 2.8678257217e-01
9.9711023635e+02 2.8682172427e-01
9.9751397148e+02 2.8683951682e-01
9.9786731272e+02 2.8674877854e-01
9.9817729974e+02 2.8660395633e-01
9.9846446145e+02 2.8642273625e-01
9.9875349405e+02 2.8629379998e-01
9.9905219563e+02 2.8617319281e-01
9.9935739867e+02 2.8604063612e-01
9.9975269312e+02 2.8586268757e-01
1.0001836315e+03 2.8569935979e-01
1.0005868647e+03 2.8556744539e-01
1.0009273705e+03 2.8551363655e-01
1.0012055220e+03 2.8546873666e-01
1.0014562833e+03 2.8546462793e-01
1.0017131105e+03 2.8550555889e-01
1.0021428559e+03 2.8569907186e-01
1.0026001346e+03 2.8592717664e-01
1.0030585142e+03 2.8617509242e-01
1.0034967975e+03 2.8638915514e-01
1.0039332887e+03 2.8662709492e-01
1.0043868993e+03 2.8687552950e-01
1.0048391355e+03 2.8716482229e-01
1.0052657210e+03 2.8743518593e-01
1.0056585652e+03 2.8770742744e-01
1.0060152286e+03 2.8794730122e-01
1.0063283802e+03 2.8819866452e-01
1.0066034177e+03 2.8842096760e-01
1.0068659929e+03 2.8865176154e-01
1.0071443463e+03 2.8887461278e-01
1.0074535190e+03 2.8914794325e-01
1.0077850745e+03 2.8941045832e-01
1.0081372964e+03 2.8962871412e-01
1.0085064562e+03 2.8971060515e-01
1.0088990884e+03 2.8971197242e-01
1.0093047348e+03 2.8964456525e-01
1.0097106089e+03 2.8958435124e-01
1.0101207648e+03 2.8953076999e-01
1.0105367782e+03 2.8955837387e-01
1.0109458830e+03 2.8964446660e-01
1.0113381727e+03 2.8979237007e-01
1.0117246457e+03 2.8992453550e-01
1.0121141485e+03 2.9005144125e-01
1.0124956412e+03 2.9010779781e-01
1.0128839616e+03 2.9010735149e-01
1.0132916992e+03 2.9001522318e-01
1.0137103551e+03 2.8990029833e-01
1.0141081919e+03 2.8974074880e-01
1.0144790534e+03 2.8956880523e-01
1.0148450588e+03 2.8935785065e-01
1.0152156256e+03 2.8918618256e-01
1.0155737745e+03 2.8906032595e-01
1.0159048410e+03 2.8901506122e-01
1.0162102212e+03 2.8897860968e-01
1.0165068013e+03 2.8898967992e-01
1.0167856251e+03 2.8905880729e-01
1.0170416697e+03 2.8925483103e-01
1.0172920092e+03 2.8950541596e-01
1.0175702933e+03 2.8978936740e-01
1.0178738396e+03 2.9003253544e-01
1.0181787405e+03 2.9027937232e-01
1.0184589081e+03 2.9050331667e-01
1.0187196128e+03 2.9074135859e-01
1.0189780715e+03 2.9095270557e-01
1.0194058330e+03 2.9122932996e-01
1.0198571958e+03 2.9148449394e-01
1.0202940183e+03 2.9172838509e-01
1.0207179070e+03 2.9191447123e-01
1.0211480773e+03 2.9210581994e-01
1.0216033512e+03 2.9230289063e-01
1.0220721068e+03 2.9254630544e-01
1.0225348846e+03 2.9275911745e-01
1.0229795522e+03 2.9293966545e-01
1.0234144582e+03 2.9305395657e-01
1.0238352653e+03 2.9315351758e-01
1.0242289110e+03 2.9320080402e-01
1.0246006034e+03 2.9322964298e-01
1.0249807604e+03 2.9323295983e-01
1.0253965170e+03 2.9329819040e-01
1.0258387849e+03 2.9340186025e-01
1.0262895124e+03 2.9355034503e-01
1.0267388590e+03 2.9367380531e-01
1.0271608445e+03 2.9381149660e-01
1.0275166699e+03 2.9393214165e-01
1.0278054308e+03 2.9406173296e-01
1.0280695318e+03 2.9413358951e-01
1.0283496016e+03 2.9416065324e-01
1.0286412370e+03 2.9409123857e-01
1.0289290735e+03 2.9397216409e-01
1.0292131651e+03 2.9379474217e-01
1.0295063053e+03 2.9363779159e-01
1.0298275273e+03 2.9350390568e-01
1.0301930946e+03 2.9345129827e-01
1.0305940222e+03 2.9343187943e-01
1.0310088844e+03 2.9347658057e-01
1.0314184532e+03 2.9357011549e-01
1.0318236799e+03 2.9379026904e-01
1.0322216722e+03 2.9409295378e-01
1.0326119108e+03 2.9445794971e-01
1.0329971853e+03 2.9478013621e-01
1.0333779326e+03 2.9507894653e-01
1.0337346832e+03 2.9533545706e-01
1.0340654555e+03 2.9560286820e-01
1.0343867655e+03 2.9583757654e-01
1.0347222088e+03 2.9607004863e-01
1.0350722306e+03 2.9625749081e-01
1.0354361995e+03 2.9644582500e-01
1.0358105567e+03 2.9661233530e-01
1.0361919513e+03 2.9679134903e-01
1.0365665671e+03 2.9690903358e-01
1.0369239853e+03 2.9699217911e-01
1.0372600309e+03 2.9704758795e-01
1.0375816935e+03 2.9716155723e-01
1.0378857967e+03 2.9728827337e-01
1.0381788658e+03 2.9742523185e-01
1.0384724350e+03 2.9751238967e-01
1.0387855313e+03 2.9761706373e-01
1.0391074026e+03 2.9771982085e-01
1.0394354302e+03 2.9783971463e-01
1.0397624324e+03 2.9790110894e-01
1.0400894232e+03 2.9795330976e-01
1.0404905331e+03 2.9802327554e-01
1.0409426431e+03 2.9816229808e-01
1.0414080533e+03 2.9830289279e-01
1.0418812373e+03 2.9845563952e-01
1.0423521192e+03 2.9857751081e-01
1.0428066236e+03 2.9872394314e-01
1.0432374522e+03 2.9885312796e-01
1.0436363785e+03 2.9896276285e-01
1.0439997962e+03 2.9897417492e-01
1.0443431848e+03 2.9892264347e-01
1.0446801183e+03 2.9879786040e-01
1.0450086300e+03 2.9868653032e-01
1.0453247887e+03 2.9860459418e-01
1.0456475091e+03 2.9863445922e-01
1.0459902513e+03 2.9873232529e-01
1.0463437455e+03 2.9890352889e-01
1.0466980001e+03 2.9908440035e-01
1.0470483536e+03 2.9930462853e-01
1.0473959508e+03 2.9950956406e-01
1.0477382649e+03 2.9971700199e-01
1.0480708167e+03 2.9988406725e-01
1.0484071138e+03 3.0007324020e-01
1.0487499994e+03 3.0024860503e-01
1.0491136480e+03 3.0042700206e-01
1.0494961024e+03 3.0055102787e-01
1.0498954266e+03 3.0067793191e-01
1.0503209435e+03 3.0078495086e-01
1.0507681498e+03 3.0089177834e-01
1.0512192151e+03 3.0094796142e-01
1.0516552715e+03 3.0101202762e-01
1.0520906757e+03 3.0107722089e-01
1.0525390545e+03 3.0119120697e-01
1.0529570406e+03 3.0130790258e-01
1.0533176824e+03 3.0147760205e-01
1.0536331041e+03 3.0165369515e-01
1.0539555809e+03 3.0185198472e-01
1.0543008073e+03 3.0200923828e-01
1.0546367190e+03 3.0216357888e-01
1.0549502012e+03 3.0227438557e-01
1.0552721431e+03 3.0236879376e-01
1.0556068761e+03 3.0240212814e-01
1.0559370867e+03 3.0244256827e-01
1.0562464009e+03 3.0247178863e-01
1.0565595250e+03 3.0253458170e-01
1.0568802471e+03 3.0259142961e-01
1.0571780840e+03 3.0268469700e-01
1.0574400320e+03 3.0277425097e-01
1.0576977101e+03 3.0289293266e-01
1.0579837899e+03 3.0299429067e-01
1.0583091269e+03 3.0310190909e-01
1.0586621696e+03 3.0313217002e-01
1.0590527564e+03 3.0310552339e-01
1.0594618576e+03 3.0301437312e-01
1.0598794855e+03 3.0297963761e-01
1.0603366709e+03 3.0301337447e-01
1.0609590539e+03 3.0318386312e-01
1.0615992860e+03 3.0339020540e-01
1.0622313285e+03 3.0365589067e-01
1.0628320737e+03 3.0390686350e-01
1.0633950173e+03 3.0415618340e-01
1.0639188214e+03 3.0436949893e-01
1.0644125715e+03 3.0459411593e-01
1.0648928207e+03 3.0476977761e-01
1.0653868026e+03 3.0494057572e-01
1.0659157117e+03 3.0511344049e-01
1.0664764812e+03 3.0535174895e-01
1.0670484825e+03 3.0556930033e-01
1.0676126495e+03 3.0575040117e-01
1.0681488413e+03 3.0585700247e-01
1.0686460196e+03 3.0596274270e-01
1.0691042510e+03 3.0603785957e-01
1.0695277334e+03 3.0612255574e-01
1.0699093332e+03 3.0620675914e-01
1.0702409728e+03 3.0636493729e-01
1.0705260399e+03 3.0653874541e-01
1.0707706040e+03 3.0671956509e-01
1.0709829669e+03 3.0684684012e-01
1.0712064303e+03 3.0697975526e-01
1.0714725254e+03 3.0709572859e-01
1.0717726520e+03 3.0724064502e-01
1.0720759889e+03 3.0735965093e-01
1.0723800656e+03 3.0747913726e-01
1.0726800306e+03 3.0754253718e-01
1.0729825127e+03 3.0760775263e-01
1.0732990173e+03 3.0766189006e-01
1.0736517079e+03 3.0776247745e-01
1.0740353088e+03 3.0786525579e-01
1.0744253113e+03 3.0799344844e-01
1.0748168113e+03 3.0810164953e-01
1.0752108020e+03 3.0822770300e-01
1.0756107637e+03 3.0833951254e-01
1.0760194082e+03 3.0847223930e-01
1.0764328982e+03 3.0854205123e-01
1.0768563111e+03 3.0856359791e-01
1.0772717843e+03 3.0852514970e-01
1.0776833972e+03 3.0854394596e-01
1.0780839688e+03 3.0860681945e-01
1.0784776055e+03 3.0871514955e-01
1.0788761491e+03 3.0878790886e-01
1.0792895038e+03 3.0888341812e-01
1.0797011193e+03 3.0899195532e-01
1.0800928956e+03 3.0914802886e-01
1.0804585033e+03 3.0926465094e-01
1.0808279202e+03 3.0936947397e-01
1.0812064564e+03 3.0944324359e-01
1.0815920167e+03 3.0956129999e-01
1.0819679747e+03 3.0968048236e-01
1.0823487560e+03 3.0981281077e-01
1.0827462231e+03 3.0989373193e-01
1.0831697255e+03 3.0997824322e-01
1.0835955132e+03 3.1004801007e-01
1.0840204362e+03 3.1014820335e-01
1.0844506739e+03 3.1022039405e-01
1.0848933149e+03 3.1029804058e-01
1.0853509412e+03 3.1035952331e-01
1.0858263721e+03 3.1047933276e-01
1.0863294167e+03 3.1063712856e-01
1.0868521486e+03 3.1087075404e-01
1.0873768400e+03 3.1111264123e-01
1.0878922274e+03 3.1137569808e-01
1.0884033023e+03 3.1159862982e-01
1.0889169879e+03 3.1182111072e-01
1.0894148463e+03 3.1199414271e-01
1.0898907265e+03 3.1215606824e-01
1.0903542485e+03 3.1227596880e-01
1.0908148047e+03 3.1241432392e-01
1.0912696136e+03 3.1253499606e-01
1.0917217890e+03 3.1267022078e-01
1.0921751831e+03 3.1277673516e-01
1.0926223975e+03 3.1290795087e-01
1.0930537484e+03 3.1302817938e-01
1.0934783738e+03 3.1317671055e-01
1.0938979623e+03 3.1329362102e-01
1.0943161005e+03 3.1340614083e-01
1.0947229797e+03 3.1346658183e-01
1.0951289813e+03 3.1353560940e-01
1.0955543441e+03 3.1358841709e-01
1.0960112789e+03 3.1365904540e-01
1.0964874749e+03 3.1368618763e-01
1.0969592112e+03 3.1370924521e-01
1.0974098124e+03 3.1372224586e-01
1.0978325823e+03 3.1379825364e-01
1.0982131150e+03 3.1388135638e-01
1.0985645899e+03 3.1399079013e-01
1.0989067698e+03 3.1407505568e-01
1.0992847037e+03 3.1418566763e-01
1.0997115561e+03 3.1427357247e-01
1.1001760970e+03 3.1437680474e-01
1.1006413500e+03 3.1445311197e-01
1.1010745926e+03 3.1454856261e-01
1.1014679372e+03 3.1462426797e-01
1.1018549460e+03 3.1473107004e-01
1.1022550175e+03 3.1481942921e-01
1.1026650038e+03 3.1491243047e-01
1.1030468793e+03 3.1495065583e-01
1.1033898770e+03 3.1498942176e-01
1.1037072477e+03 3.1501625279e-01
1.1040143954e+03 3.1510125900e-01
1.1043047905e+03 3.1521750719e-01
1.1045713846e+03 3.1540186234e-01
1.1048169252e+03 3.1557450382e-01
1.1050689306e+03 3.1574327384e-01
1.1053360007e+03 3.1585834032e-01
1.1056288097e+03 3.1598700500e-01
1.1059284233e+03 3.1609316307e-01
1.1062310997e+03 3.1621540660e-01
1.1065290576e+03 3.1630678460e-01
1.1068258950e+03 3.1641482563e-01
1.1072109694e+03 3.1652033149e-01
1.1076083090e+03 3.1663408860e-01
1.1079928274e+03 3.1671592511e-01
1.1083697443e+03 3.1683232244e-01
1.1087377998e+03 3.1694489721e-01
1.1091014930e+03 3.1707833898e-01
1.1094609922e+03 3.1717229754e-01
1.1098217614e+03 3.1726380555e-01
1.1101914375e+03 3.1730079673e-01
1.1105674556e+03 3.1731700710e-01
1.1109152859e+03 3.1726413133e-01
1.1112111900e+03 3.1720236966e-01
1.1114728585e+03 3.1711361296e-01
1.1117359906e+03 3.1706194384e-01
1.1120123042e+03 3.1701045468e-01
1.1122896527e+03 3.1699169642e-01
1.1125545939e+03 3.1695512905e-01
1.1128161226e+03 3.1695602667e-01
1.1130868756e+03 3.1694938741e-01
1.1133765139e+03 3.1696585529e-01
1.1136831982e+03 3.1696461359e-01
1.1140080331e+03 3.1702098242e-01
1.1143396307e+03 3.1710408916e-01
1.1146729550e+03 3.1723602699e-01
1.1150030665e+03 3.1734584987e-01
1.1153351557e+03 3.1745993763e-01
1.1156763449e+03 3.1752779427e-01
1.1160115644e+03 3.1758787659e-01
1.1163302302e+03 3.1761188166e-01
1.1166497387e+03 3.1767952119e-01
1.1169995650e+03 3.1777706454e-01
1.1173846531e+03 3.1795068001e-01
1.1177606356e+03 3.1812980551e-01
1.1181121177e+03 3.1834333303e-01
1.1184549874e+03 3.1853968578e-01
1.1188082251e+03 3.1875687712e-01
1.1191508998e+03 3.1893480446e-01
1.1194526383e+03 3.1911657425e-01
1.1197211506e+03 3.1927554476e-01
1.1199931140e+03 3.1946559225e-01
1.1202827675e+03 3.1961713230e-01
1.1205875835e+03 3.1974122260e-01
1.1208818204e+03 3.1977903935e-01
1.1211770282e+03 3.1980296692e-01
1.1214955090e+03 3.1982272119e-01
1.1218222600e+03 3.1992004766e-01
1.1221163733e+03 3.2004627775e-01
1.1223775420e+03 3.2020441782e-01
1.1226461856e+03 3.2030625038e-01
1.1229505857e+03 3.2038393784e-01
1.1232673359e+03 3.2039151468e-01
1.1235996779e+03 3.2038014434e-01
1.1239475165e+03 3.2030564741e-01
1.1243107969e+03 3.2024002729e-01
1.1246602831e+03 3.2016957236e-01
1.1249903260e+03 3.2015530797e-01
1.1253201687e+03 3.2014317426e-01
1.1256701716e+03 3.2014449275e-01
1.1260500032e+03 3.2009703051e-01
1.1264650530e+03 3.2007205262e-01
1.1268941659e+03 3.2006143842e-01
1.1273336832e+03 3.2012515258e-01
1.1277670033e+03 3.2020060829e-01
1.1282015828e+03 3.2033184445e-01
1.1286276250e+03 3.2047720788e-01
1.1290372073e+03 3.2067346996e-01
1.1294348815e+03 3.2084512133e-01
1.1298467104e+03 3.2100312478e-01
1.1302761904e+03 3.2109062898e-01
1.1306969739e+03 3.2118161538e-01
1.1310607663e+03 3.2126765840e-01
1.1313663161e+03 3.2141344550e-01
1.1316242125e+03 3.2156052989e-01
1.1318601904e+03 3.2173259305e-01
1.1320777761e+03 3.2188396945e-01
1.1322755769e+03 3.2207662057e-01
1.1324680006e+03 3.2227198950e-01
1.1326889104e+03 3.2248969598e-01
1.1329536335e+03 3.2263941994e-01
1.1332698990e+03 3.2275376910e-01
1.1336081789e+03 3.2281047891e-01
1.1340238106e+03 3.2293019693e-01
1.1345633307e+03 3.2309679769e-01
1.1350905650e+03 3.2327475039e-01
1.1355767852e+03 3.2337584161e-01
1.1360276443e+03 3.2347342624e-01
1.1364690096e+03 3.2359250673e-01
1.1369163796e+03 3.2380388435e-01
1.1373576444e+03 3.2401804031e-01
1.1377936667e+03 3.2422432770e-01
1.1382176186e+03 3.2433935133e-01
1.1386199918e+03 3.2440614377e-01
1.1389745842e+03 3.2437869240e-01
1.1392888019e+03 3.2431178474e-01
1.1395911482e+03 3.2418698733e-01
1.1399025931e+03 3.2408958562e-01
1.1402175932e+03 3.2399500397e-01
1.1405246791e+03 3.2393751827e-01
1.1408212465e+03 3.2384833155e-01
1.1411283046e+03 3.2377247620e-01
1.1414473147e+03 3.2369221361e-01
1.1417678522e+03 3.2368838314e-01
1.1420738961e+03 3.2372421959e-01
1.1423692863e+03 3.2383240454e-01
1.1426645244e+03 3.2394894952e-01
1.1429560648e+03 3.2410203256e-01
1.1432405725e+03 3.2423113641e-01
1.1435355327e+03 3.2438143938e-01
1.1438416486e+03 3.2450591925e-01
1.1441577183e+03 3.2464929503e-01
1.1444753809e+03 3.2475021167e-01
1.1448156456e+03 3.2486992143e-01
1.1451763382e+03 3.2499639758e-01
1.1455395745e+03 3.2519737994e-01
1.1458851177e+03 3.2540637198e-01
1.1462224927e+03 3.2563646423e-01
1.1465569702e+03 3.2583134787e-01
1.1468880193e+03 3.2604774114e-01
1.1472054659e+03 3.2623119858e-01
1.1475089665e+03 3.2640645929e-01
1.1478000672e+03 3.2651500654e-01
1.1480813441e+03 3.2661679449e-01
1.1483442297e+03 3.2668886328e-01
1.1485961535e+03 3.2680145146e-01
1.1488577366e+03 3.2691166431e-01
1.1491688402e+03 3.2705590532e-01
1.1495129575e+03 3.2716289878e-01
1.1498627173e+03 3.2727837296e-01
1.1501944417e+03 3.2736311825e-01
1.1505253856e+03 3.2746369168e-01
1.1508632046e+03 3.2751554342e-01
1.1512067425e+03 3.2756749026e-01
1.1515522575e+03 3.2758497274e-01
1.1519129301e+03 3.2761635386e-01
1.1522804982e+03 3.2759742904e-01
1.1526483229e+03 3.2756229240e-01
1.1530052920e+03 3.2746371871e-01
1.1533774764e+03 3.2736962185e-01
1.1537662915e+03 3.2724957070e-01
1.1541567497e+03 3.2717517134e-01
1.1545195767e+03 3.2712414860e-01
1.1548629224e+03 3.2715641307e-01
1.1552192499e+03 3.2721410437e-01
1.1556184026e+03 3.2731525706e-01
1.1560424975e+03 3.2739272239e-01
1.1564622318e+03 3.2751422636e-01
1.1568413052e+03 3.2765571051e-01
1.1572079568e+03 3.2786340817e-01
1.1575812872e+03 3.2804228554e-01
1.1579751120e+03 3.2820817613e-01
1.1583769929e+03 3.2831390052e-01
1.1587849787e+03 3.2844268014e-01
1.1591917987e+03 3.2857509586e-01
1.1595962703e+03 3.2876047738e-01
1.1599825170e+03 3.2893396730e-01
1.1603498337e+03 3.2914418722e-01
1.1606756480e+03 3.2934774810e-01
1.1610007927e+03 3.2960651221e-01
1.1615132969e+03 3.2992312631e-01
1.1620367382e+03 3.3026980520e-01
1.1625458101e+03 3.3056310830e-01
1.1630201804e+03 3.3081588859e-01
1.1634687770e+03 3.3097740483e-01
1.1639323030e+03 3.3114028529e-01
1.1644213861e+03 3.3129222334e-01
1.1649262823e+03 3.3147395363e-01
1.1654323868e+03 3.3161337678e-01
1.1659402694e+03 3.3177086673e-01
1.1664373830e+03 3.3191794163e-01
1.1669252802e+03 3.3209665001e-01
1.1674066678e+03 3.3222489219e-01
1.1678749503e+03 3.3233309346e-01
1.1683079737e+03 3.3238635989e-01
1.1687143708e+03 3.3246740763e-01
1.1690953146e+03 3.3252957596e-01
1.1694489666e+03 3.3258809357e-01
1.1697706820e+03 3.3256050504e-01
1.1700924332e+03 3.3249693082e-01
1.1704401548e+03 3.3238334309e-01
1.1708041829e+03 3.3229548125e-01
1.1711587164e+03 3.3219124993e-01
1.1715214895e+03 3.3213052534e-01
1.1719013005e+03 3.3208882475e-01
1.1722769038e+03 3.3213599430e-01
1.1725937370e+03 3.3219802066e-01
1.1728559495e+03 3.3228980565e-01
1.1730942621e+03 3.3235282851e-01
1.1733498608e+03 3.3246688284e-01
1.1736336241e+03 3.3259267053e-01
1.1739612168e+03 3.3275710941e-01
1.1743325461e+03 3.3289263939e-01
1.1747485008e+03 3.3306006078e-01
1.1751925980e+03 3.3321691331e-01
1.1756664954e+03 3.3340743522e-01
1.1761600067e+03 3.3357807252e-01
1.1766542910e+03 3.3378774322e-01
1.1771234449e+03 3.3399626392e-01
1.1775601018e+03 3.3424884991e-01
1.1779632467e+03 3.3449604826e-01
1.1783432171e+03 3.3479811447e-01
1.1786918603e+03 3.3510543125e-01
1.1790315405e+03 3.3545018408e-01
1.1793606100e+03 3.3573326794e-01
1.1797040723e+03 3.3598255920e-01
1.1800581734e+03 3.3614939960e-01
1.1804265433e+03 3.3631543795e-01
1.1807955936e+03 3.3644848770e-01
1.1811698296e+03 3.3659736480e-01
1.1816650711e+03 3.3673720915e-01
1.1821717639e+03 3.3688406550e-01
1.1826505382e+03 3.3700210082e-01
1.1831144686e+03 3.3716308806e-01
1.1835773204e+03 3.3731767188e-01
1.1840523957e+03 3.3749547890e-01
1.1845317791e+03 3.3762737087e-01
1.1850154792e+03 3.3776817051e-01
1.1854926285e+03 3.3786968031e-01
1.1859539971e+03 3.3796403846e-01
1.1863899394e+03 3.3796546138e-01
1.1868012912e+03 3.3790274698e-01
1.1871943956e+03 3.3775063935e-01
1.1875944037e+03 3.3762515259e-01
1.1880217678e+03 3.3754760533e-01
1.1884865662e+03 3.3759214021e-01
1.1889651583e+03 3.3766763072e-01
1.1894522645e+03 3.3777807155e-01
1.1899470657e+03 3.3785819254e-01
1.1904567580e+03 3.3797734544e-01
1.1909725452e+03 3.3808594852e-01
1.1914996250e+03 3.3821551215e-01
1.1920406440e+03 3.3832091555e-01
1.1925818678e+03 3.3849250998e-01
1.1930987159e+03 3.3870463810e-01
1.1935967132e+03 3.3897522310e-01
1.1940857631e+03 3.3919900040e-01
1.1945774436e+03 3.3942195902e-01
1.1950466661e+03 3.3962563447e-01
1.1954980942e+03 3.3989078550e-01
1.1959442399e+03 3.4015654484e-01
1.1964016031e+03 3.4045499484e-01
1.1968481222e+03 3.4074423095e-01
1.1972486952e+03 3.4110486988e-01
1.1975936499e+03 3.4148670279e-01
1.1979233565e+03 3.4190048640e-01
1.1982734539e+03 3.4224194627e-01
1.1986745959e+03 3.4254452575e-01
1.1991064906e+03 3.4276751055e-01
1.1995496879e+03 3.4298090134e-01
1.1999811986e+03 3.4313093812e-01
1.2004144106e+03 3.4326297610e-01
1.2008518324e+03 3.4332808821e-01
1.2012932986e+03 3.4339687785e-01
1.2017020995e+03 3.4343906153e-01
1.2020650550e+03 3.4352767148e-01
1.2023820953e+03 3.4360597704e-01
1.2026910788e+03 3.4371318041e-01
1.2029927559e+03 3.4378921765e-01
1.2033384374e+03 3.4389901098e-01
1.2037625148e+03 3.4397410401e-01
1.2041763220e+03 3.4398449651e-01
1.2045753979e+03 3.4385618777e-01
1.2049556118e+03 3.4368445455e-01
1.2053248859e+03 3.4350027537e-01
1.2057091265e+03 3.4339866856e-01
1.2061599273e+03 3.4332755841e-01
1.2066102937e+03 3.4329722507e-01
1.2070380960e+03 3.4324902183e-01
1.2074477112e+03 3.4323027465e-01
1.2078378177e+03 3.4318162885e-01
1.2082190184e+03 3.4317155479e-01
1.2085928548e+03 3.4318106288e-01
1.2089813986e+03 3.4327926046e-01
1.2094618989e+03 3.4342748454e-01
1.2099832637e+03 3.4365429879e-01
1.2105075843e+03 3.4388884370e-01
1.2110351361e+03 3.4416752482e-01
1.2115632917e+03 3.4442362179e-01
1.2120900026e+03 3.4471537643e-01
1.2126001716e+03 3.4500149447e-01
1.2131056569e+03 3.4533108402e-01
1.2136170446e+03 3.4563904188e-01
1.2141183302e+03 3.4596385838e-01
1.2145923837e+03 3.4625299454e-01
1.2150579854e+03 3.4657252034e-01
1.2155131620e+03 3.4687673965e-01
1.2159540146e+03 3.4720808244e-01
1.2163774592e+03 3.4748179715e-01
1.2168199163e+03 3.4773258231e-01
1.2172817836e+03 3.4789956831e-01
1.2177431640e+03 3.4804275112e-01
1.2181659834e+03 3.4812632063e-01
1.2185388639e+03 3.4821210841e-01
1.2188716350e+03 3.4823893890e-01
1.2191988478e+03 3.4825875098e-01
1.2195374328e+03 3.4823799260e-01
1.2199007113e+03 3.4825892418e-01
1.2202615656e+03 3.4827051756e-01
1.2206195443e+03 3.4831287368e-01
1.2209923529e+03 3.4831405662e-01
1.2214135367e+03 3.4831510071e-01
1.2218627074e+03 3.4825041657e-01
1.2223201934e+03 3.4817397623e-01
1.2227811461e+03 3.4804919768e-01
1.2232646990e+03 3.4795230690e-01
1.2237551053e+03 3.4783362090e-01
1.2242556315e+03 3.4775020578e-01
1.2247650101e+03 3.4766235697e-01
1.2252914104e+03 3.4764522814e-01
1.2258069572e+03 3.4764306182e-01
1.2263035786e+03 3.4769193723e-01
1.2267850685e+03 3.4772767345e-01
1.2272636530e+03 3.4781366887e-01
1.2277283748e+03 3.4790834740e-01
1.2281911578e+03 3.4807202526e-01
1.2286520553e+03 3.4825667228e-01
1.2291134756e+03 3.4852597641e-01
1.2295570109e+03 3.4880821122e-01
1.2300010583e+03 3.4913348034e-01
1.2304402178e+03 3.4943557497e-01
1.2308626181e+03 3.4976953337e-01
1.2312344381e+03 3.5007321102e-01
1.2315656345e+03 3.5039303187e-01
1.2318732066e+03 3.5066062810e-01
1.2321886205e+03 3.5092610857e-01
1.2325071188e+03 3.5114339440e-01
1.2328376031e+03 3.5140058774e-01
1.2331712765e+03 3.5166824280e-01
1.2335157339e+03 3.5199142432e-01
1.2340980136e+03 3.5233711148e-01
1.2347221044e+03 3.5264625245e-01
1.2353133960e+03 3.5283537096e-01
1.2358616132e+03 3.5298812023e-01
1.2363528905e+03 3.5307206895e-01
1.2367938592e+03 3.5313888926e-01
1.2371950891e+03 3.5311985075e-01
1.2375898130e+03 3.5308487078e-01
1.2379869494e+03 3.5301280382e-01
1.2384033845e+03 3.5298286995e-01
1.2388319963e+03 3.5292898513e-01
1.2392711433e+03 3.5288117132e-01
1.2397096315e+03 3.5278521315e-01
1.2401529648e+03 3.5272486378e-01
1.2405975841e+03 3.5266071832e-01
1.2410467196e+03 3.5263080403e-01
1.2414871367e+03 3.5254747358e-01
1.2419197942e+03 3.5245248861e-01
1.2423359269e+03 3.5230814747e-01
1.2427264233e+03 3.5219411041e-01
1.2430795069e+03 3.5207309607e-01
1.2434066292e+03 3.5201071611e-01
1.2437210464e+03 3.5196668413e-01
1.2440475331e+03 3.5201187508e-01
1.2443921560e+03 3.5207962059e-01
1.2447682934e+03 3.5220331033e-01
1.2451598774e+03 3.5231200204e-01
1.2455635240e+03 3.5248817125e-01
1.2459641425e+03 3.5270400806e-01
1.2463534925e+03 3.5300502066e-01
1.2467273976e+03 3.5329648395e-01
1.2471070552e+03 3.5360717009e-01
1.2474990395e+03 3.5388675090e-01
1.2478959725e+03 3.5420057685e-01
1.2482597804e+03 3.5448716672e-01
1.2485952125e+03 3.5479454780e-01
1.2489302577e+03 3.5505776700e-01
1.2492971119e+03 3.5532982286e-01
1.2496735969e+03 3.5555626172e-01
1.2500478996e+03 3.5580773892e-01
1.2504141648e+03 3.5604324679e-01
1.2507928082e+03 3.5632042561e-01
1.2511820612e+03 3.5655225871e-01
1.2515877794e+03 3.5675534514e-01
1.2519870685e+03 3.5686097799e-01
1.2523708773e+03 3.5694989752e-01
1.2527242787e+03 3.5698073731e-01
1.2530689728e+03 3.5700448811e-01
1.2534100809e+03 3.5694502785e-01
1.2537671402e+03 3.5687123236e-01
1.2541408436e+03 3.5675812027e-01
1.2545512751e+03 3.5668729321e-01
1.2549807116e+03 3.5660254728e-01
1.2554099300e+03 3.5654847670e-01
1.2558114969e+03 3.5645922808e-01
1.2562051551e+03 3.5640227334e-01
1.2565856417e+03 3.5632968049e-01
1.2569661148e+03 3.5630324868e-01
1.2573517973e+03 3.5626431121e-01
1.2577588824e+03 3.5627893096e-01
1.2581626717e+03 3.5628543580e-01
1.2585534432e+03 3.5632605053e-01
1.2589250432e+03 3.5634314361e-01
1.2592972347e+03 3.5641248158e-01
1.2596556515e+03 3.5648874413e-01
1.2600070801e+03 3.5662394090e-01
1.2603485590e+03 3.5674218440e-01
1.2607008312e+03 3.5690117549e-01
1.2610522919e+03 3.5704610469e-01
1.2614089705e+03 3.5723652574e-01
1.2617594038e+03 3.5740322153e-01
1.2621118464e+03 3.5760235660e-01
1.2624555020e+03 3.5779357418e-01
1.2627818129e+03 3.5805206578e-01
1.2630597437e+03 3.5830936600e-01
1.2633059734e+03 3.5859531624e-01
1.2635363776e+03 3.5882834490e-01
1.2637994522e+03 3.5907063940e-01
1.2641043608e+03 3.5926820628e-01
1.2646368475e+03 3.5954873957e-01
1.2651627962e+03 3.5980472549e-01
1.2656751435e+03 3.6010959822e-01
1.2661643642e+03 3.6039363827e-01
1.2666278129e+03 3.6068328427e-01
1.2670480367e+03 3.6089359671e-01
1.2674243552e+03 3.6107048143e-01
1.2677622928e+03 3.6115758635e-01
1.2680897064e+03 3.6121854940e-01
1.2683972192e+03 3.6119067315e-01
1.2686911905e+03 3.6113484237e-01
1.2689840067e+03 3.6100936451e-01
1.2692988193e+03 3.6089879639e-01
1.2696281951e+03 3.6075776405e-01
1.2699663729e+03 3.6064154313e-01
1.2702964385e+03 3.6050029094e-01
1.2706117794e+03 3.6041035238e-01
1.2709054114e+03 3.6031686338e-01
1.2711995557e+03 3.6026688557e-01
1.2714882698e+03 3.6019161773e-01
1.2717725154e+03 3.6015418945e-01
1.2720325628e+03 3.6009079361e-01
1.2722831233e+03 3.6006497227e-01
1.2725354858e+03 3.6003847746e-01
1.2728126574e+03 3.6008263507e-01
1.2731136397e+03 3.6012641197e-01
1.2734290293e+03 3.6020780519e-01
1.2737354289e+03 3.6026219449e-01
1.2740417756e+03 3.6035853228e-01
1.2743551848e+03 3.6044681495e-01
1.2746914446e+03 3.6058844967e-01
1.2750338073e+03 3.6071484627e-01
1.2753796127e+03 3.6088147397e-01
1.2757237356e+03 3.6102961814e-01
1.2760785156e+03 3.6123689270e-01
1.2764207150e+03 3.6145866693e-01
1.2767500474e+03 3.6175295291e-01
1.2770568519e+03 3.6202777522e-01
1.2773546224e+03 3.6230682583e-01
1.2776382897e+03 3.6251664458e-01
1.2779256981e+03 3.6274232259e-01
1.2782249423e+03 3.6295977057e-01
1.2785496809e+03 3.6323894446e-01
1.2788927823e+03 3.6350274754e-01
1.2792743279e+03 3.6378635232e-01
1.2796764303e+03 3.6400549713e-01
1.2800726659e+03 3.6421581972e-01
1.2804321915e+03 3.6435783896e-01
1.2807913691e+03 3.6449092171e-01
1.2811604282e+03 3.6454410685e-01
1.2815302165e+03 3.6457023343e-01
1.2818739260e+03 3.6451083989e-01
1.2822121162e+03 3.6443923312e-01
1.2825367147e+03 3.6431419918e-01
1.2828456265e+03 3.6421889886e-01
1.2831374702e+03 3.6409484578e-01
1.2834508490e+03 3.6400097835e-01
1.2837770002e+03 3.6389200303e-01
1.2841261817e+03 3.6386480467e-01
1.2845077052e+03 3.6386557351e-01
1.2849473842e+03 3.6393522512e-01
1.2854132396e+03 3.6399090408e-01
1.2858789526e+03 3.6408224200e-01
1.2863125077e+03 3.6414273966e-01
1.2867349646e+03 3.6424714051e-01
1.2871646467e+03 3.6434814862e-01
1.2876357777e+03 3.6449901174e-01
1.2881226948e+03 3.6460788769e-01
1.2886122540e+03 3.6472934058e-01
1.2890877919e+03 3.6481528964e-01
1.2895665758e+03 3.6494089640e-01
1.2900272223e+03 3.6504545411e-01
1.2904680488e+03 3.6519988303e-01
1.2908721736e+03 3.6535321678e-01
1.2912553761e+03 3.6557196246e-01
1.2916123733e+03 3.6578279995e-01
1.2919716407e+03 3.6603429035e-01
1.2923328133e+03 3.6625796577e-01
1.2927045125e+03 3.6652222170e-01
1.2930733232e+03 3.6675696408e-01
1.2934738267e+03 3.6701358607e-01
1.2939149481e+03 3.6722879865e-01
1.2945741436e+03 3.6754980683e-01
1.2952235654e+03 3.6787478270e-01
1.2958663004e+03 3.6825686770e-01
1.2964874112e+03 3.6859644973e-01
1.2970817798e+03 3.6892591898e-01
1.2976276892e+03 3.6918485828e-01
1.2981304141e+03 3.6943921449e-01
1.2985899322e+03 3.6961028578e-01
1.2990448557e+03 3.6974490722e-01
1.2994973631e+03 3.6977533896e-01
1.2999552971e+03 3.6978452137e-01
1.3004090574e+03 3.6973717941e-01
1.3008659057e+03 3.6971457407e-01
1.3013254169e+03 3.6966243720e-01
1.3018019122e+03 3.6964714556e-01
1.3022732404e+03 3.6960921311e-01
1.3027300029e+03 3.6961911195e-01
1.3031557836e+03 3.6961511108e-01
1.3035930403e+03 3.6964920877e-01
1.3040553256e+03 3.6965113344e-01
1.3045335385e+03 3.6971423501e-01
1.3049790536e+03 3.6980407271e-01
1.3053903845e+03 3.6995781874e-01
1.3057926893e+03 3.7006046457e-01
1.3062331756e+03 3.7016159993e-01
1.3066961292e+03 3.7022077668e-01
1.3071700449e+03 3.7031838260e-01
1.3076327914e+03 3.7038633675e-01
1.3080963902e+03 3.7048696518e-01
1.3085498171e+03 3.7056473830e-01
1.3089978476e+03 3.7068987723e-01
1.3094227915e+03 3.7080134663e-01
1.3098299430e+03 3.7097811560e-01
1.3102064495e+03 3.7116650486e-01
1.3105791393e+03 3.7142268754e-01
1.3109496872e+03 3.7164310896e-01
1.3113491658e+03 3.7186346712e-01
1.3117651643e+03 3.7202624032e-01
1.3121859914e+03 3.7222820745e-01
1.3125818022e+03 3.7242261425e-01
1.3129731648e+03 3.7266469315e-01
1.3133774184e+03 3.7286912724e-01
1.3138269726e+03 3.7309736781e-01
1.3143000224e+03 3.7331012973e-01
1.3147742771e+03 3.7359812446e-01
1.3152083509e+03 3.7388278957e-01
1.3156258110e+03 3.7418018211e-01
1.3160482287e+03 3.7438549937e-01
1.3165120633e+03 3.7456394436e-01
1.3169885430e+03 3.7466810380e-01
1.3174673776e+03 3.7477589705e-01
1.3179298711e+03 3.7482261187e-01
1.3184035103e+03 3.7488244871e-01
1.3188705913e+03 3.7489703844e-01
1.3193317324e+03 3.7493438013e-01
1.3197617700e+03 3.7491893044e-01
1.3201692276e+03 3.7491706071e-01
1.3205982984e+03 3.7489268439e-01
1.3210865876e+03 3.7492656794e-01
1.3215502130e+03 3.7492912886e-01
1.3220005184e+03 3.7496861433e-01
1.3224316184e+03 3.7498921899e-01
1.3228769454e+03 3.7506537357e-01
1.3233569568e+03 3.7515011180e-01
1.3238871914e+03 3.7532097926e-01
1.3244545066e+03 3.7549142440e-01
1.3250487854e+03 3.7566997600e-01
1.3256183990e+03 3.7575117372e-01
1.3261336957e+03 3.7581436857e-01
1.3265774069e+03 3.7582417203e-01
1.3269868627e+03 3.7586003144e-01
1.3273745175e+03 3.7585459169e-01
1.3277573392e+03 3.7588812241e-01
1.3281344951e+03 3.7593121141e-01
1.3285378381e+03 3.7608075989e-01
1.3289717265e+03 3.7625726432e-01
1.3294432723e+03 3.7647828249e-01
1.3299196851e+03 3.7665137404e-01
1.3303920870e+03 3.7686781449e-01
1.3308512510e+03 3.7709891789e-01
1.3313298320e+03 3.7740018176e-01
1.3318352957e+03 3.7765941287e-01
1.3323683278e+03 3.7791801921e-01
1.3329071301e+03 3.7812827619e-01
1.3334631803e+03 3.7837986480e-01
1.3340050430e+03 3.7859715014e-01
1.3345223202e+03 3.7883793487e-01
1.3349768808e+03 3.7903801661e-01
1.3353863572e+03 3.7926853070e-01
1.3357769593e+03 3.7944486309e-01
1.3361903249e+03 3.7960639122e-01
1.3366161843e+03 3.7967553841e-01
1.3370579346e+03 3.7973801491e-01
1.3375026766e+03 3.7975098684e-01
1.3379584784e+03 3.7978940675e-01
1.3383915430e+03 3.7978147519e-01
1.3388015839e+03 3.7979477136e-01
1.3391615525e+03 3.7976982795e-01
1.3394892455e+03 3.7978939140e-01
1.3397937692e+03 3.7978197091e-01
1.3401130790e+03 3.7979793517e-01
1.3404493356e+03 3.7976439202e-01
1.3408260583e+03 3.7976923720e-01
1.3412172546e+03 3.7976369038e-01
1.3416071279e+03 3.7981749568e-01
1.3419735388e+03 3.7986398930e-01
1.3423553657e+03 3.7997704513e-01
1.3427503925e+03 3.8007665928e-01
1.3431502509e+03 3.8019215581e-01
1.3435233816e+03 3.8022396627e-01
1.3438936550e+03 3.8025050225e-01
1.3442542045e+03 3.8023326857e-01
1.3446137425e+03 3.8025964269e-01
1.3449602249e+03 3.8026190649e-01
1.3453373442e+03 3.8033193183e-01
1.3457236890e+03 3.8042547566e-01
1.3461134566e+03 3.8061653251e-01
1.3464967773e+03 3.8081785647e-01
1.3469058812e+03 3.8107269913e-01
1.3473252534e+03 3.8129043334e-01
1.3477503900e+03 3.8152757514e-01
1.3481526971e+03 3.8172069354e-01
1.3485389238e+03 3.8195379103e-01
1.3488975367e+03 3.8216457494e-01
1.3492749435e+03 3.8241923980e-01
1.3496649349e+03 3.8262164239e-01
1.3500797844e+03 3.8282331250e-01
1.3504955531e+03 3.8296292823e-01
1.3509219660e+03 3.8313504279e-01
1.3513318201e+03 3.8328430061e-01
1.3517274291e+03 3.8346866592e-01
1.3520929870e+03 3.8358904616e-01
1.3524661821e+03 3.8370062656e-01
1.3528475077e+03 3.8373869215e-01
1.3533213357e+03 3.8380382319e-01
1.3537817343e+03 3.8379498388e-01
1.3542276479e+03 3.8379050573e-01
1.3546617611e+03 3.8377061146e-01
1.3551092713e+03 3.8385198356e-01
1.3555685034e+03 3.8396909041e-01
1.3560461508e+03 3.8414895475e-01
1.3565267615e+03 3.8427353121e-01
1.3570241928e+03 3.8439346005e-01
1.3575197094e+03 3.8444921359e-01
1.3580037824e+03 3.8451912342e-01
1.3584505743e+03 3.8452774155e-01
1.3588880463e+03 3.8455980084e-01
1.3593277943e+03 3.8458729303e-01
1.3597995950e+03 3.8470912932e-01
1.3602808925e+03 3.8483893716e-01
1.3607543514e+03 3.8500409559e-01
1.3611889705e+03 3.8510024849e-01
1.3616080538e+03 3.8518293741e-01
1.3620259163e+03 3.8520055796e-01
1.3624600559e+03 3.8525833050e-01
1.3628900687e+03 3.8530319019e-01
1.3633399300e+03 3.8541253383e-01
1.3638083759e+03 3.8553336168e-01
1.3643174465e+03 3.8576932833e-01
1.3648358588e+03 3.8604731285e-01
1.3653583328e+03 3.8638916832e-01
1.3658649582e+03 3.8667201956e-01
1.3663672334e+03 3.8695295894e-01
1.3668541309e+03 3.8718210771e-01
1.3673417288e+03 3.8744274413e-01
1.3678176684e+03 3.8765602751e-01
1.3682908792e+03 3.8787707526e-01
1.3687286498e+03 3.8801909752e-01
1.3691597170e+03 3.8817215303e-01
1.3695867493e+03 3.8829669900e-01
1.3700403574e+03 3.8848146042e-01
1.3705014738e+03 3.8863911371e-01
1.3709613769e+03 3.8881860633e-01
1.3713844501e+03 3.8894766396e-01
1.3717817192e+03 3.8909986935e-01
1.3721624357e+03 3.8918402894e-01
1.3725630937e+03 3.8924757920e-01
1.3729495426e+03 3.8922418709e-01
1.3733224594e+03 3.8922804782e-01
1.3736608671e+03 3.8922691563e-01
1.3739908742e+03 3.8931584079e-01
1.3742947525e+03 3.8941463339e-01
1.3745856619e+03 3.8955733267e-01
1.3748687176e+03 3.8962551084e-01
1.3751919549e+03 3.8967025086e-01
1.3755540836e+03 3.8962843613e-01
1.3759694036e+03 3.8960178085e-01
1.3763901725e+03 3.8953808985e-01
1.3767975633e+03 3.8953079587e-01
1.3771471455e+03 3.8951698395e-01
1.3774642404e+03 3.8956168500e-01
1.3777497759e+03 3.8957154891e-01
1.3780376214e+03 3.8961111620e-01
1.3783246862e+03 3.8960850354e-01
1.3786313397e+03 3.8963157426e-01
1.3789368150e+03 3.8960119145e-01
1.3792594821e+03 3.8960759579e-01
1.3795771566e+03 3.8960417585e-01
1.3799063775e+03 3.8969705757e-01
1.3802143190e+03 3.8982561315e-01
1.3805121914e+03 3.9005525076e-01
1.3807780657e+03 3.9027823701e-01
1.3810336115e+03 3.9052877573e-01
1.3812933910e+03 3.9071393757e-01
1.3816107252e+03 3.9090281653e-01
1.3819704979e+03 3.9102493615e-01
1.3823734163e+03 3.9115996437e-01
1.3827902624e+03 3.9123887225e-01
1.3832389957e+03 3.9135691958e-01
1.3836649742e+03 3.9145140317e-01
1.3840653244e+03 3.9159784205e-01
1.3844338454e+03 3.9170478469e-01
1.3848086547e+03 3.9182787188e-01
1.3851643885e+03 3.9188348226e-01
1.3855034632e+03 3.9195542930e-01
1.3858097708e+03 3.9199308983e-01
1.3861161087e+03 3.9208036979e-01
1.3864138660e+03 3.9212196821e-01
1.3867451124e+03 3.9218086695e-01
1.3870981750e+03 3.9219417986e-01
1.3875219078e+03 3.9227987711e-01
1.3879576854e+03 3.9236112100e-01
1.3883813619e+03 3.9249139335e-01
1.3888004908e+03 3.9259229374e-01
1.3892263641e+03 3.9272622093e-01
1.3896376129e+03 3.9279865869e-01
1.3900447626e+03 3.9286462114e-01
1.3904268135e+03 3.9285140488e-01
1.3908024126e+03 3.9285193221e-01
1.3911694171e+03 3.9281561208e-01
1.3915560547e+03 3.9283395491e-01
1.3919425493e+03 3.9282248106e-01
1.3923226777e+03 3.9282458985e-01
1.3926587747e+03 3.9274292611e-01
1.3929626255e+03 3.9267618356e-01
1.3932528287e+03 3.9259422380e-01
1.3935955758e+03 3.9260072906e-01
1.3939969243e+03 3.9261931031e-01
1.3944493537e+03 3.9271573676e-01
1.3949057384e+03 3.9282760465e-01
1.3953865115e+03 3.9305514280e-01
1.3958985083e+03 3.9332764984e-01
1.3964512233e+03 3.9368295098e-01
1.3970031523e+03 3.9399280079e-01
1.3975452815e+03 3.9430262876e-01
1.3980315825e+03 3.9452016897e-01
1.3984652704e+03 3.9471997648e-01
1.3988552661e+03 3.9483195776e-01
1.3992733920e+03 3.9495296839e-01
1.3997080787e+03 3.9502909756e-01
1.4001506649e+03 3.9514752460e-01
1.4005810952e+03 3.9523407360e-01
1.4010253563e+03 3.9536373388e-01
1.4014606045e+03 3.9545987070e-01
1.4018844600e+03 3.9560199781e-01
1.4022651962e+03 3.9571299429e-01
1.4026328314e+03 3.9587347888e-01
1.4029802225e+03 3.9599728851e-01
1.4033411925e+03 3.9615861959e-01
1.4036951344e+03 3.9627799601e-01
1.4040556335e+03 3.9642197585e-01
1.4044231125e+03 3.9650681595e-01
1.4048303876e+03 3.9661239718e-01
1.4052515894e+03 3.9667187026e-01
1.4056715945e+03 3.9677036082e-01
1.4060578503e+03 3.9683370392e-01
1.4064566885e+03 3.9694954983e-01
1.4068692556e+03 3.9704759022e-01
1.4073116694e+03 3.9720493750e-01
1.4077327780e+03 3.9732105403e-01
1.4081351983e+03 3.9744743170e-01
1.4085058603e+03 3.9748708890e-01
1.4088679252e+03 3.9750772536e-01
1.4092097851e+03 3.9743178233e-01
1.4095731498e+03 3.9735716554e-01
1.4099625754e+03 3.9723536382e-01
1.4104100044e+03 3.9717557505e-01
1.4108798860e+03 3.9711118504e-01
1.4113860872e+03 3.9712674068e-01
1.4118945690e+03 3.9714569827e-01
1.4123963118e+03 3.9725845586e-01
1.4128342417e+03 3.9739050369e-01
1.4132204543e+03 3.9761395891e-01
1.4135694658e+03 3.9784001908e-01
1.4139430484e+03 3.9813459472e-01
1.4143345341e+03 3.9839867127e-01
1.4147411524e+03 3.9869039709e-01
1.4151197401e+03 3.9891473308e-01
1.4155071438e+03 3.9914010098e-01
1.4158980090e+03 3.9927942240e-01
1.4163063990e+03 3.9942120296e-01
1.4166850835e+03 3.9950002425e-01
1.4170519217e+03 3.9960864286e-01
1.4173993278e+03 3.9967668551e-01
1.4177707242e+03 3.9980436062e-01
1.4181506760e+03 3.9992241959e-01
1.4185568874e+03 4.0010390902e-01
1.4189597296e+03 4.0025096081e-01
1.4193778926e+03 4.0044011717e-01
1.4197786503e+03 4.0059431504e-01
1.4201813004e+03 4.0079170287e-01
1.4205760358e+03 4.0093496127e-01
1.4210079612e+03 4.0109111892e-01
1.4214485150e+03 4.0117058354e-01
1.4219288429e+03 4.0127487603e-01
1.4224788044e+03 4.0136568657e-01
1.4230117541e+03 4.0151384495e-01
1.4235208544e+03 4.0165276342e-01
1.4240316238e+03 4.0185801706e-01
1.4245228868e+03 4.0204080596e-01
1.4249928613e+03 4.0225781327e-01
1.4254252564e+03 4.0240108893e-01
1.4258708393e+03 4.0252497908e-01
1.4263215918e+03 4.0252964585e-01
1.4267821103e+03 4.0250000478e-01
1.4272384482e+03 4.0238173580e-01
1.4277372076e+03 4.0230495790e-01
1.4282678184e+03 4.0223067090e-01
1.4288313293e+03 4.0226385927e-01
1.4293968693e+03 4.0233022205e-01
1.4299690085e+03 4.0249284563e-01
1.4305081060e+03 4.0264947868e-01
1.4310302915e+03 4.0287224625e-01
1.4315186593e+03 4.0308373044e-01
1.4319918864e+03 4.0337047547e-01
1.4324346162e+03 4.0363548091e-01
1.4328908932e+03 4.0394282698e-01
1.4333555041e+03 4.0420069979e-01
1.4338421135e+03 4.0449358225e-01
1.4343172303e+03 4.0473205379e-01
1.4347942494e+03 4.0497694834e-01
1.4352523798e+03 4.0513425139e-01
1.4357199631e+03 4.0529389372e-01
1.4361822121e+03 4.0540200099e-01
1.4366543986e+03 4.0556774090e-01
1.4371008846e+03 4.0571528274e-01
1.4375467918e+03 4.0591576533e-01
1.4379769814e+03 4.0607493915e-01
1.4384174227e+03 4.0627813623e-01
1.4388485067e+03 4.0644440548e-01
1.4392913000e+03 4.0665262350e-01
1.4397076833e+03 4.0680169513e-01
1.4401023500e+03 4.0695677286e-01
1.4404688989e+03 4.0704110995e-01
1.4408792369e+03 4.0716557793e-01
1.4413147172e+03 4.0726350112e-01
1.4417550688e+03 4.0740846907e-01
1.4421593126e+03 4.0750283965e-01
1.4425738947e+03 4.0763197153e-01
1.4429963838e+03 4.0772667368e-01
1.4434463677e+03 4.0788244381e-01
1.4438764744e+03 4.0800185653e-01
1.4443007319e+03 4.0814980946e-01
1.4446999161e+03 4.0821563290e-01
1.4451167256e+03 4.0826479662e-01
1.4455179613e+03 4.0820764300e-01
1.4459146055e+03 4.0814669421e-01
1.4462897555e+03 4.0803522109e-01
1.4466801924e+03 4.0799044944e-01
1.4470592845e+03 4.0794849553e-01
1.4474357281e+03 4.0799783244e-01
1.4477811153e+03 4.0804440131e-01
1.4481327066e+03 4.0816785738e-01
1.4484734211e+03 4.0827879538e-01
1.4488468144e+03 4.0846767061e-01
1.4492373706e+03 4.0864916260e-01
1.4496647915e+03 4.0889475448e-01
1.4500780827e+03 4.0909009302e-01
1.4504782495e+03 4.0930870441e-01
1.4508380303e+03 4.0948720194e-01
1.4512549484e+03 4.0974372135e-01
1.4517367016e+03 4.0997843874e-01
1.4522075593e+03 4.1020519535e-01
1.4526445387e+03 4.1032453118e-01
1.4530724627e+03 4.1045578879e-01
1.4534806878e+03 4.1056496781e-01
1.4539126678e+03 4.1076007920e-01
1.4543658773e+03 4.1094235937e-01
1.4548517190e+03 4.1117545468e-01
1.4553364014e+03 4.1136505473e-01
1.4558509592e+03 4.1159782359e-01
1.4563942085e+03 4.1179243161e-01
1.4569805700e+03 4.1202403389e-01
1.4575628699e+03 4.1219362152e-01
1.4581401717e+03 4.1238246246e-01
1.4586963517e+03 4.1252244918e-01
1.4592696997e+03 4.1271941503e-01
1.4598341577e+03 4.1288195439e-01
1.4603988976e+03 4.1307882343e-01
1.4609390084e+03 4.1321393033e-01
1.4614912647e+03 4.1338352866e-01
1.4620334161e+03 4.1351473774e-01
1.4625877292e+03 4.1369641204e-01
1.4631362635e+03 4.1382168604e-01
1.4637008718e+03 4.1394727493e-01
1.4642446964e+03 4.1398646737e-01
1.4647751170e+03 4.1404903195e-01
1.4652761611e+03 4.1406422112e-01
1.4657985103e+03 4.1411311021e-01
1.4663159895e+03 4.1410069164e-01
1.4668198136e+03 4.1412718993e-01
1.4672534209e+03 4.1412858470e-01
1.4676571886e+03 4.1420744954e-01
1.4680522226e+03 4.1427442549e-01
1.4684899442e+03 4.1441801243e-01
1.4689496118e+03 4.1456390151e-01
1.4694509222e+03 4.1480042578e-01
1.4699477773e+03 4.1501046258e-01
1.4704515849e+03 4.1524451300e-01
1.4709467627e+03 4.1540483081e-01
1.4714816756e+03 4.1560084183e-01
1.4720093331e+03 4.1575792160e-01
1.4725269030e+03 4.1596577867e-01
1.4730061999e+03 4.1613473389e-01
1.4734985486e+03 4.1634892212e-01
1.4740078775e+03 4.1651109252e-01
1.4745636694e+03 4.1670767536e-01
1.4751271390e+03 4.1686072042e-01
1.4757312126e+03 4.1706778703e-01
1.4763402789e+03 4.1722665518e-01
1.4769555711e+03 4.1741562766e-01
1.4775175567e+03 4.1754943014e-01
1.4780662440e+03 4.1773200810e-01
1.4785987518e+03 4.1787470614e-01
1.4791624098e+03 4.1806073368e-01
1.4797248678e+03 4.1819486915e-01
1.4802960952e+03 4.1837719118e-01
1.4808302917e+03 4.1852745016e-01
1.4813535267e+03 4.1872283785e-01
1.4818264203e+03 4.1885010027e-01
1.4823390600e+03 4.1902422738e-01
1.4828670504e+03 4.1917440551e-01
1.4833737911e+03 4.1936993350e-01
1.4838293588e+03 4.1949960764e-01
1.4842491325e+03 4.1962494484e-01
1.4846122844e+03 4.1964918757e-01
1.4849677264e+03 4.1968345804e-01
1.4853142800e+03 4.1967000604e-01
1.4856869976e+03 4.1971457611e-01
1.4860705122e+03 4.1972126389e-01
1.4864889195e+03 4.1976222382e-01
1.4869206119e+03 4.1975037558e-01
1.4873911715e+03 4.1978795864e-01
1.4878905263e+03 4.1979466774e-01
1.4884439713e+03 4.1987037206e-01
1.4889890623e+03 4.1993768589e-01
1.4895252526e+03 4.2009549643e-01
1.4900270691e+03 4.2023851846e-01
1.4905445668e+03 4.2043010301e-01
1.4910720590e+03 4.2056167312e-01
1.4916357820e+03 4.2072287736e-01
1.4921916582e+03 4.2083367177e-01
1.4927191730e+03 4.2097905025e-01
1.4931899198e+03 4.2106084972e-01
1.4936803549e+03 4.2118842920e-01
1.4941966995e+03 4.2130959979e-01
1.4947680793e+03 4.2153680248e-01
1.4953545488e+03 4.2176358682e-01
1.4959715310e+03 4.2205150057e-01
1.4965659300e+03 4.2228326825e-01
1.4971380733e+03 4.2255097470e-01
1.4976580057e+03 4.2277560373e-01
1.4981747364e+03 4.2304511774e-01
1.4986738360e+03 4.2324783638e-01
1.4991668345e+03 4.2346327943e-01
1.4996025423e+03 4.2360839504e-01
1.5000065785e+03 4.2378934860e-01
1.5003731763e+03 4.2392269896e-01
1.5007444002e+03 4.2410022850e-01
1.5010910767e+03 4.2421694327e-01
1.5014638753e+03 4.2435280048e-01
1.5018593651e+03 4.2442069450e-01
1.5023134954e+03 4.2453687871e-01
1.5027635972e+03 4.2461993138e-01
1.5032115537e+03 4.2476262508e-01
1.5036316929e+03 4.2485992038e-01
1.5040720767e+03 4.2498012617e-01
1.5045124372e+03 4.2499715888e-01
1.5049881742e+03 4.2499404327e-01
1.5054752353e+03 4.2490865983e-01
1.5059911779e+03 4.2488091252e-01
1.5064696155e+03 4.2485032429e-01
1.5069384832e+03 4.2492074348e-01
1.5073886564e+03 4.2497430114e-01
1.5078674884e+03 4.2506635583e-01
1.5083352965e+03 4.2508402908e-01
1.5088130205e+03 4.2514646005e-01
1.5092728961e+03 4.2519264901e-01
1.5097509176e+03 4.2531943628e-01
1.5102129973e+03 4.2540400983e-01
1.5106841048e+03 4.2551529163e-01
1.5111253798e+03 4.2556314702e-01
1.5115601915e+03 4.2566203204e-01
1.5119588967e+03 4.2572333158e-01
1.5123826837e+03 4.2583046114e-01
1.5128215764e+03 4.2587918514e-01
1.5132956085e+03 4.2598106006e-01
1.5137447986e+03 4.2606771288e-01
1.5141945014e+03 4.2625582625e-01
1.5146147946e+03 4.2644698490e-01
1.5150383589e+03 4.2671526646e-01
1.5154357035e+03 4.2695055159e-01
1.5158409684e+03 4.2723894706e-01
1.5162178950e+03 4.2747168900e-01
1.5165983216e+03 4.2773023794e-01
1.5169556547e+03 4.2790586677e-01
1.5173272244e+03 4.2810200681e-01
1.5177844270e+03 4.2826802693e-01
1.5182334109e+03 4.2846509338e-01
1.5186403841e+03 4.2858697050e-01
1.5190419847e+03 4.2873072001e-01
1.5194233616e+03 4.2882244098e-01
1.5198226408e+03 4.2896333742e-01
1.5202092912e+03 4.2904689051e-01
1.5206043665e+03 4.2916301697e-01
1.5209907750e+03 4.2922861216e-01
1.5214075751e+03 4.2934320566e-01
1.5218061743e+03 4.2937835546e-01
1.5221932473e+03 4.2939889339e-01
1.5225470183e+03 4.2931187356e-01
1.5229129689e+03 4.2924574019e-01
1.5232579674e+03 4.2914398745e-01
1.5235992106e+03 4.2912605448e-01
1.5239267521e+03 4.2910349224e-01
1.5242927275e+03 4.2916275855e-01
1.5246755975e+03 4.2919648851e-01
1.5250875669e+03 4.2929544602e-01
1.5254849686e+03 4.2936058891e-01
1.5259049183e+03 4.2949178458e-01
1.5263236629e+03 4.2958876720e-01
1.5267564949e+03 4.2973213498e-01
1.5271550452e+03 4.2979588468e-01
1.5275508158e+03 4.2985535051e-01
1.5279296942e+03 4.2982476439e-01
1.5283297388e+03 4.2983738013e-01
1.5287297799e+03 4.2981837419e-01
1.5291766081e+03 4.2986800441e-01
1.5296464697e+03 4.2989475805e-01
1.5301552706e+03 4.3001281384e-01
1.5306426053e+03 4.3012936769e-01
1.5311314915e+03 4.3033950713e-01
1.5316047729e+03 4.3055243743e-01
1.5320962584e+03 4.3087307161e-01
1.5325542432e+03 4.3118442267e-01
1.5329801029e+03 4.3155254122e-01
1.5333365942e+03 4.3185513411e-01
1.5336671219e+03 4.3217582043e-01
1.5339548140e+03 4.3240125663e-01
1.5342559757e+03 4.3262769894e-01
1.5345531809e+03 4.3276262577e-01
1.5348796729e+03 4.3291316615e-01
1.5352066157e+03 4.3298407817e-01
1.5355810513e+03 4.3308285829e-01
1.5359827862e+03 4.3313024927e-01
1.5364439681e+03 4.3324607719e-01
1.5369203060e+03 4.3333148003e-01
1.5374219317e+03 4.3346876313e-01
1.5378884833e+03 4.3354381872e-01
1.5383433704e+03 4.3365601908e-01
1.5387632972e+03 4.3369192321e-01
1.5392137466e+03 4.3373286415e-01
1.5396737520e+03 4.3367455794e-01
1.5401606321e+03 4.3363798917e-01
1.5406237640e+03 4.3355909755e-01
1.5410887175e+03 4.3357326311e-01
1.5415003846e+03 4.3359617415e-01
1.5418875277e+03 4.3372343445e-01
1.5422535564e+03 4.3382876938e-01
1.5426798090e+03 4.3398897304e-01
1.5431298534e+03 4.3408620920e-01
1.5436116420e+03 4.3422336284e-01
1.5440562020e+03 4.3430572151e-01
1.5444830493e+03 4.3442124277e-01
1.5448729754e+03 4.3444182691e-01
1.5452822973e+03 4.3445966437e-01
1.5456788365e+03 4.3440072032e-01
1.5461009620e+03 4.3440812663e-01
1.5465209147e+03 4.3439502696e-01
1.5469724291e+03 4.3447197622e-01
1.5473981606e+03 4.3454780635e-01
1.5478454332e+03 4.3473470194e-01
1.5482885922e+03 4.3491142160e-01
1.5487589918e+03 4.3515866312e-01
1.5492041312e+03 4.3537432919e-01
1.5496496738e+03 4.3567939637e-01
1.5500562206e+03 4.3597776766e-01
1.5504625502e+03 4.3635196571e-01
1.5508331359e+03 4.3666156146e-01
1.5512149623e+03 4.3698142082e-01
1.5515866106e+03 4.3719447382e-01
1.5519978029e+03 4.3740695408e-01
1.5523913890e+03 4.3752210091e-01
1.5528775693e+03 4.3768574505e-01
1.5533578416e+03 4.3778370260e-01
1.5538286720e+03 4.3790908869e-01
1.5542741844e+03 4.3796552159e-01
1.5547237772e+03 4.3806026415e-01
1.5551302739e+03 4.3809222829e-01
1.5555441999e+03 4.3817351022e-01
1.5559699963e+03 4.3821238129e-01
1.5564543136e+03 4.3831271421e-01
1.5569382395e+03 4.3835679230e-01
1.5574429418e+03 4.3843225085e-01
1.5579249666e+03 4.3842287368e-01
1.5584137130e+03 4.3843711700e-01
1.5588726579e+03 4.3839056582e-01
1.5593642141e+03 4.3842337466e-01
1.5598715755e+03 4.3845521353e-01
1.5603985638e+03 4.3858229859e-01
1.5608678930e+03 4.3866733515e-01
1.5613241645e+03 4.3879495131e-01
1.5617682224e+03 4.3886169926e-01
1.5622447385e+03 4.3897009146e-01
1.5627069807e+03 4.3900232995e-01
1.5631997779e+03 4.3906119024e-01
1.5637028350e+03 4.3905914145e-01
1.5642492883e+03 4.3911420233e-01
1.5647895223e+03 4.3911639279e-01
1.5653496859e+03 4.3917775032e-01
1.5658982203e+03 4.3922840371e-01
1.5664716884e+03 4.3940367285e-01
1.5670302446e+03 4.3958590382e-01
1.5676182551e+03 4.3984509186e-01
1.5682034698e+03 4.4004920358e-01
1.5687981510e+03 4.4030702186e-01
1.5693283650e+03 4.4053635096e-01
1.5698216070e+03 4.4086399598e-01
1.5702683212e+03 4.4118215796e-01
1.5707349420e+03 4.4157773587e-01
1.5711882882e+03 4.4190900357e-01
1.5716700136e+03 4.4226051148e-01
1.5721508186e+03 4.4250977686e-01
1.5726757315e+03 4.4275697449e-01
1.5731966395e+03 4.4289164576e-01
1.5737491831e+03 4.4304121011e-01
1.5742885211e+03 4.4313110008e-01
1.5748398090e+03 4.4327941360e-01
1.5753754265e+03 4.4336759125e-01
1.5759390037e+03 4.4349295609e-01
1.5764625966e+03 4.4354790706e-01
1.5769597341e+03 4.4364743480e-01
1.5774020769e+03 4.4368547003e-01
1.5778604467e+03 4.4377570742e-01
1.5782980549e+03 4.4380327293e-01
1.5787639310e+03 4.4387397631e-01
1.5792150772e+03 4.4388263436e-01
1.5796807279e+03 4.4395502571e-01
1.5801078961e+03 4.4399823869e-01
1.5805429445e+03 4.4412088654e-01
1.5809759832e+03 4.4420340481e-01
1.5814590463e+03 4.4434004461e-01
1.5819329862e+03 4.4440859767e-01
1.5824299578e+03 4.4451745244e-01
1.5829146045e+03 4.4455632757e-01
1.5834538102e+03 4.4463714078e-01
1.5839918737e+03 4.4464489483e-01
1.5845466446e+03 4.4469378775e-01
1.5850690370e+03 4.4468744400e-01
1.5855994452e+03 4.4474857522e-01
1.5861057000e+03 4.4478673315e-01
1.5866280119e+03 4.4492003588e-01
1.5871301931e+03 4.4503707817e-01
1.5876560544e+03 4.4525043640e-01
1.5881482633e+03 4.4543869690e-01
1.5886542944e+03 4.4569703557e-01
1.5891291368e+03 4.4589752168e-01
1.5896142642e+03 4.4615628811e-01
1.5900756398e+03 4.4637321510e-01
1.5905536857e+03 4.4666032282e-01
1.5910027841e+03 4.4691038767e-01
1.5914480622e+03 4.4723041388e-01
1.5920525870e+03 4.4755509411e-01
1.5926357166e+03 4.4789192828e-01
1.5931618295e+03 4.4811373856e-01
1.5936972895e+03 4.4834941664e-01
1.5942139212e+03 4.4849824242e-01
1.5947422573e+03 4.4866984486e-01
1.5952323121e+03 4.4876073596e-01
1.5957160436e+03 4.4889935639e-01
1.5961585574e+03 4.4898197891e-01
1.5966167642e+03 4.4910550937e-01
1.5970526474e+03 4.4913889113e-01
1.5975054438e+03 4.4919769429e-01
1.5979391047e+03 4.4919206565e-01
1.5984103030e+03 4.4924737664e-01
1.5988870750e+03 4.4924534334e-01
1.5993967474e+03 4.4929255602e-01
1.5998912093e+03 4.4929187943e-01
1.6004245157e+03 4.4938198160e-01
1.6009669047e+03 4.4946025022e-01
1.6015512867e+03 4.4962478594e-01
1.6021173269e+03 4.4974008842e-01
1.6027041000e+03 4.4989950269e-01
1.6032717412e+03 4.4998166128e-01
1.6038361844e+03 4.5009311310e-01
1.6043488535e+03 4.5012003870e-01
1.6048705502e+03 4.5018350812e-01
1.6053752768e+03 4.5018791666e-01
1.6059057604e+03 4.5027203444e-01
1.6064154257e+03 4.5033665487e-01
1.6069479168e+03 4.5050065393e-01
1.6074352620e+03 4.5063795950e-01
1.6079111741e+03 4.5084377214e-01
1.6083627396e+03 4.5099190184e-01
1.6088457035e+03 4.5119232729e-01
1.6092932969e+03 4.5133517114e-01
1.6097302454e+03 4.5154509448e-01
1.6101268052e+03 4.5171479022e-01
1.6105565405e+03 4.5195818196e-01
1.6109790052e+03 4.5215205755e-01
1.6114499592e+03 4.5241961953e-01
1.6119349591e+03 4.5265491424e-01
1.6124685394e+03 4.5297244210e-01
1.6129784776e+03 4.5323272983e-01
1.6134880327e+03 4.5352198471e-01
1.6139698445e+03 4.5371218238e-01
1.6145016882e+03 4.5392489988e-01
1.6150453645e+03 4.5405194154e-01
1.6156167408e+03 4.5421757280e-01
1.6161480968e+03 4.5431149443e-01
1.6166953781e+03 4.5445981691e-01
1.6172317981e+03 4.5455374490e-01
1.6178059520e+03 4.5470337090e-01
1.6183723241e+03 4.5477680980e-01
1.6189559779e+03 4.5488320804e-01
1.6194887696e+03 4.5491312949e-01
1.6200222983e+03 4.5500042499e-01
1.6205290600e+03 4.5503616966e-01
1.6210571452e+03 4.5513849668e-01
1.6215559707e+03 4.5518800897e-01
1.6220617989e+03 4.5531321489e-01
1.6225112452e+03 4.5539704495e-01
1.6229406549e+03 4.5553508805e-01
1.6233205004e+03 4.5559306708e-01
1.6237281399e+03 4.5570451442e-01
1.6241477477e+03 4.5577108259e-01
1.6246376462e+03 4.5590914981e-01
1.6251401075e+03 4.5598841213e-01
1.6256839120e+03 4.5613035691e-01
1.6261996996e+03 4.5622733685e-01
1.6267113491e+03 4.5640778221e-01
1.6271600853e+03 4.5655115022e-01
1.6276060926e+03 4.5676270718e-01
1.6280276099e+03 4.5689855935e-01
1.6285816220e+03 4.5710086385e-01
1.6291496201e+03 4.5724722629e-01
1.6297359787e+03 4.5747296470e-01
1.6302976315e+03 4.5766239251e-01
1.6308876563e+03 4.5791901854e-01
1.6314497625e+03 4.5809898752e-01
1.6320378489e+03 4.5832304357e-01
1.6325933259e+03 4.5848379308e-01
1.6331651894e+03 4.5872503445e-01
1.6337061401e+03 4.5894155089e-01
1.6342755045e+03 4.5924462002e-01
1.6348159229e+03 4.5947544242e-01
1.6353770080e+03 4.5972971174e-01
1.6358951537e+03 4.5989060148e-01
1.6364150225e+03 4.6010618617e-01
1.6368755779e+03 4.6026303052e-01
1.6373505965e+03 4.6047651579e-01
1.6378026196e+03 4.6060339441e-01
1.6382908453e+03 4.6076192844e-01
1.6387485842e+03 4.6083780252e-01
1.6392334753e+03 4.6096492992e-01
1.6397020451e+03 4.6102111332e-01
1.6402129768e+03 4.6112329473e-01
1.6407013377e+03 4.6114703944e-01
1.6412083805e+03 4.6122596262e-01
1.6416863856e+03 4.6124672278e-01
1.6422087734e+03 4.6133597844e-01
1.6427292292e+03 4.6137049692e-01
1.6433073289e+03 4.6147555501e-01
1.6438812374e+03 4.6153091373e-01
1.6444766105e+03 4.6166958795e-01
1.6450108411e+03 4.6177616811e-01
1.6455494428e+03 4.6197039900e-01
1.6460772511e+03 4.6211568266e-01
1.6466601623e+03 4.6232223882e-01
1.6472231788e+03 4.6246073668e-01
1.6478021721e+03 4.6266774041e-01
1.6483480521e+03 4.6283403319e-01
1.6489086913e+03 4.6307388164e-01
1.6493926529e+03 4.6324584662e-01
1.6498242880e+03 4.6345219507e-01
1.6501898609e+03 4.6357155546e-01
1.6505974234e+03 4.6373337038e-01
1.6510138025e+03 4.6382374977e-01
1.6514638996e+03 4.6397329329e-01
1.6518901399e+03 4.6406520598e-01
1.6523669686e+03 4.6423512212e-01
1.6528627596e+03 4.6437193060e-01
1.6534248819e+03 4.6459391607e-01
1.6539830508e+03 4.6476817664e-01
1.6545668623e+03 4.6500842432e-01
1.6551301488e+03 4.6518767760e-01
1.6557152885e+03 4.6541923541e-01
1.6563220343e+03 4.6560902032e-01
1.6570431389e+03 4.6590849639e-01
1.6577281910e+03 4.6615421313e-01
1.6584219251e+03 4.6645356633e-01
1.6590551329e+03 4.6666787740e-01
1.6596818992e+03 4.6692398777e-01
1.6602534617e+03 4.6709972225e-01
1.6608464945e+03 4.6732259736e-01
1.6614239118e+03 4.6746994432e-01
1.6620208894e+03 4.6765969205e-01
1.6625724902e+03 4.6776361502e-01
1.6631479516e+03 4.6790896131e-01
1.6636930041e+03 4.6796387223e-01
1.6642562169e+03 4.6805992576e-01
1.6647690485e+03 4.6807962731e-01
1.6653105725e+03 4.6815755741e-01
1.6658489013e+03 4.6816672232e-01
1.6664500405e+03 4.6825568661e-01
1.6670461493e+03 4.6832484980e-01
1.6676803894e+03 4.6850770260e-01
1.6682698073e+03 4.6865627438e-01
1.6688555698e+03 4.6887541859e-01
1.6693692439e+03 4.6902524969e-01
1.6698834104e+03 4.6924629620e-01
1.6703481775e+03 4.6941539611e-01
1.6708478912e+03 4.6966346058e-01
1.6713263774e+03 4.6985828298e-01
1.6718364306e+03 4.7012747479e-01
1.6723208040e+03 4.7032463160e-01
1.6728449251e+03 4.7055206611e-01
1.6733626966e+03 4.7066470929e-01
1.6739249596e+03 4.7079609226e-01
1.6744762752e+03 4.7085049636e-01
1.6750804467e+03 4.7099417090e-01
1.6756661101e+03 4.7110640616e-01
1.6762637968e+03 4.7130464161e-01
1.6768087795e+03 4.7144834248e-01
1.6773596028e+03 4.7165238759e-01
1.6778820961e+03 4.7178754678e-01
1.6784340971e+03 4.7198182971e-01
1.6789661528e+03 4.7212808959e-01
1.6795053125e+03 4.7236630447e-01
1.6799965491e+03 4.7257493924e-01
1.6805039030e+03 4.7286131806e-01
1.6809884114e+03 4.7308032122e-01
1.6815024332e+03 4.7333904115e-01
1.6820116424e+03 4.7351321513e-01
1.6825674629e+03 4.7372889856e-01
1.6831133952e+03 4.7386635705e-01
1.6836930915e+03 4.7403756922e-01
1.6842778943e+03 4.7412615039e-01
1.6849165275e+03 4.7426682476e-01
1.6855374344e+03 4.7434183939e-01
1.6861672298e+03 4.7446880842e-01
1.6867545959e+03 4.7453216875e-01
1.6873482694e+03 4.7466657932e-01
1.6879121460e+03 4.7474966587e-01
1.6884985643e+03 4.7487647681e-01
1.6890770782e+03 4.7491142720e-01
1.6896916456e+03 4.7499535727e-01
1.6902797863e+03 4.7505115744e-01
1.6908692906e+03 4.7521734105e-01
1.6914046142e+03 4.7534932120e-01
1.6920043856e+03 4.7556295217e-01
1.6926726194e+03 4.7575229870e-01
1.6933642126e+03 4.7602886760e-01
1.6940066524e+03 4.7627488274e-01
1.6946635787e+03 4.7659895401e-01
1.6952825954e+03 4.7685268423e-01
1.6959394637e+03 4.7713333947e-01
1.6965762219e+03 4.7730398487e-01
1.6972432770e+03 4.7749240935e-01
1.6978570789e+03 4.7759471169e-01
1.6984687869e+03 4.7775123146e-01
1.6990308483e+03 4.7785970145e-01
1.6996263560e+03 4.7804606865e-01
1.7002068893e+03 4.7819429164e-01
1.7008307949e+03 4.7841523279e-01
1.7014412816e+03 4.7859288688e-01
1.7021091313e+03 4.7884293340e-01
1.7027711862e+03 4.7905385270e-01
1.7034728867e+03 4.7933314489e-01
1.7041412418e+03 4.7956118795e-01
1.7048149015e+03 4.7984675707e-01
1.7054115627e+03 4.8008004351e-01
1.7059816676e+03 4.8036475160e-01
1.7064944540e+03 4.8058303480e-01
1.7070354266e+03 4.8083472533e-01
1.7075664512e+03 4.8100581071e-01
1.7081463074e+03 4.8120118169e-01
1.7087302785e+03 4.8131742675e-01
1.7093678593e+03 4.8147908717e-01
1.7099976046e+03 4.8158284675e-01
1.7106505489e+03 4.8173234587e-01
1.7112727066e+03 4.8181594048e-01
1.7119236546e+03 4.8195885082e-01
1.7125621634e+03 4.8206570922e-01
1.7132241282e+03 4.8223161588e-01
1.7138474366e+03 4.8231588430e-01
1.7144836051e+03 4.8241796800e-01
1.7151034908e+03 4.8246297133e-01
1.7157470296e+03 4.8260208214e-01
1.7163365856e+03 4.8273753774e-01
1.7169112050e+03 4.8295739957e-01
1.7174521622e+03 4.8313422959e-01
1.7180121725e+03 4.8336013294e-01
1.7185326250e+03 4.8353267278e-01
1.7190466258e+03 4.8376322031e-01
1.7195472648e+03 4.8395517600e-01
1.7201874865e+03 4.8423043653e-01
1.7207997376e+03 4.8444769779e-01
1.7214496143e+03 4.8471611203e-01
1.7220662620e+03 4.8491063743e-01
1.7226940899e+03 4.8510786551e-01
1.7232510301e+03 4.8520723781e-01
1.7238293851e+03 4.8533972607e-01
1.7243995569e+03 4.8544083182e-01
1.7250253158e+03 4.8563255818e-01
1.7256081212e+03 4.8580315938e-01
1.7262093613e+03 4.8603547992e-01
1.7267684435e+03 4.8621186482e-01
1.7273571559e+03 4.8642875916e-01
1.7279101142e+03 4.8659748033e-01
1.7285009292e+03 4.8684491595e-01
1.7290762324e+03 4.8708321405e-01
1.7297156667e+03 4.8738159317e-01
1.7303548300e+03 4.8760710471e-01
1.7310348109e+03 4.8783952232e-01
1.7316708863e+03 4.8799547844e-01
1.7323153673e+03 4.8818329715e-01
1.7328950010e+03 4.8832568608e-01
1.7334836495e+03 4.8852611732e-01
1.7340396077e+03 4.8869281672e-01
1.7346464782e+03 4.8889381483e-01
1.7352414137e+03 4.8902428189e-01
1.7358856472e+03 4.8917390057e-01
1.7365164954e+03 4.8928098655e-01
1.7371951703e+03 4.8944567741e-01
1.7378512572e+03 4.8958379791e-01
1.7385321366e+03 4.8976472615e-01
1.7391565617e+03 4.8988832228e-01
1.7397953475e+03 4.9003485439e-01
1.7404107877e+03 4.9013618010e-01
1.7410580455e+03 4.9029408221e-01
1.7416536056e+03 4.9043623639e-01
1.7422436698e+03 4.9062878843e-01
1.7427915890e+03 4.9078195960e-01
1.7433379782e+03 4.9096895249e-01
1.7438366339e+03 4.9112211669e-01
1.7443647443e+03 4.9132382908e-01
1.7449088878e+03 4.9150733867e-01
