# Momentum thickness as function of Re_theta
# Columns: Re_theta   theta
8.4268959644e+02 1.1913679977e-01
8.4297448403e+02 1.1917898733e-01
8.4326036563e+02 1.1922026660e-01
8.4354241678e+02 1.1926087200e-01
8.4382860602e+02 1.1930121565e-01
8.4412299169e+02 1.1934266516e-01
8.4442496710e+02 1.1938412821e-01
8.4473770155e+02 1.1942690269e-01
8.4506328883e+02 1.1947075469e-01
8.4540280218e+02 1.1951726295e-01
8.4574492057e+02 1.1956441415e-01
8.4608019678e+02 1.1961177713e-01
8.4639537238e+02 1.1965647236e-01
8.4669114083e+02 1.1969930649e-01
8.4697628713e+02 1.1974053145e-01
8.4726056129e+02 1.1978212463e-01
8.4756185302e+02 1.1982525237e-01
8.4789829636e+02 1.1987258764e-01
8.4826047180e+02 1.1992136303e-01
8.4863366249e+02 1.1997033908e-01
8.4900287946e+02 1.2001686353e-01
8.4936270914e+02 1.2006129346e-01
8.4969146058e+02 1.2010002045e-01
8.4995835055e+02 1.2013005605e-01
8.5016286182e+02 1.2015092418e-01
8.5031820047e+02 1.2016534890e-01
8.5044370228e+02 1.2017505471e-01
8.5054928816e+02 1.2018256071e-01
8.5064026950e+02 1.2018843788e-01
8.5071475898e+02 1.2019369506e-01
8.5077815199e+02 1.2019804889e-01
8.5086310426e+02 1.2020672217e-01
8.5118770044e+02 1.2024865863e-01
8.5147912342e+02 1.2028744528e-01
8.5174420296e+02 1.2032287803e-01
8.5200157235e+02 1.2035811275e-01
8.5224477843e+02 1.2039166856e-01
8.5247075730e+02 1.2042431864e-01
8.5268963515e+02 1.2045643405e-01
8.5290653264e+02 1.2048919076e-01
8.5311581547e+02 1.2052093043e-01
8.5331646103e+02 1.2055257852e-01
8.5350556574e+02 1.2058258785e-01
8.5384470056e+02 1.2063330750e-01
8.5417172657e+02 1.2068143998e-01
8.5447445605e+02 1.2072587460e-01
8.5474896568e+02 1.2076482586e-01
8.5498763476e+02 1.2079839352e-01
8.5519920984e+02 1.2082767824e-01
8.5541078738e+02 1.2085791902e-01
8.5563351450e+02 1.2088981659e-01
8.5586564797e+02 1.2092390477e-01
8.5611543871e+02 1.2096062398e-01
8.5638628230e+02 1.2100129349e-01
8.5667820085e+02 1.2104468713e-01
8.5696029189e+02 1.2108696236e-01
8.5721054662e+02 1.2112394777e-01
8.5743903507e+02 1.2115765315e-01
8.5766597066e+02 1.2118953568e-01
8.5788188981e+02 1.2121869717e-01
8.5805069511e+02 1.2123859499e-01
8.5815199965e+02 1.2124717536e-01
8.5820431010e+02 1.2124038642e-01
8.5821248157e+02 1.2124695274e-01
8.5856199103e+02 1.2127993728e-01
8.5889504880e+02 1.2131826472e-01
8.5918818285e+02 1.2135172162e-01
8.5945427866e+02 1.2138289898e-01
8.5969320912e+02 1.2141067027e-01
8.5991743403e+02 1.2143770421e-01
8.6014453597e+02 1.2146565977e-01
8.6038467158e+02 1.2149659308e-01
8.6063322188e+02 1.2152867075e-01
8.6088958916e+02 1.2156279278e-01
8.6114344666e+02 1.2159701275e-01
8.6137506144e+02 1.2162937606e-01
8.6160265821e+02 1.2166074738e-01
8.6184579074e+02 1.2169424111e-01
8.6209416058e+02 1.2172792710e-01
8.6231758597e+02 1.2175938613e-01
8.6252391996e+02 1.2178959291e-01
8.6274178673e+02 1.2182350379e-01
8.6295245833e+02 1.2185703964e-01
8.6312828032e+02 1.2188634560e-01
8.6326810062e+02 1.2190951278e-01
8.6339997037e+02 1.2193078617e-01
8.6352512145e+02 1.2194926968e-01
8.6364022026e+02 1.2196584641e-01
8.6375927994e+02 1.2198267512e-01
8.6388732225e+02 1.2200182099e-01
8.6402732741e+02 1.2202239306e-01
8.6418249967e+02 1.2204510612e-01
8.6435640933e+02 1.2206965131e-01
8.6454680690e+02 1.2209751715e-01
8.6475043016e+02 1.2212800427e-01
8.6497403758e+02 1.2216282737e-01
8.6520415735e+02 1.2219816698e-01
8.6543694200e+02 1.2223319951e-01
8.6569137308e+02 1.2226913231e-01
8.6598897847e+02 1.2230934594e-01
8.6633020557e+02 1.2235256755e-01
8.6669905332e+02 1.2239769802e-01
8.6707865687e+02 1.2244244173e-01
8.6744967559e+02 1.2248593437e-01
8.6778134617e+02 1.2252346463e-01
8.6806674156e+02 1.2255570257e-01
8.6834579114e+02 1.2258809762e-01
8.6864285919e+02 1.2262465337e-01
8.6893241681e+02 1.2265990278e-01
8.6917826953e+02 1.2268923670e-01
8.6939882327e+02 1.2271482773e-01
8.6963017875e+02 1.2274313154e-01
8.6987393827e+02 1.2277344427e-01
8.7012804932e+02 1.2280632270e-01
8.7038425434e+02 1.2283960240e-01
8.7064135396e+02 1.2287373000e-01
8.7089533651e+02 1.2290698195e-01
8.7112694863e+02 1.2293770482e-01
8.7152185362e+02 1.2299087620e-01
8.7188765826e+02 1.2304147726e-01
8.7221267047e+02 1.2308706366e-01
8.7251958969e+02 1.2313169888e-01
8.7282789761e+02 1.2317705251e-01
8.7315246609e+02 1.2322548896e-01
8.7347046890e+02 1.2327239502e-01
8.7377183767e+02 1.2331696068e-01
8.7407715123e+02 1.2336076690e-01
8.7439938820e+02 1.2340642040e-01
8.7472274666e+02 1.2345146867e-01
8.7501525474e+02 1.2349331141e-01
8.7528224570e+02 1.2353145987e-01
8.7555409984e+02 1.2356994365e-01
8.7583310985e+02 1.2360799585e-01
8.7612734415e+02 1.2364844623e-01
8.7643169349e+02 1.2369058368e-01
8.7674694089e+02 1.2373582075e-01
8.7707074119e+02 1.2378274158e-01
8.7740668087e+02 1.2383160181e-01
8.7777436367e+02 1.2388257812e-01
8.7817691620e+02 1.2393628142e-01
8.7860884572e+02 1.2399119943e-01
8.7906812373e+02 1.2404856033e-01
8.7952851553e+02 1.2410467177e-01
8.7998262903e+02 1.2416046686e-01
8.8042075546e+02 1.2421443397e-01
8.8083132428e+02 1.2426613453e-01
8.8122672340e+02 1.2431635199e-01
8.8162974702e+02 1.2436880461e-01
8.8205654930e+02 1.2442359389e-01
8.8249127235e+02 1.2447817006e-01
8.8292262914e+02 1.2453053409e-01
8.8335840787e+02 1.2458461727e-01
8.8378784196e+02 1.2463920595e-01
8.8420313218e+02 1.2469359474e-01
8.8461800206e+02 1.2474782347e-01
8.8505353696e+02 1.2480543084e-01
8.8550070628e+02 1.2486433895e-01
8.8593241083e+02 1.2492225634e-01
8.8633534775e+02 1.2497677309e-01
8.8671824357e+02 1.2502987813e-01
8.8710543991e+02 1.2508355297e-01
8.8750522937e+02 1.2513945676e-01
8.8797294594e+02 1.2520411499e-01
8.8847125878e+02 1.2527367875e-01
8.8892666216e+02 1.2533781280e-01
8.8934107945e+02 1.2539782177e-01
8.8971608876e+02 1.2545223279e-01
8.9005408400e+02 1.2550156073e-01
8.9034712307e+02 1.2554368598e-01
8.9059514298e+02 1.2558000069e-01
8.9079695051e+02 1.2560973694e-01
8.9095279880e+02 1.2563361902e-01
8.9107511039e+02 1.2565209863e-01
8.9126548968e+02 1.2568021161e-01
8.9143392399e+02 1.2570532768e-01
8.9156803026e+02 1.2572666931e-01
8.9165571224e+02 1.2574069268e-01
8.9169677807e+02 1.2574497351e-01
8.9170228335e+02 1.2574747837e-01
8.9170620715e+02 1.2574767202e-01
8.9170803338e+02 1.2574485395e-01
8.9173774062e+02 1.2574908283e-01
8.9188160383e+02 1.2575866485e-01
8.9237201915e+02 1.2582039347e-01
8.9295129866e+02 1.2589463159e-01
8.9364701887e+02 1.2598618491e-01
8.9444799134e+02 1.2609207867e-01
8.9532483493e+02 1.2620862477e-01
8.9626484299e+02 1.2633258249e-01
8.9726823154e+02 1.2646459039e-01
8.9831123657e+02 1.2660045794e-01
8.9934842249e+02 1.2673559188e-01
9.0036441778e+02 1.2686823930e-01
9.0136908371e+02 1.2700150068e-01
9.0234423688e+02 1.2713142366e-01
9.0324472984e+02 1.2725183236e-01
9.0405463366e+02 1.2735937602e-01
9.0478380357e+02 1.2745688697e-01
9.0544534779e+02 1.2754551117e-01
9.0602112278e+02 1.2762355495e-01
9.0668591708e+02 1.2771395599e-01
9.0731164038e+02 1.2780025015e-01
9.0781171596e+02 1.2786911193e-01
9.0820943117e+02 1.2792409218e-01
9.0851658133e+02 1.2796615219e-01
9.0874903196e+02 1.2799958996e-01
9.0891600799e+02 1.2802503970e-01
9.0902557349e+02 1.2804381779e-01
9.0906486007e+02 1.2805421381e-01
9.0906538264e+02 1.2806391922e-01
9.0907736271e+02 1.2806272927e-01
9.0907876138e+02 1.2806723386e-01
9.0908975420e+02 1.2805950032e-01
9.0909483261e+02 1.2806129788e-01
9.0919843717e+02 1.2808815209e-01
9.0939108976e+02 1.2811731863e-01
9.0959169129e+02 1.2814636948e-01
9.0980666517e+02 1.2817679556e-01
9.1004627970e+02 1.2820909258e-01
9.1027880284e+02 1.2824034033e-01
9.1049346314e+02 1.2826872133e-01
9.1067521626e+02 1.2829260383e-01
9.1082669428e+02 1.2831002898e-01
9.1115344851e+02 1.2834949499e-01
9.1159601740e+02 1.2840315379e-01
9.1204255539e+02 1.2845837562e-01
9.1250965963e+02 1.2851654961e-01
9.1298850393e+02 1.2857679984e-01
9.1344594933e+02 1.2863343876e-01
9.1388664122e+02 1.2868822312e-01
9.1433721341e+02 1.2874390660e-01
9.1478332488e+02 1.2879965869e-01
9.1520603959e+02 1.2885238094e-01
9.1561252654e+02 1.2890406534e-01
9.1601533257e+02 1.2895511023e-01
9.1640575985e+02 1.2900522736e-01
9.1677747421e+02 1.2905256812e-01
9.1714880544e+02 1.2910037901e-01
9.1751355470e+02 1.2914667882e-01
9.1784612682e+02 1.2918952930e-01
9.1816122331e+02 1.2923087569e-01
9.1849038039e+02 1.2927618840e-01
9.1884787528e+02 1.2932573951e-01
9.1921465305e+02 1.2937713536e-01
9.1958055065e+02 1.2942780606e-01
9.1996019712e+02 1.2948112157e-01
9.2036766399e+02 1.2953846737e-01
9.2080121664e+02 1.2960055658e-01
9.2123790790e+02 1.2966261409e-01
9.2166346730e+02 1.2972319247e-01
9.2209716648e+02 1.2978423292e-01
9.2255230708e+02 1.2984917375e-01
9.2303340340e+02 1.2991774422e-01
9.2349987919e+02 1.2998501015e-01
9.2393070875e+02 1.3004697036e-01
9.2433566341e+02 1.3010570984e-01
9.2472362463e+02 1.3016048660e-01
9.2509919073e+02 1.3021228567e-01
9.2546703492e+02 1.3026137131e-01
9.2585624323e+02 1.3031386717e-01
9.2628058508e+02 1.3037095508e-01
9.2671460826e+02 1.3042951679e-01
9.2714410695e+02 1.3048593656e-01
9.2754877771e+02 1.3053823125e-01
9.2796692483e+02 1.3059080294e-01
9.2864303545e+02 1.3067779900e-01
9.2930100230e+02 1.3076059840e-01
9.2991639916e+02 1.3083722056e-01
9.3047017584e+02 1.3090491183e-01
9.3098108213e+02 1.3096806724e-01
9.3145658865e+02 1.3102677759e-01
9.3187228347e+02 1.3107847458e-01
9.3224878473e+02 1.3112475289e-01
9.3261510931e+02 1.3117043096e-01
9.3297846730e+02 1.3121551026e-01
9.3333263678e+02 1.3126022408e-01
9.3369769458e+02 1.3130651130e-01
9.3407840103e+02 1.3135568585e-01
9.3443613717e+02 1.3140080688e-01
9.3475948462e+02 1.3144141678e-01
9.3507628223e+02 1.3148139494e-01
9.3542174951e+02 1.3152772406e-01
9.3580778888e+02 1.3158086948e-01
9.3621925223e+02 1.3163858455e-01
9.3664251462e+02 1.3169724047e-01
9.3705808891e+02 1.3175549815e-01
9.3747042176e+02 1.3181370728e-01
9.3788770608e+02 1.3187392445e-01
9.3830200615e+02 1.3193320398e-01
9.3870104221e+02 1.3199033635e-01
9.3909200463e+02 1.3204539478e-01
9.3948668717e+02 1.3210135109e-01
9.3988908798e+02 1.3215790443e-01
9.4029675255e+02 1.3221609590e-01
9.4072154391e+02 1.3227685638e-01
9.4116184495e+02 1.3234046237e-01
9.4160674503e+02 1.3240346789e-01
9.4203480215e+02 1.3246371674e-01
9.4244626794e+02 1.3252079239e-01
9.4285534166e+02 1.3257796991e-01
9.4325713448e+02 1.3263289143e-01
9.4362222569e+02 1.3268203586e-01
9.4395108079e+02 1.3272492933e-01
9.4425967428e+02 1.3276536404e-01
9.4455854786e+02 1.3280343534e-01
9.4483414164e+02 1.3283756512e-01
9.4530177345e+02 1.3289589999e-01
9.4589371025e+02 1.3297096634e-01
9.4647715355e+02 1.3304416994e-01
9.4703473189e+02 1.3311410381e-01
9.4757846782e+02 1.3318118338e-01
9.4811910913e+02 1.3324834335e-01
9.4863976852e+02 1.3331281880e-01
9.4910306342e+02 1.3337037326e-01
9.4949774425e+02 1.3341814605e-01
9.4985001509e+02 1.3346119657e-01
9.5017537477e+02 1.3350134704e-01
9.5049719687e+02 1.3354245124e-01
9.5082953220e+02 1.3358416311e-01
9.5116157360e+02 1.3362548799e-01
9.5147167533e+02 1.3366348383e-01
9.5176402773e+02 1.3370142678e-01
9.5206238207e+02 1.3374196175e-01
9.5236432485e+02 1.3378473418e-01
9.5266454081e+02 1.3382679480e-01
9.5296883752e+02 1.3387013821e-01
9.5329984866e+02 1.3391755398e-01
9.5365291280e+02 1.3396941840e-01
9.5401745735e+02 1.3402261227e-01
9.5437804522e+02 1.3407570645e-01
9.5475378023e+02 1.3413038572e-01
9.5515967941e+02 1.3418910215e-01
9.5556106926e+02 1.3424506937e-01
9.5592380953e+02 1.3429531920e-01
9.5625642297e+02 1.3434167414e-01
9.5659521243e+02 1.3439086698e-01
9.5694320276e+02 1.3444124683e-01
9.5729265808e+02 1.3449180195e-01
9.5767415811e+02 1.3454589272e-01
9.5808298442e+02 1.3460391169e-01
9.5848628689e+02 1.3465967789e-01
9.5885103576e+02 1.3470926644e-01
9.5918751717e+02 1.3475330648e-01
9.5950304683e+02 1.3479420904e-01
9.5979472680e+02 1.3483020081e-01
9.6007489946e+02 1.3486409740e-01
9.6035180408e+02 1.3489668095e-01
9.6062331686e+02 1.3492928257e-01
9.6089828460e+02 1.3496193043e-01
9.6127616344e+02 1.3500849603e-01
9.6191473826e+02 1.3508900847e-01
9.6253626430e+02 1.3516694659e-01
9.6313274503e+02 1.3524037255e-01
9.6369113140e+02 1.3530921996e-01
9.6420002888e+02 1.3537152771e-01
9.6465319744e+02 1.3542782376e-01
9.6504857617e+02 1.3547672932e-01
9.6538587262e+02 1.3551891531e-01
9.6568528075e+02 1.3555555034e-01
9.6598763283e+02 1.3559307969e-01
9.6630003331e+02 1.3563193137e-01
9.6659670943e+02 1.3567049211e-01
9.6687275149e+02 1.3570752817e-01
9.6715147293e+02 1.3574716240e-01
9.6744979817e+02 1.3578989076e-01
9.6774487297e+02 1.3583265207e-01
9.6803653762e+02 1.3587400567e-01
9.6834767030e+02 1.3591834363e-01
9.6868786465e+02 1.3596620727e-01
9.6905669695e+02 1.3601896301e-01
9.6945269899e+02 1.3607550563e-01
9.6988411949e+02 1.3613786774e-01
9.7034963163e+02 1.3620408452e-01
9.7080643354e+02 1.3626870565e-01
9.7123407516e+02 1.3632799081e-01
9.7164628479e+02 1.3638550423e-01
9.7207346607e+02 1.3644502216e-01
9.7251530021e+02 1.3650772416e-01
9.7294474025e+02 1.3656840878e-01
9.7337109137e+02 1.3662885464e-01
9.7380363313e+02 1.3668861138e-01
9.7423723152e+02 1.3674765506e-01
9.7467431495e+02 1.3680533661e-01
9.7510895508e+02 1.3686237615e-01
9.7552092510e+02 1.3691512036e-01
9.7586552825e+02 1.3695823736e-01
9.7615268547e+02 1.3699222678e-01
9.7641641789e+02 1.3702370825e-01
9.7666578173e+02 1.3705324660e-01
9.7690136847e+02 1.3708152433e-01
9.7713346775e+02 1.3710816722e-01
9.7736599109e+02 1.3713473376e-01
9.7774953241e+02 1.3718084384e-01
9.7826852253e+02 1.3724555057e-01
9.7877538081e+02 1.3730758306e-01
9.7926384733e+02 1.3736728173e-01
9.7972165639e+02 1.3742282682e-01
9.8015258486e+02 1.3747683745e-01
9.8056871467e+02 1.3753000542e-01
9.8098286609e+02 1.3758456044e-01
9.8139824584e+02 1.3763931337e-01
9.8180909544e+02 1.3769466040e-01
9.8220450700e+02 1.3774841495e-01
9.8257532772e+02 1.3780051353e-01
9.8292095105e+02 1.3784933774e-01
9.8326598466e+02 1.3789863195e-01
9.8362745167e+02 1.3794919148e-01
9.8398463587e+02 1.3799952165e-01
9.8431469682e+02 1.3804600622e-01
9.8462472016e+02 1.3809091694e-01
9.8494217955e+02 1.3813663912e-01
9.8527801714e+02 1.3818542987e-01
9.8562492281e+02 1.3823522187e-01
9.8598424115e+02 1.3828743106e-01
9.8636127700e+02 1.3834150251e-01
9.8673861842e+02 1.3839577969e-01
9.8709764229e+02 1.3844646519e-01
9.8745138189e+02 1.3849649272e-01
9.8781672265e+02 1.3854703958e-01
9.8818702283e+02 1.3859809193e-01
9.8854739294e+02 1.3864653014e-01
9.8891212333e+02 1.3869562648e-01
9.8930660474e+02 1.3874774698e-01
9.8971804220e+02 1.3880205446e-01
9.9012225218e+02 1.3885396285e-01
9.9050904980e+02 1.3890339999e-01
9.9089252883e+02 1.3895157652e-01
9.9127666189e+02 1.3900021965e-01
9.9163473872e+02 1.3904433111e-01
9.9195606882e+02 1.3908348065e-01
9.9224943528e+02 1.3911816498e-01
9.9252376584e+02 1.3915096127e-01
9.9277530323e+02 1.3917980303e-01
9.9299993998e+02 1.3920478316e-01
9.9322282606e+02 1.3922826591e-01
9.9344845502e+02 1.3925218242e-01
9.9368375351e+02 1.3927672600e-01
9.9393118622e+02 1.3930441430e-01
9.9420556842e+02 1.3933751728e-01
9.9450881800e+02 1.3937756827e-01
9.9482642730e+02 1.3942002682e-01
9.9514557215e+02 1.3946313764e-01
9.9546820159e+02 1.3950638272e-01
9.9579985797e+02 1.3955243432e-01
9.9614096829e+02 1.3959976211e-01
9.9645838054e+02 1.3964372356e-01
9.9674254108e+02 1.3968170538e-01
9.9711023635e+02 1.3973151550e-01
9.9751397148e+02 1.3978674727e-01
9.9786731272e+02 1.3983737754e-01
9.9817729974e+02 1.3988288310e-01
9.9846446145e+02 1.3992617140e-01
9.9875349405e+02 1.3996851585e-01
9.9905219563e+02 1.4001226362e-01
9.9935739867e+02 1.4005684202e-01
9.9975269312e+02 1.4011510695e-01
1.0001836315e+03 1.4017785959e-01
1.0005868647e+03 1.4023629914e-01
1.0009273705e+03 1.4028408244e-01
1.0012055220e+03 1.4032286899e-01
1.0014562833e+03 1.4035651560e-01
1.0017131105e+03 1.4039025851e-01
1.0021428559e+03 1.4044516557e-01
1.0026001346e+03 1.4050339650e-01
1.0030585142e+03 1.4056114627e-01
1.0034967975e+03 1.4061703860e-01
1.0039332887e+03 1.4067205306e-01
1.0043868993e+03 1.4072944614e-01
1.0048391355e+03 1.4078574090e-01
1.0052657210e+03 1.4083924554e-01
1.0056585652e+03 1.4088793195e-01
1.0060152286e+03 1.4093235530e-01
1.0063283802e+03 1.4097021101e-01
1.0066034177e+03 1.4100360614e-01
1.0068659929e+03 1.4103495890e-01
1.0071443463e+03 1.4106887457e-01
1.0074535190e+03 1.4110572256e-01
1.0077850745e+03 1.4114599195e-01
1.0081372964e+03 1.4118986588e-01
1.0085064562e+03 1.4123908040e-01
1.0088990884e+03 1.4129311811e-01
1.0093047348e+03 1.4135056681e-01
1.0097106089e+03 1.4140769469e-01
1.0101207648e+03 1.4146544072e-01
1.0105367782e+03 1.4152200788e-01
1.0109458830e+03 1.4157661866e-01
1.0113381727e+03 1.4162736618e-01
1.0117246457e+03 1.4167787780e-01
1.0121141485e+03 1.4172880553e-01
1.0124956412e+03 1.4178030452e-01
1.0128839616e+03 1.4183387297e-01
1.0132916992e+03 1.4189229558e-01
1.0137103551e+03 1.4195256082e-01
1.0141081919e+03 1.4201086504e-01
1.0144790534e+03 1.4206524413e-01
1.0148450588e+03 1.4211991659e-01
1.0152156256e+03 1.4217423564e-01
1.0155737745e+03 1.4222622013e-01
1.0159048410e+03 1.4227265540e-01
1.0162102212e+03 1.4231537863e-01
1.0165068013e+03 1.4235553072e-01
1.0167856251e+03 1.4239218673e-01
1.0170416697e+03 1.4242289722e-01
1.0172920092e+03 1.4245172872e-01
1.0175702933e+03 1.4248338976e-01
1.0178738396e+03 1.4251960934e-01
1.0181787405e+03 1.4255591015e-01
1.0184589081e+03 1.4258948363e-01
1.0187196128e+03 1.4261988617e-01
1.0189780715e+03 1.4265083490e-01
1.0194058330e+03 1.4270425938e-01
1.0198571958e+03 1.4276164449e-01
1.0202940183e+03 1.4281695798e-01
1.0207179070e+03 1.4287192776e-01
1.0211480773e+03 1.4292752631e-01
1.0216033512e+03 1.4298657556e-01
1.0220721068e+03 1.4304617822e-01
1.0225348846e+03 1.4310559323e-01
1.0229795522e+03 1.4316282118e-01
1.0234144582e+03 1.4322022891e-01
1.0238352653e+03 1.4327580725e-01
1.0242289110e+03 1.4332896198e-01
1.0246006034e+03 1.4337928668e-01
1.0249807604e+03 1.4343172670e-01
1.0253965170e+03 1.4348777616e-01
1.0258387849e+03 1.4354689036e-01
1.0262895124e+03 1.4360598354e-01
1.0267388590e+03 1.4366556842e-01
1.0271608445e+03 1.4372101772e-01
1.0275166699e+03 1.4376776978e-01
1.0278054308e+03 1.4380465097e-01
1.0280695318e+03 1.4383948595e-01
1.0283496016e+03 1.4387735813e-01
1.0286412370e+03 1.4391911736e-01
1.0289290735e+03 1.4396115511e-01
1.0292131651e+03 1.4400408050e-01
1.0295063053e+03 1.4404769923e-01
1.0298275273e+03 1.4409499112e-01
1.0301930946e+03 1.4414668514e-01
1.0305940222e+03 1.4420275546e-01
1.0310088844e+03 1.4425902766e-01
1.0314184532e+03 1.4431354041e-01
1.0318236799e+03 1.4436457098e-01
1.0322216722e+03 1.4441316776e-01
1.0326119108e+03 1.4445925291e-01
1.0329971853e+03 1.4450570975e-01
1.0333779326e+03 1.4455184600e-01
1.0337346832e+03 1.4459577248e-01
1.0340654555e+03 1.4463571224e-01
1.0343867655e+03 1.4467522763e-01
1.0347222088e+03 1.4471649592e-01
1.0350722306e+03 1.4476082216e-01
1.0354361995e+03 1.4480675337e-01
1.0358105567e+03 1.4485476946e-01
1.0361919513e+03 1.4490341754e-01
1.0365665671e+03 1.4495262819e-01
1.0369239853e+03 1.4499988346e-01
1.0372600309e+03 1.4504490689e-01
1.0375816935e+03 1.4508640639e-01
1.0378857967e+03 1.4512526275e-01
1.0381788658e+03 1.4516211446e-01
1.0384724350e+03 1.4520030653e-01
1.0387855313e+03 1.4524086880e-01
1.0391074026e+03 1.4528306025e-01
1.0394354302e+03 1.4532562854e-01
1.0397624324e+03 1.4536939125e-01
1.0400894232e+03 1.4541316716e-01
1.0404905331e+03 1.4546740751e-01
1.0409426431e+03 1.4552723342e-01
1.0414080533e+03 1.4558901840e-01
1.0418812373e+03 1.4565135411e-01
1.0423521192e+03 1.4571421093e-01
1.0428066236e+03 1.4577412231e-01
1.0432374522e+03 1.4583117612e-01
1.0436363785e+03 1.4588381864e-01
1.0439997962e+03 1.4593377097e-01
1.0443431848e+03 1.4598218031e-01
1.0446801183e+03 1.4603151570e-01
1.0450086300e+03 1.4607918675e-01
1.0453247887e+03 1.4612463974e-01
1.0456475091e+03 1.4616840906e-01
1.0459902513e+03 1.4621357710e-01
1.0463437455e+03 1.4625848033e-01
1.0466980001e+03 1.4630352678e-01
1.0470483536e+03 1.4634693024e-01
1.0473959508e+03 1.4639036299e-01
1.0477382649e+03 1.4643261863e-01
1.0480708167e+03 1.4647442675e-01
1.0484071138e+03 1.4651602432e-01
1.0487499994e+03 1.4655893764e-01
1.0491136480e+03 1.4660450689e-01
1.0494961024e+03 1.4665400722e-01
1.0498954266e+03 1.4670558886e-01
1.0503209435e+03 1.4676145526e-01
1.0507681498e+03 1.4682014918e-01
1.0512192151e+03 1.4688081328e-01
1.0516552715e+03 1.4693911436e-01
1.0520906757e+03 1.4699765317e-01
1.0525390545e+03 1.4705690134e-01
1.0529570406e+03 1.4711197385e-01
1.0533176824e+03 1.4715765874e-01
1.0536331041e+03 1.4719710787e-01
1.0539555809e+03 1.4723711359e-01
1.0543008073e+03 1.4728156375e-01
1.0546367190e+03 1.4732454597e-01
1.0549502012e+03 1.4736532877e-01
1.0552721431e+03 1.4740728711e-01
1.0556068761e+03 1.4745251187e-01
1.0559370867e+03 1.4749697992e-01
1.0562464009e+03 1.4753912625e-01
1.0565595250e+03 1.4758086598e-01
1.0568802471e+03 1.4762388228e-01
1.0571780840e+03 1.4766259678e-01
1.0574400320e+03 1.4769660385e-01
1.0576977101e+03 1.4772914796e-01
1.0579837899e+03 1.4776612043e-01
1.0583091269e+03 1.4780828873e-01
1.0586621696e+03 1.4785624641e-01
1.0590527564e+03 1.4791057570e-01
1.0594618576e+03 1.4796888836e-01
1.0598794855e+03 1.4802694970e-01
1.0603366709e+03 1.4808940658e-01
1.0609590539e+03 1.4817200586e-01
1.0615992860e+03 1.4825649062e-01
1.0622313285e+03 1.4833814232e-01
1.0628320737e+03 1.4841577181e-01
1.0633950173e+03 1.4848797567e-01
1.0639188214e+03 1.4855588132e-01
1.0644125715e+03 1.4861936910e-01
1.0648928207e+03 1.4868208758e-01
1.0653868026e+03 1.4874639526e-01
1.0659157117e+03 1.4881559376e-01
1.0664764812e+03 1.4888768261e-01
1.0670484825e+03 1.4896207902e-01
1.0676126495e+03 1.4903600670e-01
1.0681488413e+03 1.4910796384e-01
1.0686460196e+03 1.4917443285e-01
1.0691042510e+03 1.4923642448e-01
1.0695277334e+03 1.4929317829e-01
1.0699093332e+03 1.4934422674e-01
1.0702409728e+03 1.4938643931e-01
1.0705260399e+03 1.4942186878e-01
1.0707706040e+03 1.4945111196e-01
1.0709829669e+03 1.4947712254e-01
1.0712064303e+03 1.4950438757e-01
1.0714725254e+03 1.4953825372e-01
1.0717726520e+03 1.4957610234e-01
1.0720759889e+03 1.4961511382e-01
1.0723800656e+03 1.4965410498e-01
1.0726800306e+03 1.4969395034e-01
1.0729825127e+03 1.4973395483e-01
1.0732990173e+03 1.4977620981e-01
1.0736517079e+03 1.4982215905e-01
1.0740353088e+03 1.4987260705e-01
1.0744253113e+03 1.4992324625e-01
1.0748168113e+03 1.4997485157e-01
1.0752108020e+03 1.5002612223e-01
1.0756107637e+03 1.5007865142e-01
1.0760194082e+03 1.5013178103e-01
1.0764328982e+03 1.5018715880e-01
1.0768563111e+03 1.5024483877e-01
1.0772717843e+03 1.5030288496e-01
1.0776833972e+03 1.5035898063e-01
1.0780839688e+03 1.5041275385e-01
1.0784776055e+03 1.5046430168e-01
1.0788761491e+03 1.5051745912e-01
1.0792895038e+03 1.5057197026e-01
1.0797011193e+03 1.5062612096e-01
1.0800928956e+03 1.5067617705e-01
1.0804585033e+03 1.5072343201e-01
1.0808279202e+03 1.5077122738e-01
1.0812064564e+03 1.5082121418e-01
1.0815920167e+03 1.5087116135e-01
1.0819679747e+03 1.5091997597e-01
1.0823487560e+03 1.5096896492e-01
1.0827462231e+03 1.5102163784e-01
1.0831697255e+03 1.5107771277e-01
1.0835955132e+03 1.5113465964e-01
1.0840204362e+03 1.5119062241e-01
1.0844506739e+03 1.5124825769e-01
1.0848933149e+03 1.5130748249e-01
1.0853509412e+03 1.5136943288e-01
1.0858263721e+03 1.5143243380e-01
1.0863294167e+03 1.5149862663e-01
1.0868521486e+03 1.5156570453e-01
1.0873768400e+03 1.5163300410e-01
1.0878922274e+03 1.5169832185e-01
1.0884033023e+03 1.5176409442e-01
1.0889169879e+03 1.5182999461e-01
1.0894148463e+03 1.5189481249e-01
1.0898907265e+03 1.5195651869e-01
1.0903542485e+03 1.5201763877e-01
1.0908148047e+03 1.5207775442e-01
1.0912696136e+03 1.5213754772e-01
1.0917217890e+03 1.5219625586e-01
1.0921751831e+03 1.5225588093e-01
1.0926223975e+03 1.5231394128e-01
1.0930537484e+03 1.5237030389e-01
1.0934783738e+03 1.5242505920e-01
1.0938979623e+03 1.5248001723e-01
1.0943161005e+03 1.5253471507e-01
1.0947229797e+03 1.5258932942e-01
1.0951289813e+03 1.5264383850e-01
1.0955543441e+03 1.5270199839e-01
1.0960112789e+03 1.5276401737e-01
1.0964874749e+03 1.5282977934e-01
1.0969592112e+03 1.5289444695e-01
1.0974098124e+03 1.5295624661e-01
1.0978325823e+03 1.5301243254e-01
1.0982131150e+03 1.5306261129e-01
1.0985645899e+03 1.5310788461e-01
1.0989067698e+03 1.5315252953e-01
1.0992847037e+03 1.5320145878e-01
1.0997115561e+03 1.5325793718e-01
1.1001760970e+03 1.5331917648e-01
1.1006413500e+03 1.5338147903e-01
1.1010745926e+03 1.5343876973e-01
1.1014679372e+03 1.5349103787e-01
1.1018549460e+03 1.5354146341e-01
1.1022550175e+03 1.5359431796e-01
1.1026650038e+03 1.5364838613e-01
1.1030468793e+03 1.5369996208e-01
1.1033898770e+03 1.5374586261e-01
1.1037072477e+03 1.5378861979e-01
1.1040143954e+03 1.5382830040e-01
1.1043047905e+03 1.5386490019e-01
1.1045713846e+03 1.5389619214e-01
1.1048169252e+03 1.5392484191e-01
1.1050689306e+03 1.5395431928e-01
1.1053360007e+03 1.5398731766e-01
1.1056288097e+03 1.5402354258e-01
1.1059284233e+03 1.5406151929e-01
1.1062310997e+03 1.5409954175e-01
1.1065290576e+03 1.5413799573e-01
1.1068258950e+03 1.5417591945e-01
1.1072109694e+03 1.5422662353e-01
1.1076083090e+03 1.5427864141e-01
1.1079928274e+03 1.5432970223e-01
1.1083697443e+03 1.5437873364e-01
1.1087377998e+03 1.5442691545e-01
1.1091014930e+03 1.5447390081e-01
1.1094609922e+03 1.5452132012e-01
1.1098217614e+03 1.5456867433e-01
1.1101914375e+03 1.5461852753e-01
1.1105674556e+03 1.5466948454e-01
1.1109152859e+03 1.5471818544e-01
1.1112111900e+03 1.5475963144e-01
1.1114728585e+03 1.5479704266e-01
1.1117359906e+03 1.5483349922e-01
1.1120123042e+03 1.5487191923e-01
1.1122896527e+03 1.5490956530e-01
1.1125545939e+03 1.5494601737e-01
1.1128161226e+03 1.5498084834e-01
1.1130868756e+03 1.5501711912e-01
1.1133765139e+03 1.5505527810e-01
1.1136831982e+03 1.5509662134e-01
1.1140080331e+03 1.5513932788e-01
1.1143396307e+03 1.5518272515e-01
1.1146729550e+03 1.5522504496e-01
1.1150030665e+03 1.5526763624e-01
1.1153351557e+03 1.5531027513e-01
1.1156763449e+03 1.5535537420e-01
1.1160115644e+03 1.5539952833e-01
1.1163302302e+03 1.5544219884e-01
1.1166497387e+03 1.5548359550e-01
1.1169995650e+03 1.5552866839e-01
1.1173846531e+03 1.5557682617e-01
1.1177606356e+03 1.5562379413e-01
1.1181121177e+03 1.5566628305e-01
1.1184549874e+03 1.5570818745e-01
1.1188082251e+03 1.5575123730e-01
1.1191508998e+03 1.5579419777e-01
1.1194526383e+03 1.5583134568e-01
1.1197211506e+03 1.5586451982e-01
1.1199931140e+03 1.5589725298e-01
1.1202827675e+03 1.5593346853e-01
1.1205875835e+03 1.5597218082e-01
1.1208818204e+03 1.5601146647e-01
1.1211770282e+03 1.5605085864e-01
1.1214955090e+03 1.5609374995e-01
1.1218222600e+03 1.5613578833e-01
1.1221163733e+03 1.5617283448e-01
1.1223775420e+03 1.5620450493e-01
1.1226461856e+03 1.5623878607e-01
1.1229505857e+03 1.5627843368e-01
1.1232673359e+03 1.5632145979e-01
1.1235996779e+03 1.5636697071e-01
1.1239475165e+03 1.5641627835e-01
1.1243107969e+03 1.5646744782e-01
1.1246602831e+03 1.5651696279e-01
1.1249903260e+03 1.5656212887e-01
1.1253201687e+03 1.5660736383e-01
1.1256701716e+03 1.5665480178e-01
1.1260500032e+03 1.5670759604e-01
1.1264650530e+03 1.5676452878e-01
1.1268941659e+03 1.5682328880e-01
1.1273336832e+03 1.5688161689e-01
1.1277670033e+03 1.5693880300e-01
1.1282015828e+03 1.5699476621e-01
1.1286276250e+03 1.5704956824e-01
1.1290372073e+03 1.5710085117e-01
1.1294348815e+03 1.5715115222e-01
1.1298467104e+03 1.5720346050e-01
1.1302761904e+03 1.5726013898e-01
1.1306969739e+03 1.5731550538e-01
1.1310607663e+03 1.5736323602e-01
1.1313663161e+03 1.5740113867e-01
1.1316242125e+03 1.5743241070e-01
1.1318601904e+03 1.5745982606e-01
1.1320777761e+03 1.5748539736e-01
1.1322755769e+03 1.5750716751e-01
1.1324680006e+03 1.5752844230e-01
1.1326889104e+03 1.5755299103e-01
1.1329536335e+03 1.5758526089e-01
1.1332698990e+03 1.5762527971e-01
1.1336081789e+03 1.5766974810e-01
1.1340238106e+03 1.5772342820e-01
1.1345633307e+03 1.5779360845e-01
1.1350905650e+03 1.5786184432e-01
1.1355767852e+03 1.5792659156e-01
1.1360276443e+03 1.5798637140e-01
1.1364690096e+03 1.5804443112e-01
1.1369163796e+03 1.5810077631e-01
1.1373576444e+03 1.5815629263e-01
1.1377936667e+03 1.5821123556e-01
1.1382176186e+03 1.5826690421e-01
1.1386199918e+03 1.5832063437e-01
1.1389745842e+03 1.5836995769e-01
1.1392888019e+03 1.5841419539e-01
1.1395911482e+03 1.5845811323e-01
1.1399025931e+03 1.5850235325e-01
1.1402175932e+03 1.5854715179e-01
1.1405246791e+03 1.5858967039e-01
1.1408212465e+03 1.5863162842e-01
1.1411283046e+03 1.5867467963e-01
1.1414473147e+03 1.5871986705e-01
1.1417678522e+03 1.5876356191e-01
1.1420738961e+03 1.5880461431e-01
1.1423692863e+03 1.5884227484e-01
1.1426645244e+03 1.5887973941e-01
1.1429560648e+03 1.5891546994e-01
1.1432405725e+03 1.5895083189e-01
1.1435355327e+03 1.5898688887e-01
1.1438416486e+03 1.5902517803e-01
1.1441577183e+03 1.5906432824e-01
1.1444753809e+03 1.5910496818e-01
1.1448156456e+03 1.5914819767e-01
1.1451763382e+03 1.5919422533e-01
1.1455395745e+03 1.5923867630e-01
1.1458851177e+03 1.5928073060e-01
1.1462224927e+03 1.5932093128e-01
1.1465569702e+03 1.5936163710e-01
1.1468880193e+03 1.5940121426e-01
1.1472054659e+03 1.5943993089e-01
1.1475089665e+03 1.5947680299e-01
1.1478000672e+03 1.5951373673e-01
1.1480813441e+03 1.5954933532e-01
1.1483442297e+03 1.5958328100e-01
1.1485961535e+03 1.5961461395e-01
1.1488577366e+03 1.5964756020e-01
1.1491688402e+03 1.5968650660e-01
1.1495129575e+03 1.5973101036e-01
1.1498627173e+03 1.5977576889e-01
1.1501944417e+03 1.5981883756e-01
1.1505253856e+03 1.5986136131e-01
1.1508632046e+03 1.5990625310e-01
1.1512067425e+03 1.5995177337e-01
1.1515522575e+03 1.5999849743e-01
1.1519129301e+03 1.6004682021e-01
1.1522804982e+03 1.6009750761e-01
1.1526483229e+03 1.6014843613e-01
1.1530052920e+03 1.6019946409e-01
1.1533774764e+03 1.6025240342e-01
1.1537662915e+03 1.6030851194e-01
1.1541567497e+03 1.6036363170e-01
1.1545195767e+03 1.6041461044e-01
1.1548629224e+03 1.6046067609e-01
1.1552192499e+03 1.6050793947e-01
1.1556184026e+03 1.6055977250e-01
1.1560424975e+03 1.6061571231e-01
1.1564622318e+03 1.6066984847e-01
1.1568413052e+03 1.6071787315e-01
1.1572079568e+03 1.6076236867e-01
1.1575812872e+03 1.6080872581e-01
1.1579751120e+03 1.6085832669e-01
1.1583769929e+03 1.6091076573e-01
1.1587849787e+03 1.6096318322e-01
1.1591917987e+03 1.6101531670e-01
1.1595962703e+03 1.6106564311e-01
1.1599825170e+03 1.6111394371e-01
1.1603498337e+03 1.6115868147e-01
1.1606756480e+03 1.6119797570e-01
1.1610007927e+03 1.6123569668e-01
1.1615132969e+03 1.6129854327e-01
1.1620367382e+03 1.6136203037e-01
1.1625458101e+03 1.6142497876e-01
1.1630201804e+03 1.6148391558e-01
1.1634687770e+03 1.6154158751e-01
1.1639323030e+03 1.6160117203e-01
1.1644213861e+03 1.6166483373e-01
1.1649262823e+03 1.6172994451e-01
1.1654323868e+03 1.6179646502e-01
1.1659402694e+03 1.6186268674e-01
1.1664373830e+03 1.6192771685e-01
1.1669252802e+03 1.6199037537e-01
1.1674066678e+03 1.6205342960e-01
1.1678749503e+03 1.6211509451e-01
1.1683079737e+03 1.6217337763e-01
1.1687143708e+03 1.6222710133e-01
1.1690953146e+03 1.6227791592e-01
1.1694489666e+03 1.6232491376e-01
1.1697706820e+03 1.6236980948e-01
1.1700924332e+03 1.6241541518e-01
1.1704401548e+03 1.6246602542e-01
1.1708041829e+03 1.6251801819e-01
1.1711587164e+03 1.6256900016e-01
1.1715214895e+03 1.6261971269e-01
1.1719013005e+03 1.6267230886e-01
1.1722769038e+03 1.6272198513e-01
1.1725937370e+03 1.6276332447e-01
1.1728559495e+03 1.6279628872e-01
1.1730942621e+03 1.6282678322e-01
1.1733498608e+03 1.6285824620e-01
1.1736336241e+03 1.6289345365e-01
1.1739612168e+03 1.6293365166e-01
1.1743325461e+03 1.6298085734e-01
1.1747485008e+03 1.6303343617e-01
1.1751925980e+03 1.6309025269e-01
1.1756664954e+03 1.6315006548e-01
1.1761600067e+03 1.6321317514e-01
1.1766542910e+03 1.6327527487e-01
1.1771234449e+03 1.6333413930e-01
1.1775601018e+03 1.6338723725e-01
1.1779632467e+03 1.6343599378e-01
1.1783432171e+03 1.6347999199e-01
1.1786918603e+03 1.6351956865e-01
1.1790315405e+03 1.6355695346e-01
1.1793606100e+03 1.6359472343e-01
1.1797040723e+03 1.6363558087e-01
1.1800581734e+03 1.6368028469e-01
1.1804265433e+03 1.6372694491e-01
1.1807955936e+03 1.6377467911e-01
1.1811698296e+03 1.6382259839e-01
1.1816650711e+03 1.6388785337e-01
1.1821717639e+03 1.6395427594e-01
1.1826505382e+03 1.6401766328e-01
1.1831144686e+03 1.6407772244e-01
1.1835773204e+03 1.6413795015e-01
1.1840523957e+03 1.6419925353e-01
1.1845317791e+03 1.6426251685e-01
1.1850154792e+03 1.6432605234e-01
1.1854926285e+03 1.6438958999e-01
1.1859539971e+03 1.6445070103e-01
1.1863899394e+03 1.6451058580e-01
1.1868012912e+03 1.6456841783e-01
1.1871943956e+03 1.6462604260e-01
1.1875944037e+03 1.6468373216e-01
1.1880217678e+03 1.6474425462e-01
1.1884865662e+03 1.6480695930e-01
1.1889651583e+03 1.6487086787e-01
1.1894522645e+03 1.6493478965e-01
1.1899470657e+03 1.6500044389e-01
1.1904567580e+03 1.6506692714e-01
1.1909725452e+03 1.6513462054e-01
1.1914996250e+03 1.6520309422e-01
1.1920406440e+03 1.6527419786e-01
1.1925818678e+03 1.6534354716e-01
1.1930987159e+03 1.6540885960e-01
1.1935967132e+03 1.6547010594e-01
1.1940857631e+03 1.6553137700e-01
1.1945774436e+03 1.6559286698e-01
1.1950466661e+03 1.6565183562e-01
1.1954980942e+03 1.6570679302e-01
1.1959442399e+03 1.6576144272e-01
1.1964016031e+03 1.6581700674e-01
1.1968481222e+03 1.6587158993e-01
1.1972486952e+03 1.6591779874e-01
1.1975936499e+03 1.6595580542e-01
1.1979233565e+03 1.6599082863e-01
1.1982734539e+03 1.6603077618e-01
1.1986745959e+03 1.6607866693e-01
1.1991064906e+03 1.6613291588e-01
1.1995496879e+03 1.6618877009e-01
1.1999811986e+03 1.6624464946e-01
1.2004144106e+03 1.6630095752e-01
1.2008518324e+03 1.6635959930e-01
1.2012932986e+03 1.6641856179e-01
1.2017020995e+03 1.6647360076e-01
1.2020650550e+03 1.6652082841e-01
1.2023820953e+03 1.6656198942e-01
1.2026910788e+03 1.6660109709e-01
1.2029927559e+03 1.6664008284e-01
1.2033384374e+03 1.6668417074e-01
1.2037625148e+03 1.6674021179e-01
1.2041763220e+03 1.6679621978e-01
1.2045753979e+03 1.6685369602e-01
1.2049556118e+03 1.6690936916e-01
1.2053248859e+03 1.6696385444e-01
1.2057091265e+03 1.6701819241e-01
1.2061599273e+03 1.6708116120e-01
1.2066102937e+03 1.6714280396e-01
1.2070380960e+03 1.6720182790e-01
1.2074477112e+03 1.6725731545e-01
1.2078378177e+03 1.6731087352e-01
1.2082190184e+03 1.6736199056e-01
1.2085928548e+03 1.6741183360e-01
1.2089813986e+03 1.6746151450e-01
1.2094618989e+03 1.6752293376e-01
1.2099832637e+03 1.6758805145e-01
1.2105075843e+03 1.6765371863e-01
1.2110351361e+03 1.6771875725e-01
1.2115632917e+03 1.6778461899e-01
1.2120900026e+03 1.6784924329e-01
1.2126001716e+03 1.6791193649e-01
1.2131056569e+03 1.6797274184e-01
1.2136170446e+03 1.6803505718e-01
1.2141183302e+03 1.6809538282e-01
1.2145923837e+03 1.6815293590e-01
1.2150579854e+03 1.6820837824e-01
1.2155131620e+03 1.6826292144e-01
1.2159540146e+03 1.6831474563e-01
1.2163774592e+03 1.6836576305e-01
1.2168199163e+03 1.6841996067e-01
1.2172817836e+03 1.6847927574e-01
1.2177431640e+03 1.6853899039e-01
1.2181659834e+03 1.6859489908e-01
1.2185388639e+03 1.6864360856e-01
1.2188716350e+03 1.6868842111e-01
1.2191988478e+03 1.6873254360e-01
1.2195374328e+03 1.6877926503e-01
1.2199007113e+03 1.6882804840e-01
1.2202615656e+03 1.6887669842e-01
1.2206195443e+03 1.6892387839e-01
1.2209923529e+03 1.6897415245e-01
1.2214135367e+03 1.6903087565e-01
1.2218627074e+03 1.6909320865e-01
1.2223201934e+03 1.6915673261e-01
1.2227811461e+03 1.6922200575e-01
1.2232646990e+03 1.6928963984e-01
1.2237551053e+03 1.6935903507e-01
1.2242556315e+03 1.6942894248e-01
1.2247650101e+03 1.6950036768e-01
1.2252914104e+03 1.6957222588e-01
1.2258069572e+03 1.6964239688e-01
1.2263035786e+03 1.6970852047e-01
1.2267850685e+03 1.6977301491e-01
1.2272636530e+03 1.6983572823e-01
1.2277283748e+03 1.6989657270e-01
1.2281911578e+03 1.6995539916e-01
1.2286520553e+03 1.7001355927e-01
1.2291134756e+03 1.7006958936e-01
1.2295570109e+03 1.7012305605e-01
1.2300010583e+03 1.7017539662e-01
1.2304402178e+03 1.7022785628e-01
1.2308626181e+03 1.7027707081e-01
1.2312344381e+03 1.7032013766e-01
1.2315656345e+03 1.7035692920e-01
1.2318732066e+03 1.7039172687e-01
1.2321886205e+03 1.7042744097e-01
1.2325071188e+03 1.7046498602e-01
1.2328376031e+03 1.7050319168e-01
1.2331712765e+03 1.7054182950e-01
1.2335157339e+03 1.7058037927e-01
1.2340980136e+03 1.7065162766e-01
1.2347221044e+03 1.7072930656e-01
1.2353133960e+03 1.7080546399e-01
1.2358616132e+03 1.7087635402e-01
1.2363528905e+03 1.7094102790e-01
1.2367938592e+03 1.7099890042e-01
1.2371950891e+03 1.7105358128e-01
1.2375898130e+03 1.7110772156e-01
1.2379869494e+03 1.7116330618e-01
1.2384033845e+03 1.7122021390e-01
1.2388319963e+03 1.7127944244e-01
1.2392711433e+03 1.7133971253e-01
1.2397096315e+03 1.7140120217e-01
1.2401529648e+03 1.7146239810e-01
1.2405975841e+03 1.7152407466e-01
1.2410467196e+03 1.7158542329e-01
1.2414871367e+03 1.7164704037e-01
1.2419197942e+03 1.7170769617e-01
1.2423359269e+03 1.7176746440e-01
1.2427264233e+03 1.7182265927e-01
1.2430795069e+03 1.7187301104e-01
1.2434066292e+03 1.7191822139e-01
1.2437210464e+03 1.7196138471e-01
1.2440475331e+03 1.7200386199e-01
1.2443921560e+03 1.7204852413e-01
1.2447682934e+03 1.7209637397e-01
1.2451598774e+03 1.7214711381e-01
1.2455635240e+03 1.7219779133e-01
1.2459641425e+03 1.7224719614e-01
1.2463534925e+03 1.7229263229e-01
1.2467273976e+03 1.7233616746e-01
1.2471070552e+03 1.7237953668e-01
1.2474990395e+03 1.7242529286e-01
1.2478959725e+03 1.7247059611e-01
1.2482597804e+03 1.7251217180e-01
1.2485952125e+03 1.7254928672e-01
1.2489302577e+03 1.7258765387e-01
1.2492971119e+03 1.7263007364e-01
1.2496735969e+03 1.7267520809e-01
1.2500478996e+03 1.7271934097e-01
1.2504141648e+03 1.7276286903e-01
1.2507928082e+03 1.7280682801e-01
1.2511820612e+03 1.7285356613e-01
1.2515877794e+03 1.7290323180e-01
1.2519870685e+03 1.7295467001e-01
1.2523708773e+03 1.7300428610e-01
1.2527242787e+03 1.7305121875e-01
1.2530689728e+03 1.7309685463e-01
1.2534100809e+03 1.7314403312e-01
1.2537671402e+03 1.7319355708e-01
1.2541408436e+03 1.7324660515e-01
1.2545512751e+03 1.7330359522e-01
1.2549807116e+03 1.7336384839e-01
1.2554099300e+03 1.7342326881e-01
1.2558114969e+03 1.7347988525e-01
1.2562051551e+03 1.7353447331e-01
1.2565856417e+03 1.7358791737e-01
1.2569661148e+03 1.7364026694e-01
1.2573517973e+03 1.7369388695e-01
1.2577588824e+03 1.7374909900e-01
1.2581626717e+03 1.7380439626e-01
1.2585534432e+03 1.7385690415e-01
1.2589250432e+03 1.7390749584e-01
1.2592972347e+03 1.7395655358e-01
1.2596556515e+03 1.7400337952e-01
1.2600070801e+03 1.7404736841e-01
1.2603485590e+03 1.7409042586e-01
1.2607008312e+03 1.7413381813e-01
1.2610522919e+03 1.7417753053e-01
1.2614089705e+03 1.7422064031e-01
1.2617594038e+03 1.7426364024e-01
1.2621118464e+03 1.7430579550e-01
1.2624555020e+03 1.7434679164e-01
1.2627818129e+03 1.7438328568e-01
1.2630597437e+03 1.7441330299e-01
1.2633059734e+03 1.7443822585e-01
1.2635363776e+03 1.7446238038e-01
1.2637994522e+03 1.7449055655e-01
1.2641043608e+03 1.7452573690e-01
1.2646368475e+03 1.7459050516e-01
1.2651627962e+03 1.7465534785e-01
1.2656751435e+03 1.7471712545e-01
1.2661643642e+03 1.7477638120e-01
1.2666278129e+03 1.7483152267e-01
1.2670480367e+03 1.7488262064e-01
1.2674243552e+03 1.7492832448e-01
1.2677622928e+03 1.7497134127e-01
1.2680897064e+03 1.7501370261e-01
1.2683972192e+03 1.7505583108e-01
1.2686911905e+03 1.7509665830e-01
1.2689840067e+03 1.7513917450e-01
1.2692988193e+03 1.7518420505e-01
1.2696281951e+03 1.7523223943e-01
1.2699663729e+03 1.7528076626e-01
1.2702964385e+03 1.7532898826e-01
1.2706117794e+03 1.7537369713e-01
1.2709054114e+03 1.7541556134e-01
1.2711995557e+03 1.7545611973e-01
1.2714882698e+03 1.7549654061e-01
1.2717725154e+03 1.7553517582e-01
1.2720325628e+03 1.7557126289e-01
1.2722831233e+03 1.7560497620e-01
1.2725354858e+03 1.7563910686e-01
1.2728126574e+03 1.7567474389e-01
1.2731136397e+03 1.7571390759e-01
1.2734290293e+03 1.7575394696e-01
1.2737354289e+03 1.7579340368e-01
1.2740417756e+03 1.7583145438e-01
1.2743551848e+03 1.7587085997e-01
1.2746914446e+03 1.7591208745e-01
1.2750338073e+03 1.7595479560e-01
1.2753796127e+03 1.7599697993e-01
1.2757237356e+03 1.7603959309e-01
1.2760785156e+03 1.7608192870e-01
1.2764207150e+03 1.7612206170e-01
1.2767500474e+03 1.7615836034e-01
1.2770568519e+03 1.7619223533e-01
1.2773546224e+03 1.7622460607e-01
1.2776382897e+03 1.7625689656e-01
1.2779256981e+03 1.7628919067e-01
1.2782249423e+03 1.7632352982e-01
1.2785496809e+03 1.7635946112e-01
1.2788927823e+03 1.7639824653e-01
1.2792743279e+03 1.7644185658e-01
1.2796764303e+03 1.7649035651e-01
1.2800726659e+03 1.7653821207e-01
1.2804321915e+03 1.7658268759e-01
1.2807913691e+03 1.7662713372e-01
1.2811604282e+03 1.7667533236e-01
1.2815302165e+03 1.7672435593e-01
1.2818739260e+03 1.7677216844e-01
1.2822121162e+03 1.7681948423e-01
1.2825367147e+03 1.7686660853e-01
1.2828456265e+03 1.7691077107e-01
1.2831374702e+03 1.7695331861e-01
1.2834508490e+03 1.7699781676e-01
1.2837770002e+03 1.7704463506e-01
1.2841261817e+03 1.7709256545e-01
1.2845077052e+03 1.7714438856e-01
1.2849473842e+03 1.7720223928e-01
1.2854132396e+03 1.7726431806e-01
1.2858789526e+03 1.7732552320e-01
1.2863125077e+03 1.7738316790e-01
1.2867349646e+03 1.7743788822e-01
1.2871646467e+03 1.7749385175e-01
1.2876357777e+03 1.7755424284e-01
1.2881226948e+03 1.7761793339e-01
1.2886122540e+03 1.7768141787e-01
1.2890877919e+03 1.7774402816e-01
1.2895665758e+03 1.7780592240e-01
1.2900272223e+03 1.7786589045e-01
1.2904680488e+03 1.7792161021e-01
1.2908721736e+03 1.7797235875e-01
1.2912553761e+03 1.7801829589e-01
1.2916123733e+03 1.7806081555e-01
1.2919716407e+03 1.7810236713e-01
1.2923328133e+03 1.7814494428e-01
1.2927045125e+03 1.7818768479e-01
1.2930733232e+03 1.7823068034e-01
1.2934738267e+03 1.7827718348e-01
1.2939149481e+03 1.7833032774e-01
1.2945741436e+03 1.7841086004e-01
1.2952235654e+03 1.7849012666e-01
1.2958663004e+03 1.7856702264e-01
1.2964874112e+03 1.7864228010e-01
1.2970817798e+03 1.7871389871e-01
1.2976276892e+03 1.7878086333e-01
1.2981304141e+03 1.7884200697e-01
1.2985899322e+03 1.7889956717e-01
1.2990448557e+03 1.7895738378e-01
1.2994973631e+03 1.7901779005e-01
1.2999552971e+03 1.7907957703e-01
1.3004090574e+03 1.7914254051e-01
1.3008659057e+03 1.7920529857e-01
1.3013254169e+03 1.7926936091e-01
1.3018019122e+03 1.7933471012e-01
1.3022732404e+03 1.7940007093e-01
1.3027300029e+03 1.7946204009e-01
1.3031557836e+03 1.7952026828e-01
1.3035930403e+03 1.7957899109e-01
1.3040553256e+03 1.7964220643e-01
1.3045335385e+03 1.7970600012e-01
1.3049790536e+03 1.7976469005e-01
1.3053903845e+03 1.7981672110e-01
1.3057926893e+03 1.7986875177e-01
1.3062331756e+03 1.7992590850e-01
1.3066961292e+03 1.7998744403e-01
1.3071700449e+03 1.8004938157e-01
1.3076327914e+03 1.8011064442e-01
1.3080963902e+03 1.8017098151e-01
1.3085498171e+03 1.8023060994e-01
1.3089978476e+03 1.8028800075e-01
1.3094227915e+03 1.8034248344e-01
1.3098299430e+03 1.8039251098e-01
1.3102064495e+03 1.8043784159e-01
1.3105791393e+03 1.8048050653e-01
1.3109496872e+03 1.8052365617e-01
1.3113491658e+03 1.8057045889e-01
1.3117651643e+03 1.8062104673e-01
1.3121859914e+03 1.8067115369e-01
1.3125818022e+03 1.8071823914e-01
1.3129731648e+03 1.8076351744e-01
1.3133774184e+03 1.8081189460e-01
1.3138269726e+03 1.8086587982e-01
1.3143000224e+03 1.8092368348e-01
1.3147742771e+03 1.8097957947e-01
1.3152083509e+03 1.8103016483e-01
1.3156258110e+03 1.8107810014e-01
1.3160482287e+03 1.8112953077e-01
1.3165120633e+03 1.8118756578e-01
1.3169885430e+03 1.8124961733e-01
1.3174673776e+03 1.8131204838e-01
1.3179298711e+03 1.8137428730e-01
1.3184035103e+03 1.8143786232e-01
1.3188705913e+03 1.8150177427e-01
1.3193317324e+03 1.8156391241e-01
1.3197617700e+03 1.8162294586e-01
1.3201692276e+03 1.8167821606e-01
1.3205982984e+03 1.8173720474e-01
1.3210865876e+03 1.8180281265e-01
1.3215502130e+03 1.8186601970e-01
1.3220005184e+03 1.8192639052e-01
1.3224316184e+03 1.8198481734e-01
1.3228769454e+03 1.8204340573e-01
1.3233569568e+03 1.8210642289e-01
1.3238871914e+03 1.8217388555e-01
1.3244545066e+03 1.8224652717e-01
1.3250487854e+03 1.8232238940e-01
1.3256183990e+03 1.8239731694e-01
1.3261336957e+03 1.8246508919e-01
1.3265774069e+03 1.8252439060e-01
1.3269868627e+03 1.8257786446e-01
1.3273745175e+03 1.8262928347e-01
1.3277573392e+03 1.8267886052e-01
1.3281344951e+03 1.8272764810e-01
1.3285378381e+03 1.8277717635e-01
1.3289717265e+03 1.8283020907e-01
1.3294432723e+03 1.8288697412e-01
1.3299196851e+03 1.8294579310e-01
1.3303920870e+03 1.8300297093e-01
1.3308512510e+03 1.8305820437e-01
1.3313298320e+03 1.8311414410e-01
1.3318352957e+03 1.8317500962e-01
1.3323683278e+03 1.8323954283e-01
1.3329071301e+03 1.8330630651e-01
1.3334631803e+03 1.8337432918e-01
1.3340050430e+03 1.8344142273e-01
1.3345223202e+03 1.8350443773e-01
1.3349768808e+03 1.8356010970e-01
1.3353863572e+03 1.8360892037e-01
1.3357769593e+03 1.8365695691e-01
1.3361903249e+03 1.8370861700e-01
1.3366161843e+03 1.8376463723e-01
1.3370579346e+03 1.8382296904e-01
1.3375026766e+03 1.8388324942e-01
1.3379584784e+03 1.8394430371e-01
1.3383915430e+03 1.8400364903e-01
1.3388015839e+03 1.8405910489e-01
1.3391615525e+03 1.8410850153e-01
1.3394892455e+03 1.8415184952e-01
1.3397937692e+03 1.8419259206e-01
1.3401130790e+03 1.8423456624e-01
1.3404493356e+03 1.8428029026e-01
1.3408260583e+03 1.8433052936e-01
1.3412172546e+03 1.8438319667e-01
1.3416071279e+03 1.8443392746e-01
1.3419735388e+03 1.8448182666e-01
1.3423553657e+03 1.8453013517e-01
1.3427503925e+03 1.8458080010e-01
1.3431502509e+03 1.8463149856e-01
1.3435233816e+03 1.8468075452e-01
1.3438936550e+03 1.8472968763e-01
1.3442542045e+03 1.8477852661e-01
1.3446137425e+03 1.8482579153e-01
1.3449602249e+03 1.8487164335e-01
1.3453373442e+03 1.8491951027e-01
1.3457236890e+03 1.8496790189e-01
1.3461134566e+03 1.8501386635e-01
1.3464967773e+03 1.8505886447e-01
1.3469058812e+03 1.8510623738e-01
1.3473252534e+03 1.8515647356e-01
1.3477503900e+03 1.8520688694e-01
1.3481526971e+03 1.8525527561e-01
1.3485389238e+03 1.8530022624e-01
1.3488975367e+03 1.8534204191e-01
1.3492749435e+03 1.8538521299e-01
1.3496649349e+03 1.8543173649e-01
1.3500797844e+03 1.8548183119e-01
1.3504955531e+03 1.8553398391e-01
1.3509219660e+03 1.8558651768e-01
1.3513318201e+03 1.8563732786e-01
1.3517274291e+03 1.8568509269e-01
1.3520929870e+03 1.8573054430e-01
1.3524661821e+03 1.8577722171e-01
1.3528475077e+03 1.8582729344e-01
1.3533213357e+03 1.8588968829e-01
1.3537817343e+03 1.8595249841e-01
1.3542276479e+03 1.8601303382e-01
1.3546617611e+03 1.8607241677e-01
1.3551092713e+03 1.8613092650e-01
1.3555685034e+03 1.8619037064e-01
1.3560461508e+03 1.8625074366e-01
1.3565267615e+03 1.8631299504e-01
1.3570241928e+03 1.8637725339e-01
1.3575197094e+03 1.8644294039e-01
1.3580037824e+03 1.8650668154e-01
1.3584505743e+03 1.8656705229e-01
1.3588880463e+03 1.8662524877e-01
1.3593277943e+03 1.8668390877e-01
1.3597995950e+03 1.8674429919e-01
1.3602808925e+03 1.8680561301e-01
1.3607543514e+03 1.8686454335e-01
1.3611889705e+03 1.8692005492e-01
1.3616080538e+03 1.8697356752e-01
1.3620259163e+03 1.8702853778e-01
1.3624600559e+03 1.8708453691e-01
1.3628900687e+03 1.8714057928e-01
1.3633399300e+03 1.8719757829e-01
1.3638083759e+03 1.8725674955e-01
1.3643174465e+03 1.8731818284e-01
1.3648358588e+03 1.8737987176e-01
1.3653583328e+03 1.8744044847e-01
1.3658649582e+03 1.8750076553e-01
1.3663672334e+03 1.8756060666e-01
1.3668541309e+03 1.8761992667e-01
1.3673417288e+03 1.8767830842e-01
1.3678176684e+03 1.8773632749e-01
1.3682908792e+03 1.8779369330e-01
1.3687286498e+03 1.8784841697e-01
1.3691597170e+03 1.8790180688e-01
1.3695867493e+03 1.8795544330e-01
1.3700403574e+03 1.8801109268e-01
1.3705014738e+03 1.8806888117e-01
1.3709613769e+03 1.8812611394e-01
1.3713844501e+03 1.8817998944e-01
1.3717817192e+03 1.8822971694e-01
1.3721624357e+03 1.8827904128e-01
1.3725630937e+03 1.8833131944e-01
1.3729495426e+03 1.8838393482e-01
1.3733224594e+03 1.8843386692e-01
1.3736608671e+03 1.8847921634e-01
1.3739908742e+03 1.8852071000e-01
1.3742947525e+03 1.8855829686e-01
1.3745856619e+03 1.8859282142e-01
1.3748687176e+03 1.8862851568e-01
1.3751919549e+03 1.8867045324e-01
1.3755540836e+03 1.8872021480e-01
1.3759694036e+03 1.8877674636e-01
1.3763901725e+03 1.8883499506e-01
1.3767975633e+03 1.8888956128e-01
1.3771471455e+03 1.8893616604e-01
1.3774642404e+03 1.8897639623e-01
1.3777497759e+03 1.8901326966e-01
1.3780376214e+03 1.8904971147e-01
1.3783246862e+03 1.8908743801e-01
1.3786313397e+03 1.8912691228e-01
1.3789368150e+03 1.8916741878e-01
1.3792594821e+03 1.8920911707e-01
1.3795771566e+03 1.8925057582e-01
1.3799063775e+03 1.8929091731e-01
1.3802143190e+03 1.8932726119e-01
1.3805121914e+03 1.8935932030e-01
1.3807780657e+03 1.8938743454e-01
1.3810336115e+03 1.8941344212e-01
1.3812933910e+03 1.8944202873e-01
1.3816107252e+03 1.8947844025e-01
1.3819704979e+03 1.8952279306e-01
1.3823734163e+03 1.8957289525e-01
1.3827902624e+03 1.8962653943e-01
1.3832389957e+03 1.8968331158e-01
1.3836649742e+03 1.8973742756e-01
1.3840653244e+03 1.8978638743e-01
1.3844338454e+03 1.8983221673e-01
1.3848086547e+03 1.8987845762e-01
1.3851643885e+03 1.8992395485e-01
1.3855034632e+03 1.8996649617e-01
1.3858097708e+03 1.9000573022e-01
1.3861161087e+03 1.9004394218e-01
1.3864138660e+03 1.9008250321e-01
1.3867451124e+03 1.9012507502e-01
1.3870981750e+03 1.9017187551e-01
1.3875219078e+03 1.9022648879e-01
1.3879576854e+03 1.9028296792e-01
1.3883813619e+03 1.9033616564e-01
1.3888004908e+03 1.9038951715e-01
1.3892263641e+03 1.9044277644e-01
1.3896376129e+03 1.9049571160e-01
1.3900447626e+03 1.9054796328e-01
1.3904268135e+03 1.9059894271e-01
1.3908024126e+03 1.9064864083e-01
1.3911694171e+03 1.9069826041e-01
1.3915560547e+03 1.9074887465e-01
1.3919425493e+03 1.9080022006e-01
1.3923226777e+03 1.9085017175e-01
1.3926587747e+03 1.9089627920e-01
1.3929626255e+03 1.9093740170e-01
1.3932528287e+03 1.9097722800e-01
1.3935955758e+03 1.9102200157e-01
1.3939969243e+03 1.9107488372e-01
1.3944493537e+03 1.9113271859e-01
1.3949057384e+03 1.9119085688e-01
1.3953865115e+03 1.9124913603e-01
1.3958985083e+03 1.9131050820e-01
1.3964512233e+03 1.9137489096e-01
1.3970031523e+03 1.9144032075e-01
1.3975452815e+03 1.9150452614e-01
1.3980315825e+03 1.9156385425e-01
1.3984652704e+03 1.9161637749e-01
1.3988552661e+03 1.9166518896e-01
1.3992733920e+03 1.9171726551e-01
1.3997080787e+03 1.9177283867e-01
1.4001506649e+03 1.9182839629e-01
1.4005810952e+03 1.9188343832e-01
1.4010253563e+03 1.9193921489e-01
1.4014606045e+03 1.9199479932e-01
1.4018844600e+03 1.9204763089e-01
1.4022651962e+03 1.9209551461e-01
1.4026328314e+03 1.9214009578e-01
1.4029802225e+03 1.9218281539e-01
1.4033411925e+03 1.9222620682e-01
1.4036951344e+03 1.9226993843e-01
1.4040556335e+03 1.9231374928e-01
1.4044231125e+03 1.9236007896e-01
1.4048303876e+03 1.9241120998e-01
1.4052515894e+03 1.9246567585e-01
1.4056715945e+03 1.9251894074e-01
1.4060578503e+03 1.9256864642e-01
1.4064566885e+03 1.9261858778e-01
1.4068692556e+03 1.9267103912e-01
1.4073116694e+03 1.9272599766e-01
1.4077327780e+03 1.9277936541e-01
1.4081351983e+03 1.9282981621e-01
1.4085058603e+03 1.9287825426e-01
1.4088679252e+03 1.9292579308e-01
1.4092097851e+03 1.9297319708e-01
1.4095731498e+03 1.9302345377e-01
1.4099625754e+03 1.9307848622e-01
1.4104100044e+03 1.9313935994e-01
1.4108798860e+03 1.9320328014e-01
1.4113860872e+03 1.9327002699e-01
1.4118945690e+03 1.9333726567e-01
1.4123963118e+03 1.9340103797e-01
1.4128342417e+03 1.9345548551e-01
1.4132204543e+03 1.9349999760e-01
1.4135694658e+03 1.9353934822e-01
1.4139430484e+03 1.9358032766e-01
1.4143345341e+03 1.9362500937e-01
1.4147411524e+03 1.9367111832e-01
1.4151197401e+03 1.9371537172e-01
1.4155071438e+03 1.9376078548e-01
1.4158980090e+03 1.9380921984e-01
1.4163063990e+03 1.9386006037e-01
1.4166850835e+03 1.9390855440e-01
1.4170519217e+03 1.9395424985e-01
1.4173993278e+03 1.9399828358e-01
1.4177707242e+03 1.9404399536e-01
1.4181506760e+03 1.9409135084e-01
1.4185568874e+03 1.9414059373e-01
1.4189597296e+03 1.9419052404e-01
1.4193778926e+03 1.9424145696e-01
1.4197786503e+03 1.9429098014e-01
1.4201813004e+03 1.9433932492e-01
1.4205760358e+03 1.9438798958e-01
1.4210079612e+03 1.9444125311e-01
1.4214485150e+03 1.9449775511e-01
1.4219288429e+03 1.9455892410e-01
1.4224788044e+03 1.9463022796e-01
1.4230117541e+03 1.9469772457e-01
1.4235208544e+03 1.9476242159e-01
1.4240316238e+03 1.9482535382e-01
1.4245228868e+03 1.9488621332e-01
1.4249928613e+03 1.9494302693e-01
1.4254252564e+03 1.9499670875e-01
1.4258708393e+03 1.9505255389e-01
1.4263215918e+03 1.9511235024e-01
1.4267821103e+03 1.9517441568e-01
1.4272384482e+03 1.9523849812e-01
1.4277372076e+03 1.9530738276e-01
1.4282678184e+03 1.9538067190e-01
1.4288313293e+03 1.9545537499e-01
1.4293968693e+03 1.9552954379e-01
1.4299690085e+03 1.9560188798e-01
1.4305081060e+03 1.9566997516e-01
1.4310302915e+03 1.9573388168e-01
1.4315186593e+03 1.9579361434e-01
1.4319918864e+03 1.9584928508e-01
1.4324346162e+03 1.9590138024e-01
1.4328908932e+03 1.9595393973e-01
1.4333555041e+03 1.9600899234e-01
1.4338421135e+03 1.9606619438e-01
1.4343172303e+03 1.9612349472e-01
1.4347942494e+03 1.9618066222e-01
1.4352523798e+03 1.9623767677e-01
1.4357199631e+03 1.9629592584e-01
1.4361822121e+03 1.9635494964e-01
1.4366543986e+03 1.9641357966e-01
1.4371008846e+03 1.9646925690e-01
1.4375467918e+03 1.9652340748e-01
1.4379769814e+03 1.9657652356e-01
1.4384174227e+03 1.9662945183e-01
1.4388485067e+03 1.9668180215e-01
1.4392913000e+03 1.9673438161e-01
1.4397076833e+03 1.9678515698e-01
1.4401023500e+03 1.9683297979e-01
1.4404688989e+03 1.9687920222e-01
1.4408792369e+03 1.9693033058e-01
1.4413147172e+03 1.9698561244e-01
1.4417550688e+03 1.9704007025e-01
1.4421593126e+03 1.9709107949e-01
1.4425738947e+03 1.9714253456e-01
1.4429963838e+03 1.9719613827e-01
1.4434463677e+03 1.9725167558e-01
1.4438764744e+03 1.9730520953e-01
1.4443007319e+03 1.9735686555e-01
1.4446999161e+03 1.9740748556e-01
1.4451167256e+03 1.9746122120e-01
1.4455179613e+03 1.9751603279e-01
1.4459146055e+03 1.9757034011e-01
1.4462897555e+03 1.9762334325e-01
1.4466801924e+03 1.9767672584e-01
1.4470592845e+03 1.9772869921e-01
1.4474357281e+03 1.9777761539e-01
1.4477811153e+03 1.9782210290e-01
1.4481327066e+03 1.9786503210e-01
1.4484734211e+03 1.9790681176e-01
1.4488468144e+03 1.9795091314e-01
1.4492373706e+03 1.9799773202e-01
1.4496647915e+03 1.9804792544e-01
1.4500780827e+03 1.9809775685e-01
1.4504782495e+03 1.9814506023e-01
1.4508380303e+03 1.9818789861e-01
1.4512549484e+03 1.9823609566e-01
1.4517367016e+03 1.9829359117e-01
1.4522075593e+03 1.9834964373e-01
1.4526445387e+03 1.9840414577e-01
1.4530724627e+03 1.9845725526e-01
1.4534806878e+03 1.9850860874e-01
1.4539126678e+03 1.9856086641e-01
1.4543658773e+03 1.9861633212e-01
1.4548517190e+03 1.9867473461e-01
1.4553364014e+03 1.9873417783e-01
1.4558509592e+03 1.9879623118e-01
1.4563942085e+03 1.9886315865e-01
1.4569805700e+03 1.9893482729e-01
1.4575628699e+03 1.9900774600e-01
1.4581401717e+03 1.9907936747e-01
1.4586963517e+03 1.9914959058e-01
1.4592696997e+03 1.9922077328e-01
1.4598341577e+03 1.9929184695e-01
1.4603988976e+03 1.9936188100e-01
1.4609390084e+03 1.9943017930e-01
1.4614912647e+03 1.9949908582e-01
1.4620334161e+03 1.9956770308e-01
1.4625877292e+03 1.9963654687e-01
1.4631362635e+03 1.9970639601e-01
1.4637008718e+03 1.9977848431e-01
1.4642446964e+03 1.9985036656e-01
1.4647751170e+03 1.9991983956e-01
1.4652761611e+03 1.9998678925e-01
1.4657985103e+03 2.0005579169e-01
1.4663159895e+03 2.0012592538e-01
1.4668198136e+03 2.0019297099e-01
1.4672534209e+03 2.0025093728e-01
1.4676571886e+03 2.0030247518e-01
1.4680522226e+03 2.0035306046e-01
1.4684899442e+03 2.0040706053e-01
1.4689496118e+03 2.0046392726e-01
1.4694509222e+03 2.0052394368e-01
1.4699477773e+03 2.0058428006e-01
1.4704515849e+03 2.0064485637e-01
1.4709467627e+03 2.0070635614e-01
1.4714816756e+03 2.0077243977e-01
1.4720093331e+03 2.0083881928e-01
1.4725269030e+03 2.0090216576e-01
1.4730061999e+03 2.0096100126e-01
1.4734985486e+03 2.0101991289e-01
1.4740078775e+03 2.0108239196e-01
1.4745636694e+03 2.0115005520e-01
1.4751271390e+03 2.0122004651e-01
1.4757312126e+03 2.0129416790e-01
1.4763402789e+03 2.0137053038e-01
1.4769555711e+03 2.0144701027e-01
1.4775175567e+03 2.0151785591e-01
1.4780662440e+03 2.0158543474e-01
1.4785987518e+03 2.0165200809e-01
1.4791624098e+03 2.0172185751e-01
1.4797248678e+03 2.0179318744e-01
1.4802960952e+03 2.0186417946e-01
1.4808302917e+03 2.0193087405e-01
1.4813535267e+03 2.0199470341e-01
1.4818264203e+03 2.0205368547e-01
1.4823390600e+03 2.0211687961e-01
1.4828670504e+03 2.0218299642e-01
1.4833737911e+03 2.0224482764e-01
1.4838293588e+03 2.0230153217e-01
1.4842491325e+03 2.0235345852e-01
1.4846122844e+03 2.0240068640e-01
1.4849677264e+03 2.0244681714e-01
1.4853142800e+03 2.0249333188e-01
1.4856869976e+03 2.0254183140e-01
1.4860705122e+03 2.0259284397e-01
1.4864889195e+03 2.0264743774e-01
1.4869206119e+03 2.0270526715e-01
1.4873911715e+03 2.0276693427e-01
1.4878905263e+03 2.0283337199e-01
1.4884439713e+03 2.0290507764e-01
1.4889890623e+03 2.0297569382e-01
1.4895252526e+03 2.0304228003e-01
1.4900270691e+03 2.0310449799e-01
1.4905445668e+03 2.0316747040e-01
1.4910720590e+03 2.0323361650e-01
1.4916357820e+03 2.0330385086e-01
1.4921916582e+03 2.0337460507e-01
1.4927191730e+03 2.0344060167e-01
1.4931899198e+03 2.0350066875e-01
1.4936803549e+03 2.0356203033e-01
1.4941966995e+03 2.0362721109e-01
1.4947680793e+03 2.0369688174e-01
1.4953545488e+03 2.0376846564e-01
1.4959715310e+03 2.0384241015e-01
1.4965659300e+03 2.0391499668e-01
1.4971380733e+03 2.0398359980e-01
1.4976580057e+03 2.0404635029e-01
1.4981747364e+03 2.0410732019e-01
1.4986738360e+03 2.0416778185e-01
1.4991668345e+03 2.0422693044e-01
1.4996025423e+03 2.0428027973e-01
1.5000065785e+03 2.0432822595e-01
1.5003731763e+03 2.0437236244e-01
1.5007444002e+03 2.0441576735e-01
1.5010910767e+03 2.0445752455e-01
1.5014638753e+03 2.0450219119e-01
1.5018593651e+03 2.0455192991e-01
1.5023134954e+03 2.0460855832e-01
1.5027635972e+03 2.0466581958e-01
1.5032115537e+03 2.0472108614e-01
1.5036316929e+03 2.0477385996e-01
1.5040720767e+03 2.0482886575e-01
1.5045124372e+03 2.0488701884e-01
1.5049881742e+03 2.0495053408e-01
1.5054752353e+03 2.0501776979e-01
1.5059911779e+03 2.0508687785e-01
1.5064696155e+03 2.0515067366e-01
1.5069384832e+03 2.0521029552e-01
1.5073886564e+03 2.0526808584e-01
1.5078674884e+03 2.0532883773e-01
1.5083352965e+03 2.0539023840e-01
1.5088130205e+03 2.0545167348e-01
1.5092728961e+03 2.0551100977e-01
1.5097509176e+03 2.0557034947e-01
1.5102129973e+03 2.0562880879e-01
1.5106841048e+03 2.0568790128e-01
1.5111253798e+03 2.0574494293e-01
1.5115601915e+03 2.0579971085e-01
1.5119588967e+03 2.0585068022e-01
1.5123826837e+03 2.0590370420e-01
1.5128215764e+03 2.0596041210e-01
1.5132956085e+03 2.0602033026e-01
1.5137447986e+03 2.0607714033e-01
1.5141945014e+03 2.0613098945e-01
1.5146147946e+03 2.0618076708e-01
1.5150383589e+03 2.0622874474e-01
1.5154357035e+03 2.0627412051e-01
1.5158409684e+03 2.0631890987e-01
1.5162178950e+03 2.0636129653e-01
1.5165983216e+03 2.0640340554e-01
1.5169556547e+03 2.0644467969e-01
1.5173272244e+03 2.0648716658e-01
1.5177844270e+03 2.0654216350e-01
1.5182334109e+03 2.0659529955e-01
1.5186403841e+03 2.0664503606e-01
1.5190419847e+03 2.0669327854e-01
1.5194233616e+03 2.0674013946e-01
1.5198226408e+03 2.0678799645e-01
1.5202092912e+03 2.0683602209e-01
1.5206043665e+03 2.0688452171e-01
1.5209907750e+03 2.0693350572e-01
1.5214075751e+03 2.0698543109e-01
1.5218061743e+03 2.0703722472e-01
1.5221932473e+03 2.0708789866e-01
1.5225470183e+03 2.0713716922e-01
1.5229129689e+03 2.0718746787e-01
1.5232579674e+03 2.0723588631e-01
1.5235992106e+03 2.0728117191e-01
1.5239267521e+03 2.0732447762e-01
1.5242927275e+03 2.0737042360e-01
1.5246755975e+03 2.0741932820e-01
1.5250875669e+03 2.0747046975e-01
1.5254849686e+03 2.0752083737e-01
1.5259049183e+03 2.0757259787e-01
1.5263236629e+03 2.0762535262e-01
1.5267564949e+03 2.0767879107e-01
1.5271550452e+03 2.0772979387e-01
1.5275508158e+03 2.0778019719e-01
1.5279296942e+03 2.0783057001e-01
1.5283297388e+03 2.0788253241e-01
1.5287297799e+03 2.0793551996e-01
1.5291766081e+03 2.0799294748e-01
1.5296464697e+03 2.0805414211e-01
1.5301552706e+03 2.0811801737e-01
1.5306426053e+03 2.0817896103e-01
1.5311314915e+03 2.0823718032e-01
1.5316047729e+03 2.0829296471e-01
1.5320962584e+03 2.0834811759e-01
1.5325542432e+03 2.0839908900e-01
1.5329801029e+03 2.0844414352e-01
1.5333365942e+03 2.0848166191e-01
1.5336671219e+03 2.0851505932e-01
1.5339548140e+03 2.0854542452e-01
1.5342559757e+03 2.0857782136e-01
1.5345531809e+03 2.0861240980e-01
1.5348796729e+03 2.0865033838e-01
1.5352066157e+03 2.0869045940e-01
1.5355810513e+03 2.0873625204e-01
1.5359827862e+03 2.0878721167e-01
1.5364439681e+03 2.0884419405e-01
1.5369203060e+03 2.0890423184e-01
1.5374219317e+03 2.0896652045e-01
1.5378884833e+03 2.0902605634e-01
1.5383433704e+03 2.0908304082e-01
1.5387632972e+03 2.0913753204e-01
1.5392137466e+03 2.0919615429e-01
1.5396737520e+03 2.0925905917e-01
1.5401606321e+03 2.0932500275e-01
1.5406237640e+03 2.0938877612e-01
1.5410887175e+03 2.0944991725e-01
1.5415003846e+03 2.0950337455e-01
1.5418875277e+03 2.0955030123e-01
1.5422535564e+03 2.0959476440e-01
1.5426798090e+03 2.0964584870e-01
1.5431298534e+03 2.0970224542e-01
1.5436116420e+03 2.0976198995e-01
1.5440562020e+03 2.0981829045e-01
1.5444830493e+03 2.0987121811e-01
1.5448729754e+03 2.0992191288e-01
1.5452822973e+03 2.0997530307e-01
1.5456788365e+03 2.1002910300e-01
1.5461009620e+03 2.1008455991e-01
1.5465209147e+03 2.1014038318e-01
1.5469724291e+03 2.1019795393e-01
1.5473981606e+03 2.1025205553e-01
1.5478454332e+03 2.1030587184e-01
1.5482885922e+03 2.1035919443e-01
1.5487589918e+03 2.1041391547e-01
1.5492041312e+03 2.1046595662e-01
1.5496496738e+03 2.1051540883e-01
1.5500562206e+03 2.1055963639e-01
1.5504625502e+03 2.1060129462e-01
1.5508331359e+03 2.1063960939e-01
1.5512149623e+03 2.1067902024e-01
1.5515866106e+03 2.1072033388e-01
1.5519978029e+03 2.1076738218e-01
1.5523913890e+03 2.1081505542e-01
1.5528775693e+03 2.1087409249e-01
1.5533578416e+03 2.1093423203e-01
1.5538286720e+03 2.1099240463e-01
1.5542741844e+03 2.1104926810e-01
1.5547237772e+03 2.1110572179e-01
1.5551302739e+03 2.1115819372e-01
1.5555441999e+03 2.1121028891e-01
1.5559699963e+03 2.1126531454e-01
1.5564543136e+03 2.1132664291e-01
1.5569382395e+03 2.1138975161e-01
1.5574429418e+03 2.1145498146e-01
1.5579249666e+03 2.1151953095e-01
1.5584137130e+03 2.1158413180e-01
1.5588726579e+03 2.1164615256e-01
1.5593642141e+03 2.1171009470e-01
1.5598715755e+03 2.1177597274e-01
1.5603985638e+03 2.1184162834e-01
1.5608678930e+03 2.1190068870e-01
1.5613241645e+03 2.1195696525e-01
1.5617682224e+03 2.1201360797e-01
1.5622447385e+03 2.1207347956e-01
1.5627069807e+03 2.1213331142e-01
1.5631997779e+03 2.1219628844e-01
1.5637028350e+03 2.1226244298e-01
1.5642492883e+03 2.1233311292e-01
1.5647895223e+03 2.1240451844e-01
1.5653496859e+03 2.1247686416e-01
1.5658982203e+03 2.1254797383e-01
1.5664716884e+03 2.1261889136e-01
1.5670302446e+03 2.1268744599e-01
1.5676182551e+03 2.1275765284e-01
1.5682034698e+03 2.1282902059e-01
1.5687981510e+03 2.1289995961e-01
1.5693283650e+03 2.1296265863e-01
1.5698216070e+03 2.1301734100e-01
1.5702683212e+03 2.1306598227e-01
1.5707349420e+03 2.1311520605e-01
1.5711882882e+03 2.1316438001e-01
1.5716700136e+03 2.1321672610e-01
1.5721508186e+03 2.1327181798e-01
1.5726757315e+03 2.1333308365e-01
1.5731966395e+03 2.1339734924e-01
1.5737491831e+03 2.1346597292e-01
1.5742885211e+03 2.1353502229e-01
1.5748398090e+03 2.1360414863e-01
1.5753754265e+03 2.1367273965e-01
1.5759390037e+03 2.1374398531e-01
1.5764625966e+03 2.1381189550e-01
1.5769597341e+03 2.1387488737e-01
1.5774020769e+03 2.1393193325e-01
1.5778604467e+03 2.1398944611e-01
1.5782980549e+03 2.1404576551e-01
1.5787639310e+03 2.1410471871e-01
1.5792150772e+03 2.1416356822e-01
1.5796807279e+03 2.1422274356e-01
1.5801078961e+03 2.1427762528e-01
1.5805429445e+03 2.1433109057e-01
1.5809759832e+03 2.1438523681e-01
1.5814590463e+03 2.1444465156e-01
1.5819329862e+03 2.1450502167e-01
1.5824299578e+03 2.1456753848e-01
1.5829146045e+03 2.1463038949e-01
1.5834538102e+03 2.1469952626e-01
1.5839918737e+03 2.1477064417e-01
1.5845466446e+03 2.1484289310e-01
1.5850690370e+03 2.1491235049e-01
1.5855994452e+03 2.1498080493e-01
1.5861057000e+03 2.1504659783e-01
1.5866280119e+03 2.1511174786e-01
1.5871301931e+03 2.1517452048e-01
1.5876560544e+03 2.1523782998e-01
1.5881482633e+03 2.1529731118e-01
1.5886542944e+03 2.1535654360e-01
1.5891291368e+03 2.1541287002e-01
1.5896142642e+03 2.1546881445e-01
1.5900756398e+03 2.1552275850e-01
1.5905536857e+03 2.1557668975e-01
1.5910027841e+03 2.1562749435e-01
1.5914480622e+03 2.1567555260e-01
1.5920525870e+03 2.1574506455e-01
1.5926357166e+03 2.1581120992e-01
1.5931618295e+03 2.1587303973e-01
1.5936972895e+03 2.1593615825e-01
1.5942139212e+03 2.1599939940e-01
1.5947422573e+03 2.1606356601e-01
1.5952323121e+03 2.1612498711e-01
1.5957160436e+03 2.1618441402e-01
1.5961585574e+03 2.1624003143e-01
1.5966167642e+03 2.1629656868e-01
1.5970526474e+03 2.1635258841e-01
1.5975054438e+03 2.1641018151e-01
1.5979391047e+03 2.1646702198e-01
1.5984103030e+03 2.1652726829e-01
1.5988870750e+03 2.1659002256e-01
1.5993967474e+03 2.1665601783e-01
1.5998912093e+03 2.1672141372e-01
1.6004245157e+03 2.1678941714e-01
1.6009669047e+03 2.1685878489e-01
1.6015512867e+03 2.1693123419e-01
1.6021173269e+03 2.1700268146e-01
1.6027041000e+03 2.1707578014e-01
1.6032717412e+03 2.1714852905e-01
1.6038361844e+03 2.1721999792e-01
1.6043488535e+03 2.1728680419e-01
1.6048705502e+03 2.1735372638e-01
1.6053752768e+03 2.1741998976e-01
1.6059057604e+03 2.1748757276e-01
1.6064154257e+03 2.1755292176e-01
1.6069479168e+03 2.1761845355e-01
1.6074352620e+03 2.1767848175e-01
1.6079111741e+03 2.1773485312e-01
1.6083627396e+03 2.1778959859e-01
1.6088457035e+03 2.1784722322e-01
1.6092932969e+03 2.1790162817e-01
1.6097302454e+03 2.1795220507e-01
1.6101268052e+03 2.1799803241e-01
1.6105565405e+03 2.1804618820e-01
1.6109790052e+03 2.1809487857e-01
1.6114499592e+03 2.1814806722e-01
1.6119349591e+03 2.1820398576e-01
1.6124685394e+03 2.1826411117e-01
1.6129784776e+03 2.1832277524e-01
1.6134880327e+03 2.1838071973e-01
1.6139698445e+03 2.1843801074e-01
1.6145016882e+03 2.1850155885e-01
1.6150453645e+03 2.1856904615e-01
1.6156167408e+03 2.1863897885e-01
1.6161480968e+03 2.1870547117e-01
1.6166953781e+03 2.1877270945e-01
1.6172317981e+03 2.1884042719e-01
1.6178059520e+03 2.1891203921e-01
1.6183723241e+03 2.1898496763e-01
1.6189559779e+03 2.1905927423e-01
1.6194887696e+03 2.1912874813e-01
1.6200222983e+03 2.1919660702e-01
1.6205290600e+03 2.1926245305e-01
1.6210571452e+03 2.1932970358e-01
1.6215559707e+03 2.1939480149e-01
1.6220617989e+03 2.1945862909e-01
1.6225112452e+03 2.1951561489e-01
1.6229406549e+03 2.1956782594e-01
1.6233205004e+03 2.1961543199e-01
1.6237281399e+03 2.1966540414e-01
1.6241477477e+03 2.1971833976e-01
1.6246376462e+03 2.1977866627e-01
1.6251401075e+03 2.1984243969e-01
1.6256839120e+03 2.1991022798e-01
1.6261996996e+03 2.1997541692e-01
1.6267113491e+03 2.2003736632e-01
1.6271600853e+03 2.2009174948e-01
1.6276060926e+03 2.2014394076e-01
1.6280276099e+03 2.2019510497e-01
1.6285816220e+03 2.2026222214e-01
1.6291496201e+03 2.2033270559e-01
1.6297359787e+03 2.2040339230e-01
1.6302976315e+03 2.2047165912e-01
1.6308876563e+03 2.2054169650e-01
1.6314497625e+03 2.2060987443e-01
1.6320378489e+03 2.2068023236e-01
1.6325933259e+03 2.2074802067e-01
1.6331651894e+03 2.2081566019e-01
1.6337061401e+03 2.2087970891e-01
1.6342755045e+03 2.2094492544e-01
1.6348159229e+03 2.2100823522e-01
1.6353770080e+03 2.2107385938e-01
1.6358951537e+03 2.2113661406e-01
1.6364150225e+03 2.2119826208e-01
1.6368755779e+03 2.2125359532e-01
1.6373505965e+03 2.2130939348e-01
1.6378026196e+03 2.2136452891e-01
1.6382908453e+03 2.2142348074e-01
1.6387485842e+03 2.2148052203e-01
1.6392334753e+03 2.2153990993e-01
1.6397020451e+03 2.2159957078e-01
1.6402129768e+03 2.2166399821e-01
1.6407013377e+03 2.2172757217e-01
1.6412083805e+03 2.2179187743e-01
1.6416863856e+03 2.2185388493e-01
1.6422087734e+03 2.2192009705e-01
1.6427292292e+03 2.2198779995e-01
1.6433073289e+03 2.2206146896e-01
1.6438812374e+03 2.2213599918e-01
1.6444766105e+03 2.2221086817e-01
1.6450108411e+03 2.2227808437e-01
1.6455494428e+03 2.2234327765e-01
1.6460772511e+03 2.2240851253e-01
1.6466601623e+03 2.2247962062e-01
1.6472231788e+03 2.2254986706e-01
1.6478021721e+03 2.2262002229e-01
1.6483480521e+03 2.2268651342e-01
1.6489086913e+03 2.2275263511e-01
1.6493926529e+03 2.2281024465e-01
1.6498242880e+03 2.2285981040e-01
1.6501898609e+03 2.2290314320e-01
1.6505974234e+03 2.2295120762e-01
1.6510138025e+03 2.2300253956e-01
1.6514638996e+03 2.2305659318e-01
1.6518901399e+03 2.2310881863e-01
1.6523669686e+03 2.2316569744e-01
1.6528627596e+03 2.2322633999e-01
1.6534248819e+03 2.2329368456e-01
1.6539830508e+03 2.2336182663e-01
1.6545668623e+03 2.2343143795e-01
1.6551301488e+03 2.2349995460e-01
1.6557152885e+03 2.2356975512e-01
1.6563220343e+03 2.2364358222e-01
1.6570431389e+03 2.2372967651e-01
1.6577281910e+03 2.2381218329e-01
1.6584219251e+03 2.2389411271e-01
1.6590551329e+03 2.2397015970e-01
1.6596818992e+03 2.2404430163e-01
1.6602534617e+03 2.2411358522e-01
1.6608464945e+03 2.2418480630e-01
1.6614239118e+03 2.2425653576e-01
1.6620208894e+03 2.2432995512e-01
1.6625724902e+03 2.2439988225e-01
1.6631479516e+03 2.2447197031e-01
1.6636930041e+03 2.2454243140e-01
1.6642562169e+03 2.2461404971e-01
1.6647690485e+03 2.2468105300e-01
1.6653105725e+03 2.2475036858e-01
1.6658489013e+03 2.2482127899e-01
1.6664500405e+03 2.2489850198e-01
1.6670461493e+03 2.2497566076e-01
1.6676803894e+03 2.2505444953e-01
1.6682698073e+03 2.2512782498e-01
1.6688555698e+03 2.2519848656e-01
1.6693692439e+03 2.2526122341e-01
1.6698834104e+03 2.2532192743e-01
1.6703481775e+03 2.2537736919e-01
1.6708478912e+03 2.2543504770e-01
1.6713263774e+03 2.2549110843e-01
1.6718364306e+03 2.2554925792e-01
1.6723208040e+03 2.2560627063e-01
1.6728449251e+03 2.2566812783e-01
1.6733626966e+03 2.2573260574e-01
1.6739249596e+03 2.2580238613e-01
1.6744762752e+03 2.2587267251e-01
1.6750804467e+03 2.2594758163e-01
1.6756661101e+03 2.2602092457e-01
1.6762637968e+03 2.2609318016e-01
1.6768087795e+03 2.2615955561e-01
1.6773596028e+03 2.2622485172e-01
1.6778820961e+03 2.2628862178e-01
1.6784340971e+03 2.2635507619e-01
1.6789661528e+03 2.2642033766e-01
1.6795053125e+03 2.2648362500e-01
1.6799965491e+03 2.2654093528e-01
1.6805039030e+03 2.2659797952e-01
1.6809884114e+03 2.2665390388e-01
1.6815024332e+03 2.2671280165e-01
1.6820116424e+03 2.2677368619e-01
1.6825674629e+03 2.2683992666e-01
1.6831133952e+03 2.2690735880e-01
1.6836930915e+03 2.2697854339e-01
1.6842778943e+03 2.2705302622e-01
1.6849165275e+03 2.2713353619e-01
1.6855374344e+03 2.2721352733e-01
1.6861672298e+03 2.2729305593e-01
1.6867545959e+03 2.2736867947e-01
1.6873482694e+03 2.2744328962e-01
1.6879121460e+03 2.2751545687e-01
1.6884985643e+03 2.2758922132e-01
1.6890770782e+03 2.2766424082e-01
1.6896916456e+03 2.2774238863e-01
1.6902797863e+03 2.2781758174e-01
1.6908692906e+03 2.2788975191e-01
1.6914046142e+03 2.2795557574e-01
1.6920043856e+03 2.2802774685e-01
1.6926726194e+03 2.2810969536e-01
1.6933642126e+03 2.2819219377e-01
1.6940066524e+03 2.2826892863e-01
1.6946635787e+03 2.2834561405e-01
1.6952825954e+03 2.2841951845e-01
1.6959394637e+03 2.2849789254e-01
1.6965762219e+03 2.2857660385e-01
1.6972432770e+03 2.2865876429e-01
1.6978570789e+03 2.2873593789e-01
1.6984687869e+03 2.2881113045e-01
1.6990308483e+03 2.2888094780e-01
1.6996263560e+03 2.2895307558e-01
1.7002068893e+03 2.2902413159e-01
1.7008307949e+03 2.2909897034e-01
1.7014412816e+03 2.2917350594e-01
1.7021091313e+03 2.2925413881e-01
1.7027711862e+03 2.2933536773e-01
1.7034728867e+03 2.2942011792e-01
1.7041412418e+03 2.2950151473e-01
1.7048149015e+03 2.2958136120e-01
1.7054115627e+03 2.2965179967e-01
1.7059816676e+03 2.2971713948e-01
1.7064944540e+03 2.2977683289e-01
1.7070354266e+03 2.2983946769e-01
1.7075664512e+03 2.2990314474e-01
1.7081463074e+03 2.2997293949e-01
1.7087302785e+03 2.3004574390e-01
1.7093678593e+03 2.3012460573e-01
1.7099976046e+03 2.3020417657e-01
1.7106505489e+03 2.3028586595e-01
1.7112727066e+03 2.3036554648e-01
1.7119236546e+03 2.3044726712e-01
1.7125621634e+03 2.3052798265e-01
1.7132241282e+03 2.3060996103e-01
1.7138474366e+03 2.3068914518e-01
1.7144836051e+03 2.3076972765e-01
1.7151034908e+03 2.3084986926e-01
1.7157470296e+03 2.3093067695e-01
1.7163365856e+03 2.3100416521e-01
1.7169112050e+03 2.3107296131e-01
1.7174521622e+03 2.3113829354e-01
1.7180121725e+03 2.3120476940e-01
1.7185326250e+03 2.3126731929e-01
1.7190466258e+03 2.3132733140e-01
1.7195472648e+03 2.3138668187e-01
1.7201874865e+03 2.3146246182e-01
1.7207997376e+03 2.3153608940e-01
1.7214496143e+03 2.3161346292e-01
1.7220662620e+03 2.3168850202e-01
1.7226940899e+03 2.3176497125e-01
1.7232510301e+03 2.3183473080e-01
1.7238293851e+03 2.3190652850e-01
1.7243995569e+03 2.3197800258e-01
1.7250253158e+03 2.3205416732e-01
1.7256081212e+03 2.3212480538e-01
1.7262093613e+03 2.3219609731e-01
1.7267684435e+03 2.3226332137e-01
1.7273571559e+03 2.3233335845e-01
1.7279101142e+03 2.3239970362e-01
1.7285009292e+03 2.3246881662e-01
1.7290762324e+03 2.3253608822e-01
1.7297156667e+03 2.3261034088e-01
1.7303548300e+03 2.3268663015e-01
1.7310348109e+03 2.3276823450e-01
1.7316708863e+03 2.3284593294e-01
1.7323153673e+03 2.3292381753e-01
1.7328950010e+03 2.3299447994e-01
1.7334836495e+03 2.3306524752e-01
1.7340396077e+03 2.3313303726e-01
1.7346464782e+03 2.3320704150e-01
1.7352414137e+03 2.3328164864e-01
1.7358856472e+03 2.3336257125e-01
1.7365164954e+03 2.3344289061e-01
1.7371951703e+03 2.3352786524e-01
1.7378512572e+03 2.3361034377e-01
1.7385321366e+03 2.3369504559e-01
1.7391565617e+03 2.3377378510e-01
1.7397953475e+03 2.3385391553e-01
1.7404107877e+03 2.3393205778e-01
1.7410580455e+03 2.3401284621e-01
1.7416536056e+03 2.3408690755e-01
1.7422436698e+03 2.3415868164e-01
1.7427915890e+03 2.3422570246e-01
1.7433379782e+03 2.3429144278e-01
1.7438366339e+03 2.3435134157e-01
1.7443647443e+03 2.3441364363e-01
1.7449088878e+03 2.3447836440e-01
