# Incompressible form of Friction coefficient and Re_theta_i
# Columns: Re_theta_i   Cf_i
7.2276681285e+02 4.6474467451e-03
7.2301397431e+02 4.6464952262e-03
7.2326068890e+02 4.6454394064e-03
7.2350271376e+02 4.6441948580e-03
7.2374751806e+02 4.6428475553e-03
7.2399829297e+02 4.6415093859e-03
7.2425434206e+02 4.6399316764e-03
7.2451808500e+02 4.6383762295e-03
7.2479229521e+02 4.6368776333e-03
7.2507923944e+02 4.6359220221e-03
7.2537043147e+02 4.6350104264e-03
7.2565769862e+02 4.6340827574e-03
7.2592915685e+02 4.6333340679e-03
7.2618487301e+02 4.6325216822e-03
7.2643206109e+02 4.6315112037e-03
7.2667844187e+02 4.6302052987e-03
7.2693814213e+02 4.6291083367e-03
7.2722498379e+02 4.6287423757e-03
7.2752948185e+02 4.6289095550e-03
7.2783914038e+02 4.6293574555e-03
7.2814173872e+02 4.6296853892e-03
7.2843325710e+02 4.6298217342e-03
7.2869572202e+02 4.6297344216e-03
7.2890359578e+02 4.6296041441e-03
7.2905784173e+02 4.6296217246e-03
7.2916962413e+02 4.6299075456e-03
7.2925565951e+02 4.6302050265e-03
7.2932505742e+02 4.6303224101e-03
7.2938420873e+02 4.6299850964e-03
7.2943256909e+02 4.6293720985e-03
7.2947402767e+02 4.6285797732e-03
7.2953606960e+02 4.6277391435e-03
7.2980384540e+02 4.6270264121e-03
7.3004561163e+02 4.6262038861e-03
7.3026672657e+02 4.6253929626e-03
7.3048238963e+02 4.6246630849e-03
7.3068808596e+02 4.6239698136e-03
7.3088173432e+02 4.6235236151e-03
7.3107150288e+02 4.6228141846e-03
7.3126040085e+02 4.6221402900e-03
7.3144371234e+02 4.6214271795e-03
7.3162087275e+02 4.6208923955e-03
7.3178890154e+02 4.6204417281e-03
7.3208330215e+02 4.6196662134e-03
7.3236585661e+02 4.6187648261e-03
7.3262545362e+02 4.6177788903e-03
7.3285792649e+02 4.6171631507e-03
7.3305773794e+02 4.6166399845e-03
7.3323424421e+02 4.6158050332e-03
7.3341245496e+02 4.6149486080e-03
7.3360185530e+02 4.6141092804e-03
7.3380059625e+02 4.6134205640e-03
7.3401637145e+02 4.6127682304e-03
7.3425170148e+02 4.6124100083e-03
7.3450590616e+02 4.6124514548e-03
7.3475105766e+02 4.6128602863e-03
7.3496796284e+02 4.6136649831e-03
7.3516444946e+02 4.6145411322e-03
7.3535671144e+02 4.6147379376e-03
7.3553546019e+02 4.6142343525e-03
7.3566832639e+02 4.6135362578e-03
7.3573747262e+02 4.6129793331e-03
7.3574559580e+02 4.6121266619e-03
7.3576111291e+02 4.6126029167e-03
7.3602011855e+02 4.6113657311e-03
7.3628228928e+02 4.6106532598e-03
7.3651318542e+02 4.6098333693e-03
7.3672367153e+02 4.6089865290e-03
7.3691302049e+02 4.6081073566e-03
7.3709194584e+02 4.6071337285e-03
7.3727581426e+02 4.6060668256e-03
7.3747248785e+02 4.6048694670e-03
7.3767740388e+02 4.6039006948e-03
7.3789004228e+02 4.6034713373e-03
7.3810253384e+02 4.6033189013e-03
7.3829774173e+02 4.6032251745e-03
7.3848957031e+02 4.6029016180e-03
7.3869335892e+02 4.6023264469e-03
7.3890145320e+02 4.6015837986e-03
7.3909008859e+02 4.6006167540e-03
7.3926805226e+02 4.5995167650e-03
7.3945993529e+02 4.5985718102e-03
7.3964814204e+02 4.5976883044e-03
7.3980702585e+02 4.5970700729e-03
7.3993343976e+02 4.5966344646e-03
7.4005016070e+02 4.5964893627e-03
7.4015789803e+02 4.5965541211e-03
7.4025473553e+02 4.5966792410e-03
7.4035560719e+02 4.5968266208e-03
7.4046568648e+02 4.5967272344e-03
7.4058656896e+02 4.5964801393e-03
7.4071924194e+02 4.5960631032e-03
7.4086693774e+02 4.5953803948e-03
7.4103017908e+02 4.5950433849e-03
7.4120787037e+02 4.5947261740e-03
7.4140541314e+02 4.5945915626e-03
7.4160869294e+02 4.5943212998e-03
7.4181125614e+02 4.5938202248e-03
7.4202831430e+02 4.5933546501e-03
7.4227677487e+02 4.5927735133e-03
7.4255606039e+02 4.5924431458e-03
7.4285307422e+02 4.5920720809e-03
7.4315587694e+02 4.5916783995e-03
7.4345027522e+02 4.5911677934e-03
7.4371124493e+02 4.5905028084e-03
7.4393436182e+02 4.5900229668e-03
7.4415594804e+02 4.5895301487e-03
7.4439570481e+02 4.5893032628e-03
7.4462933649e+02 4.5888055124e-03
7.4482479173e+02 4.5880490681e-03
7.4499915769e+02 4.5872356950e-03
7.4518509982e+02 4.5867220048e-03
7.4538360003e+02 4.5865484798e-03
7.4559293002e+02 4.5862456504e-03
7.4580556194e+02 4.5858574840e-03
7.4601959094e+02 4.5853626409e-03
7.4623098596e+02 4.5847365527e-03
7.4642334940e+02 4.5841517007e-03
7.4675587781e+02 4.5832359611e-03
7.4706563481e+02 4.5820748569e-03
7.4734302801e+02 4.5808905716e-03
7.4760735281e+02 4.5796063956e-03
7.4787532739e+02 4.5785024210e-03
7.4815783024e+02 4.5773606937e-03
7.4843429944e+02 4.5764082709e-03
7.4869538629e+02 4.5757972281e-03
7.4895784765e+02 4.5752564854e-03
7.4923272857e+02 4.5751466096e-03
7.4950783839e+02 4.5754152228e-03
7.4975831928e+02 4.5759966201e-03
7.4998769850e+02 4.5765654859e-03
7.5021909290e+02 4.5768322788e-03
7.5045424850e+02 4.5767807405e-03
7.5070177844e+02 4.5765343153e-03
7.5096004691e+02 4.5760650368e-03
7.5123037800e+02 4.5756275920e-03
7.5151051579e+02 4.5750787917e-03
7.5180052458e+02 4.5745049519e-03
7.5211295128e+02 4.5736232007e-03
7.5244873861e+02 4.5725772797e-03
7.5280374461e+02 4.5713867995e-03
7.5317780728e+02 4.5703333206e-03
7.5355082255e+02 4.5696189198e-03
7.5391885120e+02 4.5688697752e-03
7.5427559242e+02 4.5679308754e-03
7.5461160472e+02 4.5663418842e-03
7.5493752908e+02 4.5646894714e-03
7.5527179932e+02 4.5632263225e-03
7.5562521555e+02 4.5620280144e-03
7.5598074822e+02 4.5613679931e-03
7.5633020083e+02 4.5611093509e-03
7.5668486168e+02 4.5614574348e-03
7.5703874013e+02 4.5618685552e-03
7.5738370146e+02 4.5619669179e-03
7.5772907830e+02 4.5616452124e-03
7.5809219958e+02 4.5608428306e-03
7.5846550597e+02 4.5599283159e-03
7.5882748839e+02 4.5591477510e-03
7.5916772900e+02 4.5588848747e-03
7.5949321131e+02 4.5591182495e-03
7.5982357048e+02 4.5593846543e-03
7.6016451298e+02 4.5596252446e-03
7.6056294212e+02 4.5596026498e-03
7.6098768236e+02 4.5593799149e-03
7.6137823295e+02 4.5590864449e-03
7.6173640735e+02 4.5591205367e-03
7.6206186660e+02 4.5595365048e-03
7.6235467905e+02 4.5600449484e-03
7.6260790883e+02 4.5603161548e-03
7.6282247391e+02 4.5602061149e-03
7.6299832921e+02 4.5595706914e-03
7.6313492582e+02 4.5586645893e-03
7.6324211185e+02 4.5576483655e-03
7.6340682664e+02 4.5568591731e-03
7.6355410643e+02 4.5562553908e-03
7.6367338467e+02 4.5556129491e-03
7.6375179837e+02 4.5550109506e-03
7.6378024305e+02 4.5536441038e-03
7.6378570033e+02 4.5540250355e-03
7.6378747875e+02 4.5545151377e-03
7.6379347237e+02 4.5531651461e-03
7.6379532973e+02 4.5542206223e-03
7.6389994848e+02 4.5525385712e-03
7.6430118895e+02 4.5517497283e-03
7.6478008791e+02 4.5509045902e-03
7.6536028221e+02 4.5500795946e-03
7.6603089310e+02 4.5496866447e-03
7.6676571665e+02 4.5497152070e-03
7.6755254604e+02 4.5498286135e-03
7.6839070018e+02 4.5499813411e-03
7.6925992362e+02 4.5498403064e-03
7.7012301306e+02 4.5495220384e-03
7.7097031956e+02 4.5486056410e-03
7.7181203600e+02 4.5475007259e-03
7.7263155588e+02 4.5466117521e-03
7.7338783586e+02 4.5460289276e-03
7.7406702504e+02 4.5456867083e-03
7.7467858380e+02 4.5452943067e-03
7.7523492214e+02 4.5450396166e-03
7.7571987399e+02 4.5452119493e-03
7.7628244633e+02 4.5456494862e-03
7.7681383601e+02 4.5460459597e-03
7.7723925071e+02 4.5458617757e-03
7.7757694121e+02 4.5451796539e-03
7.7783739429e+02 4.5443148069e-03
7.7803716166e+02 4.5434516708e-03
7.7818470844e+02 4.5429701729e-03
7.7828506104e+02 4.5428371540e-03
7.7833710633e+02 4.5428297736e-03
7.7834824502e+02 4.5379529398e-03
7.7835224151e+02 4.5396682595e-03
7.7835418808e+02 4.5367959882e-03
7.7835614146e+02 4.5424493723e-03
7.7835714652e+02 4.5413479915e-03
7.7847329750e+02 4.5359329694e-03
7.7864181791e+02 4.5353624194e-03
7.7881532060e+02 4.5348244416e-03
7.7899822544e+02 4.5345657164e-03
7.7919968332e+02 4.5346240764e-03
7.7939370442e+02 4.5345702976e-03
7.7957332737e+02 4.5344821229e-03
7.7972415577e+02 4.5342685894e-03
7.7984500790e+02 4.5340534330e-03
7.8010897989e+02 4.5338381620e-03
7.8046846678e+02 4.5335378557e-03
7.8083289601e+02 4.5333486128e-03
7.8121640127e+02 4.5331659934e-03
7.8160980718e+02 4.5331519287e-03
7.8198453288e+02 4.5331587690e-03
7.8234457043e+02 4.5332985898e-03
7.8271300707e+02 4.5334561764e-03
7.8307788074e+02 4.5333154253e-03
7.8342447528e+02 4.5327581195e-03
7.8375883778e+02 4.5320568755e-03
7.8409109587e+02 4.5313653933e-03
7.8441343786e+02 4.5306685452e-03
7.8472065211e+02 4.5300487546e-03
7.8502743013e+02 4.5296457052e-03
7.8532844340e+02 4.5293339820e-03
7.8560350869e+02 4.5290054506e-03
7.8586755783e+02 4.5284699544e-03
7.8614776739e+02 4.5278300170e-03
7.8645431059e+02 4.5274261708e-03
7.8676884143e+02 4.5271748172e-03
7.8708208166e+02 4.5268772497e-03
7.8740728481e+02 4.5262862756e-03
7.8775766215e+02 4.5256280719e-03
7.8813170583e+02 4.5252745271e-03
7.8850854155e+02 4.5249532243e-03
7.8887474272e+02 4.5248415267e-03
7.8924765721e+02 4.5249190582e-03
7.8963993094e+02 4.5255013320e-03
7.9005585495e+02 4.5262769460e-03
7.9045979146e+02 4.5268759196e-03
7.9083368289e+02 4.5272318719e-03
7.9118487988e+02 4.5270290559e-03
7.9151857635e+02 4.5261615800e-03
7.9183714447e+02 4.5248547698e-03
7.9214621300e+02 4.5233712412e-03
7.9247338583e+02 4.5221321933e-03
7.9283117074e+02 4.5210084494e-03
7.9319634478e+02 4.5199297784e-03
7.9355536770e+02 4.5190255540e-03
7.9389025266e+02 4.5182608495e-03
7.9423428422e+02 4.5177212168e-03
7.9479437773e+02 4.5172117904e-03
7.9533627795e+02 4.5167173171e-03
7.9583998856e+02 4.5165237879e-03
7.9629126446e+02 4.5164888192e-03
7.9670816341e+02 4.5170270113e-03
7.9709708440e+02 4.5176044167e-03
7.9743666328e+02 4.5180315383e-03
7.9774390992e+02 4.5180411974e-03
7.9804290106e+02 4.5173784421e-03
7.9834020583e+02 4.5165293302e-03
7.9863036309e+02 4.5155003104e-03
7.9893132923e+02 4.5148497725e-03
7.9924603163e+02 4.5144366247e-03
7.9954026075e+02 4.5141395778e-03
7.9980474237e+02 4.5138921014e-03
8.0006572569e+02 4.5135556196e-03
8.0035614946e+02 4.5132045482e-03
8.0068556709e+02 4.5124686242e-03
8.0103796364e+02 4.5113607675e-03
8.0139987429e+02 4.5096876129e-03
8.0175531499e+02 4.5077323154e-03
8.0211022351e+02 4.5057030175e-03
8.0247116940e+02 4.5039003966e-03
8.0282943314e+02 4.5026042560e-03
8.0317324924e+02 4.5019440998e-03
8.0350903748e+02 4.5016576051e-03
8.0384763313e+02 4.5015851495e-03
8.0419292034e+02 4.5015873265e-03
8.0454364402e+02 4.5016011868e-03
8.0491098938e+02 4.5015981379e-03
8.0529203672e+02 4.5015227810e-03
8.0567539944e+02 4.5014884717e-03
8.0604212913e+02 4.5016304938e-03
8.0639406306e+02 4.5018260222e-03
8.0674393964e+02 4.5019152888e-03
8.0708596131e+02 4.5018751554e-03
8.0739371570e+02 4.5015525727e-03
8.0766890834e+02 4.5007558884e-03
8.0792629607e+02 4.4997579431e-03
8.0817425977e+02 4.4987279251e-03
8.0839915026e+02 4.4978331722e-03
8.0878341995e+02 4.4970397106e-03
8.0927123504e+02 4.4964624562e-03
8.0975114745e+02 4.4959872146e-03
8.1020837753e+02 4.4955171731e-03
8.1065275231e+02 4.4952162345e-03
8.1109449914e+02 4.4954803391e-03
8.1152073876e+02 4.4959043837e-03
8.1189923197e+02 4.4962392643e-03
8.1221976003e+02 4.4960711335e-03
8.1250569806e+02 4.4954326944e-03
8.1277208409e+02 4.4944039970e-03
8.1303781368e+02 4.4931615572e-03
8.1331177560e+02 4.4922967770e-03
8.1358327712e+02 4.4914497539e-03
8.1383675485e+02 4.4907923712e-03
8.1407980795e+02 4.4902766836e-03
8.1433379669e+02 4.4896626459e-03
8.1459380249e+02 4.4890985110e-03
8.1485236249e+02 4.4884891073e-03
8.1511469276e+02 4.4885090025e-03
8.1540221753e+02 4.4888956583e-03
8.1571058505e+02 4.4892899067e-03
8.1602953027e+02 4.4895670997e-03
8.1634471338e+02 4.4895708332e-03
8.1667286719e+02 4.4896097723e-03
8.1702499263e+02 4.4894996411e-03
8.1736893764e+02 4.4891812593e-03
8.1767754246e+02 4.4888577552e-03
8.1796227197e+02 4.4883810601e-03
8.1825590437e+02 4.4879604024e-03
8.1855867016e+02 4.4873428179e-03
8.1886106817e+02 4.4865538802e-03
8.1919011454e+02 4.4858879020e-03
8.1954139728e+02 4.4855343102e-03
8.1988578310e+02 4.4856208144e-03
8.2019397984e+02 4.4859606336e-03
8.2047541456e+02 4.4860730560e-03
8.2073742408e+02 4.4858893043e-03
8.2097644239e+02 4.4852964146e-03
8.2120315661e+02 4.4845501815e-03
8.2142647938e+02 4.4837595662e-03
8.2164573147e+02 4.4829585389e-03
8.2186830190e+02 4.4824089933e-03
8.2217619704e+02 4.4818917114e-03
8.2270257687e+02 4.4811914285e-03
8.2321228698e+02 4.4801813099e-03
8.2369916107e+02 4.4789804997e-03
8.2415392005e+02 4.4781229401e-03
8.2456845453e+02 4.4775364784e-03
8.2493817844e+02 4.4770768164e-03
8.2526132011e+02 4.4765345863e-03
8.2553681703e+02 4.4760989669e-03
8.2578079806e+02 4.4756940496e-03
8.2602730031e+02 4.4753537290e-03
8.2628363049e+02 4.4750971843e-03
8.2652991833e+02 4.4748415488e-03
8.2676334708e+02 4.4749112771e-03
8.2700330763e+02 4.4751436869e-03
8.2726237887e+02 4.4753021856e-03
8.2751838298e+02 4.4747154071e-03
8.2777049453e+02 4.4734491229e-03
8.2803845623e+02 4.4724806954e-03
8.2833128012e+02 4.4718314731e-03
8.2864945870e+02 4.4719641010e-03
8.2899228270e+02 4.4722557459e-03
8.2936636718e+02 4.4726262604e-03
8.2976892727e+02 4.4728103477e-03
8.3016165389e+02 4.4728441377e-03
8.3052788291e+02 4.4730567074e-03
8.3088061038e+02 4.4731200088e-03
8.3124776019e+02 4.4731643380e-03
8.3162941288e+02 4.4728126477e-03
8.3200137383e+02 4.4719149923e-03
8.3237002770e+02 4.4706888400e-03
8.3274134298e+02 4.4691311631e-03
8.3310984749e+02 4.4677292353e-03
8.3347783926e+02 4.4663724302e-03
8.3384128327e+02 4.4651756898e-03
8.3418388717e+02 4.4643965291e-03
8.3446661864e+02 4.4640934416e-03
8.3469870294e+02 4.4642491968e-03
8.3491108596e+02 4.4642787088e-03
8.3511255327e+02 4.4643036032e-03
8.3530228683e+02 4.4641999130e-03
8.3548717583e+02 4.4637761217e-03
8.3567038828e+02 4.4633981770e-03
8.3598062196e+02 4.4629568833e-03
8.3640475765e+02 4.4629327508e-03
8.3681761248e+02 4.4627972395e-03
8.3721370233e+02 4.4624497016e-03
8.3758517059e+02 4.4618140584e-03
8.3793755394e+02 4.4610878375e-03
8.3828181571e+02 4.4607342499e-03
8.3862753409e+02 4.4607524595e-03
8.3897616575e+02 4.4608606391e-03
8.3932285081e+02 4.4607069700e-03
8.3965910661e+02 4.4604530434e-03
8.3997742897e+02 4.4604371288e-03
8.4027618275e+02 4.4604368275e-03
8.4057445111e+02 4.4603341861e-03
8.4088567116e+02 4.4599095456e-03
8.4119271880e+02 4.4591982279e-03
8.4147791510e+02 4.4582082556e-03
8.4174746973e+02 4.4570814565e-03
8.4202418264e+02 4.4563221373e-03
8.4231616227e+02 4.4557645170e-03
8.4261745763e+02 4.4554471407e-03
8.4292939756e+02 4.4550419330e-03
8.4325619608e+02 4.4544890921e-03
8.4358219686e+02 4.4541028375e-03
8.4389146143e+02 4.4536395449e-03
8.4419511162e+02 4.4532272943e-03
8.4450751154e+02 4.4527748248e-03
8.4482230551e+02 4.4524650046e-03
8.4512708385e+02 4.4521875571e-03
8.4543456586e+02 4.4518847056e-03
8.4576639721e+02 4.4515128593e-03
8.4611113963e+02 4.4510931998e-03
8.4644776676e+02 4.4505617747e-03
8.4676798986e+02 4.4500987492e-03
8.4708481641e+02 4.4499419694e-03
8.4740160079e+02 4.4502103498e-03
8.4769515312e+02 4.4506164984e-03
8.4795612901e+02 4.4510918106e-03
8.4819318195e+02 4.4512564874e-03
8.4841447270e+02 4.4509091200e-03
8.4861579618e+02 4.4502199337e-03
8.4879242936e+02 4.4492297513e-03
8.4896612317e+02 4.4483554943e-03
8.4914076630e+02 4.4475805631e-03
8.4932340481e+02 4.4467844201e-03
8.4951840114e+02 4.4459994830e-03
8.4974212960e+02 4.4451909124e-03
8.4999659649e+02 4.4447815420e-03
8.5026589234e+02 4.4443309594e-03
8.5053628034e+02 4.4439008113e-03
8.5081000983e+02 4.4434268074e-03
8.5109377077e+02 4.4429785734e-03
8.5138672713e+02 4.4426693911e-03
8.5165729612e+02 4.4424955516e-03
8.5189724254e+02 4.4426460360e-03
8.5220744599e+02 4.4428373839e-03
8.5255114294e+02 4.4431512835e-03
8.5285634364e+02 4.4434347996e-03
8.5312831968e+02 4.4435106285e-03
8.5338184682e+02 4.4435429236e-03
8.5363544867e+02 4.4431984715e-03
8.5389625567e+02 4.4426326413e-03
8.5416410610e+02 4.4417768281e-03
8.5451068843e+02 4.4409535649e-03
8.5488822893e+02 4.4403132783e-03
8.5523935225e+02 4.4396878427e-03
8.5553340562e+02 4.4391381062e-03
8.5577166125e+02 4.4386866854e-03
8.5598444511e+02 4.4384709305e-03
8.5619903598e+02 4.4386161666e-03
8.5655584935e+02 4.4386418774e-03
8.5693356425e+02 4.4387435543e-03
8.5731223507e+02 4.4387536136e-03
8.5767469877e+02 4.4386268777e-03
8.5803552168e+02 4.4385148389e-03
8.5840927674e+02 4.4385569368e-03
8.5878108253e+02 4.4388814010e-03
8.5913129458e+02 4.4392384363e-03
8.5945391252e+02 4.4394501497e-03
8.5974604379e+02 4.4392135377e-03
8.6000121132e+02 4.4385463439e-03
8.6022464664e+02 4.4378600951e-03
8.6043817415e+02 4.4372953795e-03
8.6066475129e+02 4.4368393971e-03
8.6091562568e+02 4.4360753342e-03
8.6118479259e+02 4.4352421609e-03
8.6147514319e+02 4.4342974857e-03
8.6178590335e+02 4.4332407052e-03
8.6212252940e+02 4.4323348805e-03
8.6247270529e+02 4.4315572605e-03
8.6282357367e+02 4.4311470605e-03
8.6317642314e+02 4.4308043910e-03
8.6353023345e+02 4.4303111843e-03
8.6387410551e+02 4.4297001604e-03
8.6420093010e+02 4.4288873089e-03
8.6452272561e+02 4.4282287642e-03
8.6484862478e+02 4.4278008317e-03
8.6517029100e+02 4.4277837440e-03
8.6550240232e+02 4.4282332722e-03
8.6585494945e+02 4.4288121591e-03
8.6621935114e+02 4.4293239800e-03
8.6656677954e+02 4.4297365236e-03
8.6689229344e+02 4.4300103564e-03
8.6721499095e+02 4.4303350927e-03
8.6754080374e+02 4.4302309369e-03
8.6785320370e+02 4.4298274608e-03
8.6813958793e+02 4.4289042248e-03
8.6840221882e+02 4.4277325165e-03
8.6865567707e+02 4.4266652272e-03
8.6888992823e+02 4.4257736012e-03
8.6909924427e+02 4.4252207568e-03
8.6929924629e+02 4.4249460516e-03
8.6952197141e+02 4.4250167529e-03
8.6976740934e+02 4.4252265250e-03
8.7001541361e+02 4.4253889830e-03
8.7024247256e+02 4.4254394086e-03
8.7045325419e+02 4.4253426722e-03
8.7066259497e+02 4.4250148558e-03
8.7101560162e+02 4.4243320613e-03
8.7138890726e+02 4.4234037485e-03
8.7175103460e+02 4.4223485302e-03
8.7210422699e+02 4.4212108804e-03
8.7246371038e+02 4.4201740111e-03
8.7284300394e+02 4.4195243451e-03
8.7323220424e+02 4.4193356416e-03
8.7361625871e+02 4.4195929502e-03
8.7398721847e+02 4.4199824471e-03
8.7435211917e+02 4.4205604058e-03
8.7470681652e+02 4.4208768878e-03
8.7504040942e+02 4.4210531681e-03
8.7535727423e+02 4.4207885546e-03
8.7568234339e+02 4.4203201593e-03
8.7603583139e+02 4.4198045413e-03
8.7640875003e+02 4.4190395871e-03
8.7678755545e+02 4.4182430738e-03
8.7716527045e+02 4.4172274754e-03
8.7752051100e+02 4.4164451108e-03
8.7781879169e+02 4.4158187450e-03
8.7806008264e+02 4.4154972642e-03
8.7828253185e+02 4.4156570268e-03
8.7852242924e+02 4.4158982507e-03
8.7877658506e+02 4.4160606108e-03
8.7903107959e+02 4.4156351020e-03
8.7928455524e+02 4.4152335201e-03
8.7954625726e+02 4.4148688285e-03
8.7982989561e+02 4.4147284233e-03
8.8014861240e+02 4.4146398572e-03
8.8049445525e+02 4.4145164097e-03
8.8084928650e+02 4.4145811318e-03
8.8119533289e+02 4.4143445046e-03
8.8153183611e+02 4.4140255099e-03
8.8185681344e+02 4.4134684123e-03
8.8217303870e+02 4.4127591655e-03
8.8248604869e+02 4.4120507673e-03
8.8279762091e+02 4.4110236923e-03
8.8309006001e+02 4.4101637606e-03
8.8336095887e+02 4.4091524046e-03
8.8362446555e+02 4.4083434243e-03
8.8390098215e+02 4.4078841359e-03
8.8419085934e+02 4.4075634752e-03
8.8449337032e+02 4.4073725174e-03
8.8480482005e+02 4.4069167866e-03
8.8512316559e+02 4.4061858809e-03
8.8543804142e+02 4.4053289023e-03
8.8574086331e+02 4.4044722696e-03
8.8602574297e+02 4.4040346250e-03
8.8629586036e+02 4.4037780929e-03
8.8654881085e+02 4.4037061317e-03
8.8679275922e+02 4.4037442458e-03
8.8703871301e+02 4.4038712275e-03
8.8730222046e+02 4.4038273013e-03
8.8757244843e+02 4.4032627491e-03
8.8784837389e+02 4.4023652386e-03
8.8812515561e+02 4.4015861404e-03
8.8840351887e+02 4.4011065990e-03
8.8874433082e+02 4.4007457518e-03
8.8912654548e+02 4.4002934695e-03
8.8951889448e+02 4.3999134887e-03
8.8991820929e+02 4.3997844458e-03
8.9031621976e+02 4.4000312822e-03
8.9070040549e+02 4.4002250497e-03
8.9106384759e+02 4.4000644628e-03
8.9140169737e+02 4.3995220603e-03
8.9171321643e+02 4.3991388440e-03
8.9201233960e+02 4.3987826749e-03
8.9230906700e+02 4.3983250118e-03
8.9259906638e+02 4.3976668024e-03
8.9287556137e+02 4.3970767351e-03
8.9315264255e+02 4.3965717298e-03
8.9344142831e+02 4.3959583462e-03
8.9373641525e+02 4.3953447111e-03
8.9403035537e+02 4.3946349006e-03
8.9431966448e+02 4.3939696424e-03
8.9460607120e+02 4.3930571744e-03
8.9488847780e+02 4.3918244172e-03
8.9516325559e+02 4.3905854754e-03
8.9544100378e+02 4.3895952730e-03
8.9572355641e+02 4.3890340271e-03
8.9602480849e+02 4.3887617397e-03
8.9634368416e+02 4.3888210104e-03
8.9667785719e+02 4.3888885096e-03
8.9703452218e+02 4.3887085407e-03
8.9741091182e+02 4.3881912921e-03
8.9779292552e+02 4.3874942629e-03
8.9816314996e+02 4.3866921595e-03
8.9853210570e+02 4.3859002943e-03
8.9891103315e+02 4.3850935405e-03
8.9926232329e+02 4.3843426561e-03
8.9956263731e+02 4.3838108974e-03
8.9982263218e+02 4.3836523976e-03
9.0008927317e+02 4.3839557348e-03
9.0037705654e+02 4.3841591875e-03
9.0065828491e+02 4.3839398744e-03
9.0092110240e+02 4.3835102612e-03
9.0119280686e+02 4.3830824845e-03
9.0147748678e+02 4.3826568440e-03
9.0175963568e+02 4.3822051741e-03
9.0202375168e+02 4.3816791163e-03
9.0229030222e+02 4.3809572237e-03
9.0256231628e+02 4.3798516245e-03
9.0281354005e+02 4.3786778186e-03
9.0303329905e+02 4.3778819917e-03
9.0324890466e+02 4.3771773098e-03
9.0348830141e+02 4.3763874360e-03
9.0376236848e+02 4.3754823722e-03
9.0406331856e+02 4.3748032236e-03
9.0440128793e+02 4.3741592967e-03
9.0475702138e+02 4.3736936961e-03
9.0511813197e+02 4.3733890324e-03
9.0550861543e+02 4.3730437972e-03
9.0603491112e+02 4.3725220916e-03
9.0657330196e+02 4.3716104016e-03
9.0710190123e+02 4.3705499993e-03
9.0760297958e+02 4.3693457733e-03
9.0807306016e+02 4.3681929525e-03
9.0851104567e+02 4.3673806191e-03
9.0892471787e+02 4.3666557515e-03
9.0932803195e+02 4.3662346575e-03
9.0974405368e+02 4.3658256492e-03
9.1018827726e+02 4.3658488644e-03
9.1065752246e+02 4.3661980090e-03
9.1113661934e+02 4.3664853185e-03
9.1161213239e+02 4.3664691223e-03
9.1206698353e+02 4.3657915149e-03
9.1248993855e+02 4.3649257740e-03
9.1288032907e+02 4.3640757242e-03
9.1324154822e+02 4.3632900999e-03
9.1356538498e+02 4.3625571905e-03
9.1384321769e+02 4.3615766857e-03
9.1407850011e+02 4.3606674570e-03
9.1427925102e+02 4.3597908842e-03
9.1445391546e+02 4.3590412028e-03
9.1463918880e+02 4.3581612795e-03
9.1486111063e+02 4.3572890233e-03
9.1511199419e+02 4.3565858954e-03
9.1536561189e+02 4.3558072557e-03
9.1562135255e+02 4.3550578355e-03
9.1587549918e+02 4.3542257141e-03
9.1613321804e+02 4.3536438531e-03
9.1640196665e+02 4.3533423310e-03
9.1669998482e+02 4.3529391421e-03
9.1702346205e+02 4.3524639905e-03
9.1735247083e+02 4.3515986296e-03
9.1768335230e+02 4.3505981079e-03
9.1801619767e+02 4.3492639402e-03
9.1835343225e+02 4.3476826460e-03
9.1869806567e+02 4.3462296646e-03
9.1904908786e+02 4.3451450327e-03
9.1941288099e+02 4.3447643210e-03
9.1977190361e+02 4.3445831550e-03
9.2012572555e+02 4.3441784989e-03
9.2046613750e+02 4.3435176577e-03
9.2079898017e+02 4.3425976269e-03
9.2113657634e+02 4.3420589676e-03
9.2148671234e+02 4.3418452412e-03
9.2183329199e+02 4.3421383196e-03
9.2216114190e+02 4.3426814597e-03
9.2246690991e+02 4.3431963822e-03
9.2277773802e+02 4.3434049821e-03
9.2309695753e+02 4.3431045607e-03
9.2342136486e+02 4.3424764696e-03
9.2373618822e+02 4.3418045155e-03
9.2405549367e+02 4.3410570561e-03
9.2439079226e+02 4.3405908817e-03
9.2474947708e+02 4.3403014981e-03
9.2511000427e+02 4.3402364474e-03
9.2546939393e+02 4.3401027470e-03
9.2583413529e+02 4.3397690708e-03
9.2621085009e+02 4.3394844223e-03
9.2660022587e+02 4.3388226824e-03
9.2700303121e+02 4.3380983975e-03
9.2742595506e+02 4.3371727190e-03
9.2786283610e+02 4.3360072706e-03
9.2829958541e+02 4.3347495775e-03
9.2872864382e+02 4.3335072404e-03
9.2915512262e+02 4.3326691089e-03
9.2958494862e+02 4.3318716844e-03
9.3000222167e+02 4.3313103122e-03
9.3040221516e+02 4.3308916283e-03
9.3079282811e+02 4.3307278415e-03
9.3118122615e+02 4.3306015587e-03
9.3156424778e+02 4.3303777498e-03
9.3194499004e+02 4.3301685537e-03
9.3232700280e+02 4.3299649929e-03
9.3270364132e+02 4.3299042881e-03
9.3306605696e+02 4.3297305865e-03
9.3342271506e+02 4.3294802421e-03
9.3377552833e+02 4.3291773325e-03
9.3412885649e+02 4.3290023800e-03
9.3447470714e+02 4.3290504941e-03
9.3482183828e+02 4.3290563853e-03
9.3518641658e+02 4.3292373731e-03
9.3557829963e+02 4.3292191842e-03
9.3598766165e+02 4.3291610520e-03
9.3639363823e+02 4.3284697206e-03
9.3678002377e+02 4.3269750914e-03
9.3713990456e+02 4.3252308179e-03
9.3746124744e+02 4.3236128788e-03
9.3775724165e+02 4.3227748286e-03
9.3804503823e+02 4.3222714095e-03
9.3836354864e+02 4.3218476750e-03
9.3872405486e+02 4.3213050332e-03
9.3911736970e+02 4.3204068796e-03
9.3951198204e+02 4.3193381251e-03
9.3987950495e+02 4.3180922146e-03
9.4021249191e+02 4.3171172997e-03
9.4053951175e+02 4.3164305755e-03
9.4087748749e+02 4.3161806433e-03
9.4122535754e+02 4.3161878013e-03
9.4155090643e+02 4.3162505952e-03
9.4184405995e+02 4.3163492098e-03
9.4211443748e+02 4.3164922679e-03
9.4237340364e+02 4.3164007906e-03
9.4261429843e+02 4.3158287628e-03
9.4283155951e+02 4.3149386636e-03
9.4302982444e+02 4.3140230649e-03
9.4323547735e+02 4.3132807697e-03
9.4345596270e+02 4.3126698796e-03
9.4369963966e+02 4.3121987562e-03
9.4394947991e+02 4.3117174687e-03
9.4420291228e+02 4.3113944238e-03
9.4445347457e+02 4.3113341352e-03
9.4470395525e+02 4.3112760432e-03
9.4502965726e+02 4.3111296118e-03
9.4536654001e+02 4.3104848783e-03
9.4569264566e+02 4.3097749201e-03
9.4601142812e+02 4.3089274323e-03
9.4632169827e+02 4.3081612472e-03
9.4662851535e+02 4.3076818459e-03
9.4693252405e+02 4.3072510941e-03
9.4723883226e+02 4.3071991331e-03
9.4755402037e+02 4.3073721140e-03
9.4787694889e+02 4.3078848621e-03
9.4817812526e+02 4.3084176572e-03
9.4843659721e+02 4.3085757883e-03
9.4866574360e+02 4.3086746381e-03
9.4889491883e+02 4.3083237963e-03
9.4913382471e+02 4.3079907881e-03
9.4937311735e+02 4.3073919926e-03
9.4960121141e+02 4.3067374411e-03
9.4982518401e+02 4.3060045269e-03
9.5005541082e+02 4.3051588758e-03
9.5030168831e+02 4.3043319388e-03
9.5056285141e+02 4.3034502004e-03
9.5083844310e+02 4.3028468277e-03
9.5111754687e+02 4.3026164423e-03
9.5139669742e+02 4.3026790562e-03
9.5167327117e+02 4.3025126046e-03
9.5195291221e+02 4.3020855578e-03
9.5224164398e+02 4.3015624910e-03
9.5252691452e+02 4.3008111139e-03
9.5279832393e+02 4.3000546477e-03
9.5306873460e+02 4.2992359721e-03
9.5336183123e+02 4.2984235943e-03
9.5368220740e+02 4.2978614110e-03
9.5399313669e+02 4.2977615453e-03
9.5428221421e+02 4.2983519544e-03
9.5456371019e+02 4.2993569964e-03
9.5485542855e+02 4.3002504069e-03
9.5513990256e+02 4.3006509978e-03
9.5539116372e+02 4.3004010931e-03
9.5561369520e+02 4.2997768693e-03
9.5583869284e+02 4.2990392747e-03
9.5607959646e+02 4.2983212829e-03
9.5633634351e+02 4.2976809464e-03
9.5658759397e+02 4.2973660855e-03
9.5684136189e+02 4.2970658542e-03
9.5711393273e+02 4.2968407620e-03
9.5739012200e+02 4.2962771401e-03
9.5763529767e+02 4.2956302373e-03
9.5785213347e+02 4.2948850054e-03
9.5807760760e+02 4.2938893344e-03
9.5833681304e+02 4.2931037391e-03
9.5860881931e+02 4.2921102392e-03
9.5889697084e+02 4.2908128945e-03
9.5920051543e+02 4.2893691960e-03
9.5951841516e+02 4.2880124314e-03
9.5982320431e+02 4.2873175243e-03
9.6010888958e+02 4.2869257959e-03
9.6039299697e+02 4.2868620929e-03
9.6069453265e+02 4.2867207929e-03
9.6102292365e+02 4.2864577812e-03
9.6138119894e+02 4.2862869901e-03
9.6174918976e+02 4.2862255523e-03
9.6212328045e+02 4.2864481042e-03
9.6248933617e+02 4.2867462698e-03
9.6285502034e+02 4.2869297023e-03
9.6321147261e+02 4.2869944042e-03
9.6355276251e+02 4.2869607936e-03
9.6388375837e+02 4.2870255908e-03
9.6422878733e+02 4.2870145025e-03
9.6459201359e+02 4.2868019343e-03
9.6494925367e+02 4.2862173963e-03
9.6525671738e+02 4.2853461586e-03
9.6551175378e+02 4.2844427464e-03
9.6572406770e+02 4.2838026653e-03
9.6591738772e+02 4.2833515129e-03
9.6609482597e+02 4.2829757064e-03
9.6625471109e+02 4.2822733748e-03
9.6640898499e+02 4.2815609110e-03
9.6658795876e+02 4.2811844513e-03
9.6680678805e+02 4.2810008398e-03
9.6707319643e+02 4.2808118715e-03
9.6736007418e+02 4.2802676678e-03
9.6771136736e+02 4.2792705202e-03
9.6816520099e+02 4.2782746517e-03
9.6860992593e+02 4.2774802404e-03
9.6902329104e+02 4.2770505110e-03
9.6940810538e+02 4.2767273372e-03
9.6978183086e+02 4.2762969586e-03
9.7015588618e+02 4.2758578115e-03
9.7052274829e+02 4.2755084198e-03
9.7088729767e+02 4.2751541396e-03
9.7124556149e+02 4.2747638840e-03
9.7159003673e+02 4.2742219775e-03
9.7189724515e+02 4.2737262889e-03
9.7217314464e+02 4.2733338177e-03
9.7244022473e+02 4.2730864176e-03
9.7271445581e+02 4.2731051011e-03
9.7298994434e+02 4.2734790763e-03
9.7325733115e+02 4.2739478155e-03
9.7351613682e+02 4.2743825467e-03
9.7378483540e+02 4.2743711526e-03
9.7406312363e+02 4.2739871164e-03
9.7434039327e+02 4.2729315830e-03
9.7460179192e+02 4.2715362690e-03
9.7485132037e+02 4.2701596126e-03
9.7509843178e+02 4.2690475052e-03
9.7534131772e+02 4.2681622169e-03
9.7557782136e+02 4.2671016216e-03
9.7582318613e+02 4.2661956017e-03
9.7607770329e+02 4.2654985725e-03
9.7634122575e+02 4.2652931667e-03
9.7660742695e+02 4.2656589416e-03
9.7689376734e+02 4.2662168653e-03
9.7719570099e+02 4.2668818457e-03
9.7749684485e+02 4.2671134682e-03
9.7778096447e+02 4.2669729943e-03
9.7805817379e+02 4.2664855952e-03
9.7833352846e+02 4.2657128020e-03
9.7860651407e+02 4.2649356007e-03
9.7886889759e+02 4.2640855470e-03
9.7912161536e+02 4.2631852675e-03
9.7936630080e+02 4.2619318803e-03
9.7960462302e+02 4.2604015821e-03
9.7982745682e+02 4.2589617096e-03
9.8004013742e+02 4.2579667549e-03
9.8025977923e+02 4.2577347988e-03
9.8052158934e+02 4.2580822459e-03
9.8081216450e+02 4.2589245403e-03
9.8110803791e+02 4.2598039905e-03
9.8138851788e+02 4.2602221225e-03
9.8166917049e+02 4.2602315245e-03
9.8195743012e+02 4.2600808301e-03
9.8225223851e+02 4.2596657773e-03
9.8254915453e+02 4.2591712627e-03
9.8285987351e+02 4.2584473275e-03
9.8317820765e+02 4.2579917455e-03
9.8349933700e+02 4.2576279816e-03
9.8381336469e+02 4.2571778938e-03
9.8414168660e+02 4.2564306231e-03
9.8448438472e+02 4.2555659419e-03
9.8482707576e+02 4.2552013453e-03
9.8514330249e+02 4.2552471377e-03
9.8543911201e+02 4.2556174072e-03
9.8574237510e+02 4.2561277396e-03
9.8608080931e+02 4.2565069571e-03
9.8644023988e+02 4.2569227804e-03
9.8679507240e+02 4.2571413667e-03
9.8711200065e+02 4.2573488352e-03
9.8741570835e+02 4.2574808544e-03
9.8772555386e+02 4.2573322223e-03
9.8805593701e+02 4.2572134389e-03
9.8839570125e+02 4.2568903558e-03
9.8874059150e+02 4.2565539718e-03
9.8908216350e+02 4.2560685221e-03
9.8941999724e+02 4.2552560419e-03
9.8974144954e+02 4.2544909316e-03
9.9004632675e+02 4.2536649970e-03
9.9031459640e+02 4.2532832892e-03
9.9058057456e+02 4.2530064019e-03
9.9100323575e+02 4.2528165601e-03
9.9143494534e+02 4.2528041840e-03
9.9185615461e+02 4.2525018569e-03
9.9225180602e+02 4.2521030410e-03
9.9262940073e+02 4.2515442775e-03
9.9302146992e+02 4.2508413947e-03
9.9343482027e+02 4.2502530672e-03
9.9386187010e+02 4.2495783725e-03
9.9429096046e+02 4.2493337914e-03
9.9472208386e+02 4.2490510085e-03
9.9514241136e+02 4.2488410191e-03
9.9555397095e+02 4.2488979946e-03
9.9596114763e+02 4.2489960483e-03
9.9636023073e+02 4.2492680930e-03
9.9673094819e+02 4.2493984368e-03
9.9707862057e+02 4.2494847741e-03
9.9740414947e+02 4.2494894493e-03
9.9770813949e+02 4.2493529848e-03
9.9798884413e+02 4.2493613928e-03
9.9827341149e+02 4.2494390888e-03
9.9858186096e+02 4.2497581559e-03
9.9890407949e+02 4.2500796374e-03
9.9921693937e+02 4.2504120365e-03
9.9953541540e+02 4.2503519500e-03
9.9986516089e+02 4.2496005537e-03
1.0001872734e+03 4.2483146728e-03
1.0004563816e+03 4.2467231742e-03
1.0006787623e+03 4.2450096896e-03
1.0008808319e+03 4.2432401620e-03
1.0010962675e+03 4.2417325968e-03
1.0013333994e+03 4.2405873349e-03
1.0016074520e+03 4.2395835193e-03
1.0019194069e+03 4.2389687158e-03
1.0022695448e+03 4.2387369387e-03
1.0026426797e+03 4.2387227326e-03
1.0030404845e+03 4.2384398801e-03
1.0034547841e+03 4.2379185423e-03
1.0038689678e+03 4.2373138382e-03
1.0042603943e+03 4.2369361306e-03
1.0046229026e+03 4.2366163879e-03
1.0049554270e+03 4.2362506973e-03
1.0052660640e+03 4.2357906785e-03
1.0055472904e+03 4.2354775657e-03
1.0058205025e+03 4.2352611390e-03
1.0060873935e+03 4.2349385078e-03
1.0063719291e+03 4.2349055823e-03
1.0066698189e+03 4.2353052871e-03
1.0069822177e+03 4.2360430402e-03
1.0072956421e+03 4.2365830263e-03
1.0076141450e+03 4.2366207953e-03
1.0080358692e+03 4.2363506655e-03
1.0084683521e+03 4.2356835615e-03
1.0088770980e+03 4.2349828465e-03
1.0092717818e+03 4.2340331711e-03
1.0096642581e+03 4.2331942617e-03
1.0100678373e+03 4.2325121459e-03
1.0104766909e+03 4.2317047919e-03
1.0108906447e+03 4.2307927890e-03
1.0112991312e+03 4.2300309010e-03
1.0116954587e+03 4.2297889597e-03
1.0120737610e+03 4.2296908345e-03
1.0124363996e+03 4.2293970344e-03
1.0127871932e+03 4.2287467639e-03
1.0131434449e+03 4.2278601135e-03
1.0135183856e+03 4.2270707041e-03
1.0139197688e+03 4.2262667200e-03
1.0143289417e+03 4.2254996762e-03
1.0147446716e+03 4.2246106112e-03
1.0151666146e+03 4.2238566813e-03
1.0156003460e+03 4.2232389813e-03
1.0160383095e+03 4.2228350987e-03
1.0164860889e+03 4.2228447979e-03
1.0169456854e+03 4.2231533153e-03
1.0174029007e+03 4.2232563571e-03
1.0178354407e+03 4.2229119234e-03
1.0182501839e+03 4.2222141749e-03
1.0186584002e+03 4.2215447934e-03
1.0190706910e+03 4.2210475551e-03
1.0194630756e+03 4.2209945138e-03
1.0198383712e+03 4.2212208163e-03
1.0202080349e+03 4.2215168375e-03
1.0205877780e+03 4.2217900890e-03
1.0209573607e+03 4.2221533584e-03
1.0212845639e+03 4.2223625385e-03
1.0215607880e+03 4.2221139064e-03
1.0218240053e+03 4.2214471747e-03
1.0221082801e+03 4.2205415907e-03
1.0224408581e+03 4.2196029544e-03
1.0228033073e+03 4.2186403377e-03
1.0231775997e+03 4.2175632424e-03
1.0235437501e+03 4.2164161760e-03
1.0239137632e+03 4.2154690384e-03
1.0242894657e+03 4.2150180733e-03
1.0246702265e+03 4.2145014219e-03
1.0250221683e+03 4.2136166046e-03
1.0253330785e+03 4.2123722189e-03
1.0256031330e+03 4.2110895875e-03
1.0258659626e+03 4.2101409551e-03
1.0261229503e+03 4.2095866479e-03
1.0264173885e+03 4.2095412766e-03
1.0267799290e+03 4.2097193515e-03
1.0271393091e+03 4.2101443247e-03
1.0274925940e+03 4.2107216912e-03
1.0278337499e+03 4.2109757247e-03
1.0281638697e+03 4.2107537961e-03
1.0285030505e+03 4.2099654596e-03
1.0288955368e+03 4.2090744520e-03
1.0292863732e+03 4.2082693596e-03
1.0296571881e+03 4.2077223034e-03
1.0300119589e+03 4.2074248368e-03
1.0303499289e+03 4.2069694275e-03
1.0306794320e+03 4.2062645287e-03
1.0309997532e+03 4.2054523897e-03
1.0313293270e+03 4.2048146952e-03
1.0317330407e+03 4.2045842738e-03
1.0321690842e+03 4.2042904743e-03
1.0326058903e+03 4.2039030682e-03
1.0330448026e+03 4.2035101669e-03
1.0334839504e+03 4.2033440325e-03
1.0339213600e+03 4.2033855956e-03
1.0343435067e+03 4.2032032596e-03
1.0347605958e+03 4.2028394513e-03
1.0351822834e+03 4.2022630202e-03
1.0355959768e+03 4.2015642334e-03
1.0359867189e+03 4.2009083567e-03
1.0363701055e+03 4.2001777363e-03
1.0367439136e+03 4.1996944689e-03
1.0371059657e+03 4.1991576525e-03
1.0374552501e+03 4.1985713241e-03
1.0378246432e+03 4.1979916423e-03
1.0382148922e+03 4.1975950865e-03
1.0386080905e+03 4.1977930448e-03
1.0389699268e+03 4.1981128643e-03
1.0392903545e+03 4.1983816560e-03
1.0395783791e+03 4.1986469846e-03
1.0398640986e+03 4.1985797524e-03
1.0401599054e+03 4.1981008796e-03
1.0404754252e+03 4.1969970632e-03
1.0407869434e+03 4.1959031502e-03
1.0410953425e+03 4.1948548778e-03
1.0414169253e+03 4.1939663061e-03
1.0417813642e+03 4.1933219315e-03
1.0421718563e+03 4.1929134061e-03
1.0425716651e+03 4.1927607543e-03
1.0429753204e+03 4.1927936984e-03
1.0433985626e+03 4.1931406637e-03
1.0438275404e+03 4.1936354383e-03
1.0442653240e+03 4.1941113855e-03
1.0447095045e+03 4.1943986307e-03
1.0451657038e+03 4.1945005792e-03
1.0456101257e+03 4.1946654751e-03
1.0460369740e+03 4.1948179241e-03
1.0464499618e+03 4.1948880053e-03
1.0468592122e+03 4.1944294072e-03
1.0472543623e+03 4.1936520244e-03
1.0476455909e+03 4.1927478704e-03
1.0480317499e+03 4.1920885689e-03
1.0484148857e+03 4.1913629638e-03
1.0487802368e+03 4.1904367806e-03
1.0491451186e+03 4.1893973775e-03
1.0495056668e+03 4.1881332082e-03
1.0498517697e+03 4.1868719694e-03
1.0501545991e+03 4.1855936145e-03
1.0504233070e+03 4.1846302537e-03
1.0506728238e+03 4.1840403460e-03
1.0509309814e+03 4.1837781709e-03
1.0511932394e+03 4.1835990961e-03
1.0514655302e+03 4.1832404279e-03
1.0517383258e+03 4.1826014625e-03
1.0520184665e+03 4.1817590373e-03
1.0524999634e+03 4.1810748489e-03
1.0530212965e+03 4.1803903611e-03
1.0535198789e+03 4.1800288020e-03
1.0539856122e+03 4.1796324652e-03
1.0544044361e+03 4.1796656777e-03
1.0547828612e+03 4.1799758122e-03
1.0551308431e+03 4.1803005201e-03
1.0554762978e+03 4.1804688342e-03
1.0558243449e+03 4.1803899608e-03
1.0561875659e+03 4.1804149275e-03
1.0565606278e+03 4.1802992418e-03
1.0569439613e+03 4.1798940131e-03
1.0573277491e+03 4.1791593049e-03
1.0577154071e+03 4.1781870729e-03
1.0581024868e+03 4.1771659166e-03
1.0584931675e+03 4.1758851349e-03
1.0588778659e+03 4.1746789921e-03
1.0592584215e+03 4.1737877583e-03
1.0596262584e+03 4.1733848561e-03
1.0599717819e+03 4.1732852588e-03
1.0602839394e+03 4.1733933768e-03
1.0605722306e+03 4.1736093249e-03
1.0608465478e+03 4.1739229428e-03
1.0611275391e+03 4.1741619027e-03
1.0614209476e+03 4.1741439199e-03
1.0617408875e+03 4.1739108807e-03
1.0620737551e+03 4.1735264919e-03
1.0624149893e+03 4.1731386300e-03
1.0627493020e+03 4.1727702162e-03
1.0630702463e+03 4.1722621209e-03
1.0633763547e+03 4.1717041644e-03
1.0636871127e+03 4.1707336231e-03
1.0640079442e+03 4.1698969682e-03
1.0643324547e+03 4.1693624114e-03
1.0646285554e+03 4.1692055339e-03
1.0649011155e+03 4.1693050661e-03
1.0651743051e+03 4.1693367381e-03
1.0654762389e+03 4.1695213007e-03
1.0657878854e+03 4.1691547190e-03
1.0660983131e+03 4.1684076106e-03
1.0664007574e+03 4.1675199845e-03
1.0667128014e+03 4.1667120376e-03
1.0670350586e+03 4.1663078699e-03
1.0673756872e+03 4.1658338209e-03
1.0677154963e+03 4.1654869497e-03
1.0680452938e+03 4.1652359095e-03
1.0683506173e+03 4.1654254087e-03
1.0686505692e+03 4.1660195875e-03
1.0689502337e+03 4.1663923637e-03
1.0692660244e+03 4.1663323712e-03
1.0695966134e+03 4.1656911495e-03
1.0699578666e+03 4.1650011309e-03
1.0703345410e+03 4.1648595502e-03
1.0707113043e+03 4.1653333593e-03
1.0710647223e+03 4.1664494128e-03
1.0714113576e+03 4.1673591683e-03
1.0717461474e+03 4.1678532717e-03
1.0720805726e+03 4.1676657463e-03
1.0724187229e+03 4.1669214388e-03
1.0727741315e+03 4.1658367308e-03
1.0731257758e+03 4.1644676086e-03
1.0734660922e+03 4.1633153642e-03
1.0737895488e+03 4.1624092688e-03
1.0741117566e+03 4.1617106880e-03
1.0744188754e+03 4.1612439030e-03
1.0747175423e+03 4.1606480088e-03
1.0750065566e+03 4.1602647701e-03
1.0753043810e+03 4.1598898861e-03
1.0756004166e+03 4.1594964690e-03
1.0758999019e+03 4.1592734314e-03
1.0761936258e+03 4.1589460120e-03
1.0764884734e+03 4.1585951429e-03
1.0767734147e+03 4.1583533319e-03
1.0770403292e+03 4.1586551422e-03
1.0772638061e+03 4.1596027346e-03
1.0774607044e+03 4.1607488526e-03
1.0776452690e+03 4.1618950670e-03
1.0778588622e+03 4.1626718286e-03
1.0781089437e+03 4.1631874962e-03
1.0785519582e+03 4.1630314622e-03
1.0789895856e+03 4.1625238457e-03
1.0794149423e+03 4.1619828124e-03
1.0798198331e+03 4.1616923825e-03
1.0802036407e+03 4.1613011330e-03
1.0805531146e+03 4.1605824653e-03
1.0808693325e+03 4.1596464149e-03
1.0811572235e+03 4.1585350643e-03
1.0814405882e+03 4.1575180903e-03
1.0817109305e+03 4.1565380543e-03
1.0819733711e+03 4.1557650300e-03
1.0822369643e+03 4.1551944874e-03
1.0825203068e+03 4.1546948278e-03
1.0828161683e+03 4.1544700770e-03
1.0831201607e+03 4.1542836829e-03
1.0834169550e+03 4.1541172128e-03
1.0836998270e+03 4.1538097344e-03
1.0839622028e+03 4.1536087439e-03
1.0842237449e+03 4.1536526382e-03
1.0844796820e+03 4.1539314411e-03
1.0847310159e+03 4.1542828960e-03
1.0849611952e+03 4.1544488430e-03
1.0851829795e+03 4.1541490020e-03
1.0854041974e+03 4.1536094037e-03
1.0856440970e+03 4.1530818819e-03
1.0859024800e+03 4.1526375095e-03
1.0861727840e+03 4.1522860519e-03
1.0864348393e+03 4.1518020189e-03
1.0866957798e+03 4.1512969837e-03
1.0869616159e+03 4.1511344176e-03
1.0872461362e+03 4.1511687053e-03
1.0875351140e+03 4.1513942162e-03
1.0878269175e+03 4.1513991707e-03
1.0881164423e+03 4.1513201028e-03
1.0884132400e+03 4.1510284208e-03
1.0886955478e+03 4.1503785380e-03
1.0889640586e+03 4.1495539836e-03
1.0892126393e+03 4.1486459105e-03
1.0894552702e+03 4.1477933195e-03
1.0896883489e+03 4.1471514282e-03
1.0899257042e+03 4.1467589007e-03
1.0901718399e+03 4.1467498472e-03
1.0904371377e+03 4.1468055634e-03
1.0907164958e+03 4.1468352920e-03
1.0910300411e+03 4.1467497741e-03
1.0913640568e+03 4.1464375481e-03
1.0916961010e+03 4.1459027179e-03
1.0919986482e+03 4.1452078868e-03
1.0923035993e+03 4.1445621175e-03
1.0926209376e+03 4.1438707150e-03
1.0929433564e+03 4.1429899155e-03
1.0932472324e+03 4.1420079656e-03
1.0935494508e+03 4.1408925608e-03
1.0938418422e+03 4.1397298644e-03
1.0941211430e+03 4.1384011610e-03
1.0943851328e+03 4.1372004578e-03
1.0946673592e+03 4.1364764868e-03
1.0949593310e+03 4.1363509830e-03
1.0952681573e+03 4.1366074010e-03
1.0956007959e+03 4.1370188421e-03
1.0959806075e+03 4.1372621635e-03
1.0963820647e+03 4.1372671174e-03
1.0967837370e+03 4.1370295022e-03
1.0971576710e+03 4.1366264336e-03
1.0975211113e+03 4.1362038809e-03
1.0978889292e+03 4.1358047218e-03
1.0982916379e+03 4.1353783789e-03
1.0987084048e+03 4.1349014221e-03
1.0991285496e+03 4.1343483384e-03
1.0995370657e+03 4.1340771610e-03
1.0999478947e+03 4.1339036491e-03
1.1003423012e+03 4.1340010813e-03
1.1007182530e+03 4.1339066751e-03
1.1010603452e+03 4.1338532890e-03
1.1013819202e+03 4.1337417775e-03
1.1016788930e+03 4.1333759543e-03
1.1019770605e+03 4.1329285756e-03
1.1022762494e+03 4.1321950562e-03
1.1025836780e+03 4.1315737163e-03
1.1028877431e+03 4.1307736529e-03
1.1032192647e+03 4.1298985844e-03
1.1035858210e+03 4.1290750384e-03
1.1041353487e+03 4.1281830371e-03
1.1046743505e+03 4.1274550507e-03
1.1052064961e+03 4.1268859080e-03
1.1057210868e+03 4.1267255604e-03
1.1062152438e+03 4.1266736149e-03
1.1066705460e+03 4.1267750815e-03
1.1070916791e+03 4.1268394196e-03
1.1074796001e+03 4.1268873764e-03
1.1078685745e+03 4.1270158374e-03
1.1082604985e+03 4.1270707246e-03
1.1086612102e+03 4.1268235723e-03
1.1090600820e+03 4.1261939420e-03
1.1094625588e+03 4.1254408782e-03
1.1098670521e+03 4.1247153281e-03
1.1102858655e+03 4.1242160927e-03
1.1106995001e+03 4.1241218591e-03
1.1110994723e+03 4.1243770685e-03
1.1114717196e+03 4.1249978267e-03
1.1118533818e+03 4.1256699738e-03
1.1122566364e+03 4.1262193248e-03
1.1126719248e+03 4.1262305393e-03
1.1130550169e+03 4.1256269325e-03
1.1134063535e+03 4.1244904974e-03
1.1137505187e+03 4.1231438784e-03
1.1141297507e+03 4.1217160981e-03
1.1145290428e+03 4.1207647838e-03
1.1149374687e+03 4.1201880749e-03
1.1153362353e+03 4.1201305555e-03
1.1157356996e+03 4.1202987181e-03
1.1161259362e+03 4.1203884281e-03
1.1165104392e+03 4.1203531580e-03
1.1168733493e+03 4.1199809139e-03
1.1172185209e+03 4.1193781869e-03
1.1175334439e+03 4.1185491416e-03
1.1178421659e+03 4.1176483358e-03
1.1181482746e+03 4.1168379871e-03
1.1184807887e+03 4.1157882316e-03
1.1188286655e+03 4.1150202258e-03
1.1191802367e+03 4.1145873750e-03
1.1195088639e+03 4.1144780620e-03
1.1198330719e+03 4.1144341170e-03
1.1201691994e+03 4.1142982731e-03
1.1205452167e+03 4.1143194671e-03
1.1209404080e+03 4.1142641273e-03
1.1213339223e+03 4.1142991185e-03
1.1216911002e+03 4.1143863623e-03
1.1220358131e+03 4.1143181337e-03
1.1223896883e+03 4.1142018286e-03
1.1227841369e+03 4.1136684308e-03
1.1231927539e+03 4.1130992554e-03
1.1236062311e+03 4.1122859388e-03
1.1240083117e+03 4.1113732775e-03
1.1244220081e+03 4.1105501546e-03
1.1248303429e+03 4.1096004193e-03
1.1252336794e+03 4.1088048344e-03
1.1256106257e+03 4.1079190105e-03
1.1259691628e+03 4.1071829117e-03
1.1263456369e+03 4.1069122447e-03
1.1267716323e+03 4.1067995945e-03
1.1271764972e+03 4.1069666857e-03
1.1275698306e+03 4.1069446867e-03
1.1279459897e+03 4.1070018170e-03
1.1283322621e+03 4.1069798853e-03
1.1287447454e+03 4.1069622531e-03
1.1291965320e+03 4.1069960697e-03
1.1296776007e+03 4.1065406629e-03
1.1301832598e+03 4.1059623703e-03
1.1306714892e+03 4.1052206493e-03
1.1311168828e+03 4.1045540988e-03
1.1315019636e+03 4.1038850075e-03
1.1318575246e+03 4.1029508987e-03
1.1321941453e+03 4.1020884612e-03
1.1325261599e+03 4.1011007804e-03
1.1328505283e+03 4.1005104543e-03
1.1331924237e+03 4.1001531269e-03
1.1335559000e+03 4.1003483590e-03
1.1339506062e+03 4.1010182674e-03
1.1343506053e+03 4.1015418348e-03
1.1347471881e+03 4.1018590351e-03
1.1351295812e+03 4.1015430260e-03
1.1355260427e+03 4.1008818671e-03
1.1359459477e+03 4.1000656075e-03
1.1363916579e+03 4.0993290483e-03
1.1368432990e+03 4.0990496602e-03
1.1373095864e+03 4.0989284800e-03
1.1377637441e+03 4.0988726946e-03
1.1381979980e+03 4.0983122774e-03
1.1385791556e+03 4.0974733803e-03
1.1389228550e+03 4.0964195313e-03
1.1392524684e+03 4.0951698983e-03
1.1396056116e+03 4.0937200955e-03
1.1399736182e+03 4.0923287069e-03
1.1403580898e+03 4.0912915691e-03
1.1407462376e+03 4.0908685055e-03
1.1411443514e+03 4.0909880779e-03
1.1415238927e+03 4.0913557785e-03
1.1418846177e+03 4.0915197044e-03
1.1422018463e+03 4.0915312298e-03
1.1424899681e+03 4.0916042575e-03
1.1427569484e+03 4.0918393000e-03
1.1430374510e+03 4.0921581695e-03
1.1433335810e+03 4.0923345499e-03
1.1436644700e+03 4.0922979352e-03
1.1440062737e+03 4.0918945691e-03
1.1443450500e+03 4.0909105411e-03
1.1446620760e+03 4.0895212979e-03
1.1449905518e+03 4.0879922127e-03
1.1453291195e+03 4.0866623861e-03
1.1456730947e+03 4.0855785421e-03
1.1459973063e+03 4.0847362505e-03
1.1463221902e+03 4.0841363070e-03
1.1466392566e+03 4.0838057359e-03
1.1469545790e+03 4.0835495738e-03
1.1472568952e+03 4.0831805017e-03
1.1475823229e+03 4.0828124144e-03
1.1479107725e+03 4.0831085999e-03
1.1482372007e+03 4.0837583638e-03
1.1485550904e+03 4.0844811931e-03
1.1488947533e+03 4.0851428866e-03
1.1492442274e+03 4.0854628319e-03
1.1495998591e+03 4.0854819543e-03
1.1499360750e+03 4.0851630575e-03
1.1502582166e+03 4.0846597351e-03
1.1505557153e+03 4.0838787824e-03
1.1508690525e+03 4.0826513449e-03
1.1511947586e+03 4.0811068083e-03
1.1515450301e+03 4.0794317561e-03
1.1518984269e+03 4.0778746273e-03
1.1522609561e+03 4.0765871959e-03
1.1526080751e+03 4.0755917469e-03
1.1529430853e+03 4.0747314092e-03
1.1532543795e+03 4.0741220229e-03
1.1535755695e+03 4.0737985005e-03
1.1539069002e+03 4.0741197982e-03
1.1543194442e+03 4.0747606820e-03
1.1547236184e+03 4.0754026494e-03
1.1551174878e+03 4.0758709195e-03
1.1554996748e+03 4.0760811110e-03
1.1558891542e+03 4.0759817836e-03
1.1562840559e+03 4.0757294600e-03
1.1566934343e+03 4.0755907595e-03
1.1571063429e+03 4.0757975025e-03
1.1575356881e+03 4.0757345860e-03
1.1579650282e+03 4.0754012067e-03
1.1583863001e+03 4.0747569841e-03
1.1587773466e+03 4.0740583915e-03
1.1591607572e+03 4.0734195315e-03
1.1595435230e+03 4.0725632244e-03
1.1599495753e+03 4.0715702520e-03
1.1603599043e+03 4.0704124193e-03
1.1607631088e+03 4.0691147867e-03
1.1611352797e+03 4.0678571635e-03
1.1614972727e+03 4.0669377333e-03
1.1618595075e+03 4.0663554957e-03
1.1622352955e+03 4.0659752074e-03
1.1626064411e+03 4.0653980540e-03
1.1629929833e+03 4.0645216531e-03
1.1633918465e+03 4.0635211190e-03
1.1638200259e+03 4.0626230062e-03
1.1642509267e+03 4.0621880159e-03
1.1646839697e+03 4.0619418000e-03
1.1651056512e+03 4.0619824122e-03
1.1655268587e+03 4.0618912950e-03
1.1659361139e+03 4.0618293591e-03
1.1663459691e+03 4.0617978585e-03
1.1667459344e+03 4.0618473375e-03
1.1671455878e+03 4.0618809572e-03
1.1675176344e+03 4.0614629669e-03
1.1678855567e+03 4.0606894576e-03
1.1682490447e+03 4.0596558209e-03
1.1686337407e+03 4.0585199090e-03
1.1690247675e+03 4.0575497576e-03
1.1694165915e+03 4.0565378030e-03
1.1697784525e+03 4.0559533989e-03
1.1701195949e+03 4.0553672351e-03
1.1704486053e+03 4.0547525937e-03
1.1707981292e+03 4.0539411887e-03
1.1711385369e+03 4.0533665130e-03
1.1714679608e+03 4.0533181086e-03
1.1717652191e+03 4.0533954010e-03
1.1720510212e+03 4.0535549769e-03
1.1723106291e+03 4.0534437187e-03
1.1725588579e+03 4.0529948288e-03
1.1728035120e+03 4.0520156202e-03
1.1730877232e+03 4.0506610892e-03
1.1734089927e+03 4.0495212922e-03
1.1737774168e+03 4.0486083355e-03
1.1741500823e+03 4.0481852018e-03
1.1745092559e+03 4.0480161001e-03
1.1748158517e+03 4.0480114450e-03
1.1750924400e+03 4.0478663536e-03
1.1753415152e+03 4.0475847933e-03
1.1755935308e+03 4.0470082437e-03
1.1758454494e+03 4.0459666746e-03
1.1761145722e+03 4.0447806299e-03
1.1763827468e+03 4.0437463790e-03
1.1766655547e+03 4.0429512184e-03
1.1769424639e+03 4.0425670631e-03
1.1772253548e+03 4.0424915097e-03
1.1774844895e+03 4.0425356533e-03
1.1777304115e+03 4.0422278333e-03
1.1779472187e+03 4.0418573121e-03
1.1781562963e+03 4.0415234074e-03
1.1783711286e+03 4.0413790087e-03
1.1786378622e+03 4.0414645975e-03
1.1789433722e+03 4.0415551935e-03
1.1792884240e+03 4.0417548946e-03
1.1796466824e+03 4.0421710770e-03
1.1800319009e+03 4.0427345710e-03
1.1803957970e+03 4.0430120347e-03
1.1807363749e+03 4.0427128811e-03
1.1810499736e+03 4.0418966424e-03
1.1813708175e+03 4.0406515510e-03
1.1816774410e+03 4.0395600418e-03
1.1819713070e+03 4.0386681208e-03
1.1822374443e+03 4.0381290822e-03
1.1825041601e+03 4.0376898672e-03
1.1827646404e+03 4.0372291189e-03
1.1830552893e+03 4.0367986032e-03
1.1833647313e+03 4.0364443212e-03
1.1837327206e+03 4.0362563016e-03
1.1841085056e+03 4.0360711642e-03
1.1844726235e+03 4.0357548176e-03
1.1848319696e+03 4.0353140699e-03
1.1851975668e+03 4.0348425193e-03
1.1855520560e+03 4.0345224927e-03
1.1859055721e+03 4.0342644703e-03
1.1862401374e+03 4.0338960167e-03
1.1865709707e+03 4.0331789824e-03
1.1868942531e+03 4.0323596905e-03
1.1872329222e+03 4.0316433702e-03
1.1875704246e+03 4.0312722522e-03
1.1879041630e+03 4.0314145289e-03
1.1882028389e+03 4.0319951246e-03
1.1884754287e+03 4.0327688168e-03
1.1887348734e+03 4.0335428522e-03
1.1890365889e+03 4.0341878497e-03
1.1893859280e+03 4.0347377937e-03
1.1897769650e+03 4.0349357516e-03
1.1901681614e+03 4.0347222439e-03
1.1905752345e+03 4.0340000675e-03
1.1910030792e+03 4.0329345404e-03
1.1914621235e+03 4.0317949104e-03
1.1919204341e+03 4.0307745285e-03
1.1923736088e+03 4.0300290731e-03
1.1927830056e+03 4.0293648552e-03
1.1931511846e+03 4.0287443579e-03
1.1934845936e+03 4.0282785134e-03
1.1938434269e+03 4.0279065311e-03
1.1942163626e+03 4.0275386280e-03
1.1945962136e+03 4.0267468423e-03
1.1949655864e+03 4.0260724641e-03
1.1953470362e+03 4.0252574881e-03
1.1957204731e+03 4.0245556425e-03
1.1960842088e+03 4.0242990365e-03
1.1964106832e+03 4.0245108946e-03
1.1967252624e+03 4.0250910685e-03
1.1970221108e+03 4.0253065356e-03
1.1973306290e+03 4.0252150335e-03
1.1976336099e+03 4.0249158697e-03
1.1979431719e+03 4.0244204024e-03
1.1982595675e+03 4.0241820679e-03
1.1986114671e+03 4.0239007907e-03
1.1989759406e+03 4.0238916041e-03
1.1993398594e+03 4.0240371189e-03
1.1996745341e+03 4.0241250796e-03
1.2000192100e+03 4.0239963466e-03
1.2003744234e+03 4.0231917118e-03
1.2007542096e+03 4.0218936909e-03
1.2011162178e+03 4.0202620907e-03
1.2014644064e+03 4.0188381364e-03
1.2017884219e+03 4.0179856122e-03
1.2021089045e+03 4.0174701679e-03
1.2024156822e+03 4.0172738578e-03
1.2027436465e+03 4.0171569755e-03
1.2030938025e+03 4.0173080824e-03
1.2034912336e+03 4.0176773951e-03
1.2039046713e+03 4.0181198095e-03
1.2043468920e+03 4.0184079347e-03
1.2047886160e+03 4.0185224175e-03
1.2052212014e+03 4.0182871712e-03
1.2055945280e+03 4.0178582995e-03
1.2059192888e+03 4.0171025637e-03
1.2062091060e+03 4.0162649848e-03
1.2065186959e+03 4.0153687823e-03
1.2068438435e+03 4.0146229612e-03
1.2071833393e+03 4.0141861206e-03
1.2075008409e+03 4.0139678685e-03
1.2078289284e+03 4.0138337780e-03
1.2081634536e+03 4.0136643364e-03
1.2085161018e+03 4.0137032935e-03
1.2088446223e+03 4.0136744294e-03
1.2091631056e+03 4.0134539878e-03
1.2094644953e+03 4.0132386211e-03
1.2097853698e+03 4.0130892510e-03
1.2101115387e+03 4.0131945063e-03
1.2104589355e+03 4.0129976932e-03
1.2108033269e+03 4.0126114171e-03
1.2111615150e+03 4.0116303313e-03
1.2115043275e+03 4.0101926809e-03
1.2118483688e+03 4.0088548548e-03
1.2121861304e+03 4.0078281027e-03
1.2125575040e+03 4.0073779148e-03
1.2129383545e+03 4.0074308916e-03
1.2133542805e+03 4.0078112832e-03
1.2138284635e+03 4.0081347805e-03
1.2142872569e+03 4.0081779723e-03
1.2147237183e+03 4.0081045637e-03
1.2151596655e+03 4.0077101903e-03
1.2155774070e+03 4.0072435784e-03
1.2159773053e+03 4.0066695857e-03
1.2163472178e+03 4.0060074120e-03
1.2167326433e+03 4.0055139069e-03
1.2171277558e+03 4.0049668509e-03
1.2175369508e+03 4.0043463517e-03
1.2179460959e+03 4.0038331067e-03
1.2183921209e+03 4.0035931446e-03
1.2188623335e+03 4.0036807824e-03
1.2193560303e+03 4.0036536911e-03
1.2198463806e+03 4.0036380925e-03
1.2203386911e+03 4.0034276385e-03
1.2208002435e+03 4.0033450066e-03
1.2212457009e+03 4.0032832880e-03
1.2216600348e+03 4.0029192553e-03
1.2220593618e+03 4.0025109783e-03
1.2224307971e+03 4.0016998612e-03
1.2228133873e+03 4.0008580356e-03
1.2232032875e+03 4.0000399418e-03
1.2236128119e+03 3.9992903463e-03
1.2240134091e+03 3.9987953990e-03
1.2244177232e+03 3.9984632269e-03
1.2248089883e+03 3.9987932453e-03
1.2252115769e+03 3.9992357146e-03
1.2256103789e+03 3.9998346094e-03
1.2260164512e+03 4.0002957885e-03
1.2263987418e+03 4.0004519881e-03
1.2267800176e+03 4.0001445512e-03
1.2271476008e+03 3.9992492071e-03
1.2275231545e+03 3.9980750063e-03
1.2278894191e+03 3.9969371927e-03
1.2282656215e+03 3.9961100868e-03
1.2286208606e+03 3.9956125555e-03
1.2289610161e+03 3.9954064135e-03
1.2292796369e+03 3.9954142115e-03
1.2296362007e+03 3.9953344120e-03
1.2300127564e+03 3.9953264662e-03
1.2303927224e+03 3.9953247088e-03
1.2307422969e+03 3.9953417037e-03
1.2311013713e+03 3.9952192388e-03
1.2314668199e+03 3.9947320711e-03
1.2318543399e+03 3.9940308820e-03
1.2322233647e+03 3.9933766164e-03
1.2325879164e+03 3.9931997997e-03
1.2329338596e+03 3.9932448421e-03
1.2333001706e+03 3.9933286448e-03
1.2336580355e+03 3.9934422009e-03
1.2340155543e+03 3.9932574003e-03
1.2343555454e+03 3.9927443811e-03
1.2347074541e+03 3.9917277110e-03
1.2350467630e+03 3.9906540724e-03
1.2353800339e+03 3.9896408344e-03
1.2356830601e+03 3.9886469290e-03
1.2359885964e+03 3.9876461957e-03
1.2362826108e+03 3.9865224740e-03
1.2366024408e+03 3.9858419903e-03
1.2369345068e+03 3.9858730201e-03
1.2372971609e+03 3.9864501335e-03
1.2376484628e+03 3.9871648671e-03
1.2379900367e+03 3.9878139791e-03
1.2382964013e+03 3.9886887734e-03
1.2386487789e+03 3.9894291592e-03
1.2390546900e+03 3.9900166469e-03
1.2394546391e+03 3.9902671422e-03
1.2398302210e+03 3.9902859593e-03
1.2402009210e+03 3.9900807081e-03
1.2405537083e+03 3.9893614639e-03
1.2409240329e+03 3.9881918044e-03
1.2413100591e+03 3.9867231800e-03
1.2417235803e+03 3.9853058100e-03
1.2421360186e+03 3.9842415054e-03
1.2425736583e+03 3.9835984530e-03
1.2430351404e+03 3.9834816120e-03
1.2435340550e+03 3.9833262542e-03
1.2440309311e+03 3.9832655904e-03
1.2445252822e+03 3.9830885154e-03
1.2450019036e+03 3.9828221618e-03
1.2454929115e+03 3.9821111268e-03
1.2459756415e+03 3.9811111309e-03
1.2464592073e+03 3.9802198827e-03
1.2469225449e+03 3.9793338889e-03
1.2473970409e+03 3.9787432584e-03
1.2478624249e+03 3.9784603998e-03
1.2483378902e+03 3.9785777038e-03
1.2488098230e+03 3.9787033900e-03
1.2492991315e+03 3.9784473632e-03
1.2497743077e+03 3.9781816349e-03
1.2502399429e+03 3.9778151058e-03
1.2506809362e+03 3.9777141248e-03
1.2511414626e+03 3.9778164917e-03
1.2515991308e+03 3.9782668658e-03
1.2520453067e+03 3.9789764093e-03
1.2524289727e+03 3.9794564479e-03
1.2527842013e+03 3.9794473303e-03
1.2531290611e+03 3.9788257140e-03
1.2535075952e+03 3.9779771218e-03
1.2539011152e+03 3.9770954356e-03
1.2543270333e+03 3.9759915766e-03
1.2547480522e+03 3.9747489344e-03
1.2551765823e+03 3.9733767918e-03
1.2555997592e+03 3.9721221084e-03
1.2560582740e+03 3.9711174238e-03
1.2565104987e+03 3.9704839307e-03
1.2569531125e+03 3.9699960688e-03
1.2573612456e+03 3.9697621025e-03
1.2577794776e+03 3.9696559724e-03
1.2582120316e+03 3.9697107081e-03
1.2586847852e+03 3.9697986957e-03
1.2591639598e+03 3.9697181981e-03
1.2596777600e+03 3.9695809944e-03
1.2601965253e+03 3.9694094797e-03
1.2607224284e+03 3.9693423132e-03
1.2612037041e+03 3.9694558196e-03
1.2616734860e+03 3.9696331403e-03
1.2621291240e+03 3.9699169652e-03
1.2626125004e+03 3.9702425273e-03
1.2630956113e+03 3.9705580954e-03
1.2635857064e+03 3.9706494110e-03
1.2640424373e+03 3.9703570034e-03
1.2644896026e+03 3.9699540305e-03
1.2648953834e+03 3.9694497319e-03
1.2653357583e+03 3.9688155102e-03
1.2657882019e+03 3.9679380787e-03
1.2662221122e+03 3.9668695557e-03
1.2666134885e+03 3.9661014523e-03
1.2669779904e+03 3.9654820521e-03
1.2672984963e+03 3.9651289147e-03
1.2676159759e+03 3.9650463282e-03
1.2679266246e+03 3.9651527229e-03
1.2682592469e+03 3.9653940268e-03
1.2686002504e+03 3.9656386716e-03
1.2689715711e+03 3.9656443094e-03
1.2693543106e+03 3.9652683962e-03
1.2697699997e+03 3.9643118676e-03
1.2702090339e+03 3.9631682153e-03
1.2706924847e+03 3.9621407253e-03
1.2711655365e+03 3.9613072598e-03
1.2716272215e+03 3.9607312663e-03
1.2720568834e+03 3.9603755461e-03
1.2724999714e+03 3.9600307056e-03
1.2729529208e+03 3.9598485194e-03
1.2734382902e+03 3.9596851409e-03
1.2739174777e+03 3.9596900715e-03
1.2743735013e+03 3.9596267393e-03
1.2747818911e+03 3.9593775754e-03
1.2752068899e+03 3.9588811124e-03
1.2756510956e+03 3.9581187133e-03
1.2761380090e+03 3.9572106584e-03
1.2766338490e+03 3.9566133136e-03
1.2771547732e+03 3.9561799221e-03
1.2776572889e+03 3.9557546442e-03
1.2781419790e+03 3.9550276504e-03
1.2785816947e+03 3.9542011556e-03
1.2790188905e+03 3.9535470595e-03
1.2794426157e+03 3.9532958501e-03
1.2798635930e+03 3.9535666154e-03
1.2802373504e+03 3.9541203285e-03
1.2805846790e+03 3.9544485624e-03
1.2808997109e+03 3.9544637178e-03
1.2812186583e+03 3.9542398512e-03
1.2815172842e+03 3.9538091280e-03
1.2818402229e+03 3.9533707373e-03
1.2821840340e+03 3.9529344421e-03
1.2825789963e+03 3.9523476659e-03
1.2829700297e+03 3.9515952769e-03
1.2833585372e+03 3.9506056031e-03
1.2837230620e+03 3.9498256434e-03
1.2841072653e+03 3.9493097198e-03
1.2844963450e+03 3.9491906459e-03
1.2849208182e+03 3.9488980907e-03
1.2853569967e+03 3.9483933745e-03
1.2858159167e+03 3.9479471480e-03
1.2862382002e+03 3.9474185880e-03
1.2866481830e+03 3.9469263244e-03
1.2870400749e+03 3.9465840896e-03
1.2874576920e+03 3.9464710170e-03
1.2878678608e+03 3.9463797441e-03
1.2882868864e+03 3.9461506179e-03
1.2886878985e+03 3.9459623709e-03
1.2891017333e+03 3.9458477324e-03
1.2895017112e+03 3.9458488284e-03
1.2899116777e+03 3.9458411428e-03
1.2902978337e+03 3.9457768466e-03
1.2906786143e+03 3.9455851283e-03
1.2910278318e+03 3.9452620154e-03
1.2913987391e+03 3.9447832458e-03
1.2917831272e+03 3.9444043694e-03
1.2921972147e+03 3.9439663345e-03
1.2925870359e+03 3.9436386149e-03
1.2929730572e+03 3.9435901559e-03
1.2933300168e+03 3.9437295240e-03
1.2936876522e+03 3.9437316562e-03
1.2940217815e+03 3.9433933799e-03
1.2943620570e+03 3.9427194233e-03
1.2946782202e+03 3.9421789787e-03
1.2949993440e+03 3.9414452955e-03
1.2953030603e+03 3.9406232901e-03
1.2956209697e+03 3.9397941421e-03
1.2960111677e+03 3.9392417970e-03
1.2963962652e+03 3.9388525246e-03
1.2967475852e+03 3.9383766274e-03
1.2970957303e+03 3.9382424764e-03
1.2974260333e+03 3.9384193423e-03
1.2977712670e+03 3.9386829912e-03
1.2981068468e+03 3.9385710533e-03
1.2984516636e+03 3.9379365734e-03
1.2987897546e+03 3.9373485257e-03
1.2991546437e+03 3.9369809737e-03
1.2995064115e+03 3.9370020731e-03
1.2998534888e+03 3.9370676124e-03
1.3001765617e+03 3.9368852731e-03
1.3005121347e+03 3.9365391074e-03
1.3008284072e+03 3.9360582671e-03
1.3011381832e+03 3.9356569461e-03
1.3014320939e+03 3.9353692223e-03
1.3017559587e+03 3.9350001132e-03
1.3020922595e+03 3.9346521270e-03
1.3024528400e+03 3.9341812165e-03
1.3028003241e+03 3.9337653450e-03
1.3031666278e+03 3.9331483826e-03
1.3035311037e+03 3.9321930444e-03
1.3039081882e+03 3.9313033059e-03
1.3042580327e+03 3.9306328036e-03
1.3046087703e+03 3.9302976950e-03
1.3049472751e+03 3.9302326415e-03
1.3053043934e+03 3.9303181406e-03
1.3056604538e+03 3.9305209976e-03
1.3060553365e+03 3.9308073117e-03
1.3064676933e+03 3.9313101278e-03
1.3069103622e+03 3.9316246127e-03
1.3073307848e+03 3.9315936689e-03
1.3077488835e+03 3.9312399472e-03
1.3081491169e+03 3.9310565701e-03
1.3085608632e+03 3.9309881178e-03
1.3089411855e+03 3.9311176256e-03
1.3092939457e+03 3.9312643533e-03
1.3095887031e+03 3.9310864549e-03
1.3098636936e+03 3.9303130945e-03
1.3101055810e+03 3.9288588978e-03
1.3103633137e+03 3.9273862578e-03
1.3106208937e+03 3.9260346467e-03
1.3109056652e+03 3.9247528729e-03
1.3111924075e+03 3.9234588706e-03
1.3115215924e+03 3.9222503923e-03
1.3118740419e+03 3.9215158941e-03
1.3122759277e+03 3.9210099694e-03
1.3126896782e+03 3.9211780232e-03
1.3131259446e+03 3.9219004421e-03
1.3135335797e+03 3.9229317300e-03
1.3139324825e+03 3.9239657123e-03
1.3143034382e+03 3.9246530636e-03
1.3147044942e+03 3.9250975721e-03
1.3151177152e+03 3.9249483904e-03
1.3155563117e+03 3.9244802762e-03
1.3159732942e+03 3.9237691037e-03
1.3163880281e+03 3.9227474075e-03
1.3167519384e+03 3.9218367208e-03
1.3170902038e+03 3.9207131209e-03
1.3174074651e+03 3.9197874519e-03
1.3177760031e+03 3.9190380644e-03
1.3181664804e+03 3.9187102453e-03
1.3185856730e+03 3.9187960026e-03
1.3189735104e+03 3.9188919586e-03
1.3193478494e+03 3.9188933211e-03
1.3196941153e+03 3.9184461163e-03
1.3200610957e+03 3.9176811971e-03
1.3204187801e+03 3.9171415693e-03
1.3207974601e+03 3.9166755790e-03
1.3211720934e+03 3.9165754360e-03
1.3215711656e+03 3.9163902191e-03
1.3219443188e+03 3.9163225515e-03
1.3223315985e+03 3.9161158506e-03
1.3227115566e+03 3.9156153227e-03
1.3231129044e+03 3.9152179050e-03
1.3234907223e+03 3.9149554888e-03
1.3238659347e+03 3.9148760892e-03
1.3242040297e+03 3.9146395913e-03
1.3245390695e+03 3.9143164290e-03
1.3248435111e+03 3.9140932356e-03
1.3251602687e+03 3.9136669679e-03
1.3254730843e+03 3.9132594828e-03
1.3258247115e+03 3.9127408645e-03
1.3261652057e+03 3.9123629205e-03
1.3265863220e+03 3.9118915623e-03
1.3270035419e+03 3.9110345135e-03
1.3274148995e+03 3.9098579991e-03
1.3278059728e+03 3.9084037924e-03
1.3282018940e+03 3.9071871707e-03
1.3285617307e+03 3.9062204424e-03
1.3289282414e+03 3.9055013949e-03
1.3293044168e+03 3.9050644532e-03
1.3297302987e+03 3.9048045185e-03
1.3301566823e+03 3.9049117820e-03
1.3306030195e+03 3.9050610094e-03
1.3310321562e+03 3.9052650572e-03
1.3314688222e+03 3.9053790530e-03
1.3318797505e+03 3.9055114618e-03
1.3323161083e+03 3.9057753691e-03
1.3327613962e+03 3.9061564936e-03
1.3332199293e+03 3.9063568895e-03
1.3336282894e+03 3.9060073968e-03
1.3340266918e+03 3.9054561226e-03
1.3344159041e+03 3.9049208829e-03
1.3348339319e+03 3.9046396016e-03
1.3352407987e+03 3.9045522844e-03
1.3356754008e+03 3.9040201839e-03
1.3361194734e+03 3.9031492840e-03
1.3366013264e+03 3.9018823910e-03
1.3370780673e+03 3.9006777230e-03
1.3375715066e+03 3.8994789613e-03
1.3380521702e+03 3.8984730923e-03
1.3385490293e+03 3.8978845435e-03
1.3390283034e+03 3.8977098249e-03
1.3395306485e+03 3.8978866851e-03
1.3400307401e+03 3.8980854590e-03
1.3405386838e+03 3.8982890659e-03
1.3409887233e+03 3.8983720491e-03
1.3414034266e+03 3.8982604707e-03
1.3417748867e+03 3.8980447219e-03
1.3421620450e+03 3.8975862019e-03
1.3425381985e+03 3.8971372227e-03
1.3429409287e+03 3.8965212651e-03
1.3433461901e+03 3.8962322392e-03
1.3437937869e+03 3.8963748016e-03
1.3442431859e+03 3.8964860916e-03
1.3447238802e+03 3.8961915872e-03
1.3451949323e+03 3.8954914786e-03
1.3456761605e+03 3.8947352737e-03
1.3461440605e+03 3.8941619507e-03
1.3466370675e+03 3.8938405714e-03
1.3470971690e+03 3.8936872079e-03
1.3475352239e+03 3.8934207474e-03
1.3479260536e+03 3.8929284602e-03
1.3483303638e+03 3.8921451667e-03
1.3487170228e+03 3.8914269413e-03
1.3491290911e+03 3.8910317862e-03
1.3495294594e+03 3.8909902764e-03
1.3499423028e+03 3.8908771495e-03
1.3503205830e+03 3.8903011535e-03
1.3507031909e+03 3.8893682085e-03
1.3510824949e+03 3.8884060881e-03
1.3515047548e+03 3.8872843659e-03
1.3519208283e+03 3.8861784688e-03
1.3523581010e+03 3.8851543203e-03
1.3527857800e+03 3.8844913863e-03
1.3532613695e+03 3.8844042486e-03
1.3537373908e+03 3.8848294588e-03
1.3542290469e+03 3.8851805641e-03
1.3546931170e+03 3.8852884278e-03
1.3551628445e+03 3.8852494686e-03
1.3556094957e+03 3.8851748902e-03
1.3560668717e+03 3.8852123034e-03
1.3565039588e+03 3.8854257783e-03
1.3569586602e+03 3.8854699769e-03
1.3573822263e+03 3.8852102559e-03
1.3578163443e+03 3.8846741917e-03
1.3582229480e+03 3.8841348498e-03
1.3586378893e+03 3.8837131386e-03
1.3590314029e+03 3.8830491596e-03
1.3594372665e+03 3.8823091551e-03
1.3598161937e+03 3.8813827912e-03
1.3601900805e+03 3.8804054539e-03
1.3606968693e+03 3.8793251372e-03
1.3611882385e+03 3.8782321365e-03
1.3616354197e+03 3.8775184019e-03
1.3620949290e+03 3.8770045461e-03
1.3625411705e+03 3.8771764472e-03
1.3629999922e+03 3.8776121667e-03
1.3634282411e+03 3.8783140107e-03
1.3638522972e+03 3.8789785925e-03
1.3642413999e+03 3.8794389527e-03
1.3646448543e+03 3.8795191389e-03
1.3650313237e+03 3.8789050385e-03
1.3654344659e+03 3.8780256802e-03
1.3658215374e+03 3.8770070024e-03
1.3662405360e+03 3.8760837297e-03
1.3666645124e+03 3.8749707701e-03
1.3671178821e+03 3.8736002566e-03
1.3675578524e+03 3.8723016259e-03
1.3680285432e+03 3.8710809491e-03
1.3685033223e+03 3.8702569273e-03
1.3690116229e+03 3.8697501138e-03
1.3695038197e+03 3.8700419679e-03
1.3700149490e+03 3.8708049391e-03
1.3705112977e+03 3.8716499055e-03
1.3710071614e+03 3.8724581209e-03
1.3714605158e+03 3.8731133222e-03
1.3719230655e+03 3.8738306696e-03
1.3723710785e+03 3.8744149820e-03
1.3728400751e+03 3.8746668106e-03
1.3732887630e+03 3.8744327725e-03
1.3737539342e+03 3.8738149506e-03
1.3741779139e+03 3.8730524769e-03
1.3745910043e+03 3.8720726812e-03
1.3749834936e+03 3.8712118107e-03
1.3754036884e+03 3.8701812395e-03
1.3757934594e+03 3.8691474988e-03
1.3761722180e+03 3.8681206484e-03
1.3765138124e+03 3.8672207396e-03
1.3768824175e+03 3.8667994340e-03
1.3772443955e+03 3.8669223099e-03
1.3776468208e+03 3.8671977105e-03
1.3780590395e+03 3.8671661586e-03
1.3785107427e+03 3.8668979689e-03
1.3789423358e+03 3.8667351313e-03
1.3793761320e+03 3.8667682470e-03
1.3797900641e+03 3.8666492149e-03
1.3802498803e+03 3.8664100482e-03
1.3807216738e+03 3.8662473081e-03
1.3812180990e+03 3.8662034910e-03
1.3816810243e+03 3.8661388587e-03
1.3821581489e+03 3.8659058001e-03
1.3826268235e+03 3.8656819572e-03
1.3831291365e+03 3.8652333276e-03
1.3836269018e+03 3.8648331525e-03
1.3841414682e+03 3.8643697728e-03
1.3846136810e+03 3.8637954633e-03
1.3850866066e+03 3.8631311588e-03
1.3855366512e+03 3.8624155593e-03
1.3860057136e+03 3.8618442152e-03
1.3864502206e+03 3.8614187984e-03
1.3868993696e+03 3.8610910436e-03
1.3872979540e+03 3.8609271286e-03
1.3876782005e+03 3.8608212968e-03
1.3880171444e+03 3.8608652110e-03
1.3883803981e+03 3.8608153903e-03
1.3887530342e+03 3.8606071241e-03
1.3891847279e+03 3.8600269243e-03
1.3896274459e+03 3.8592303984e-03
1.3901060238e+03 3.8586859185e-03
1.3905593460e+03 3.8583269239e-03
1.3910065179e+03 3.8581040273e-03
1.3913979694e+03 3.8577747046e-03
1.3917865872e+03 3.8573474755e-03
1.3921559154e+03 3.8570913158e-03
1.3926384039e+03 3.8570183158e-03
1.3931326407e+03 3.8571531782e-03
1.3936410152e+03 3.8568084716e-03
1.3941261629e+03 3.8558379575e-03
1.3946346750e+03 3.8545424230e-03
1.3951197650e+03 3.8532374682e-03
1.3956280027e+03 3.8522887104e-03
1.3961087709e+03 3.8518379439e-03
1.3966017281e+03 3.8519010183e-03
1.3970653538e+03 3.8521924009e-03
1.3975505245e+03 3.8523055923e-03
1.3980118211e+03 3.8523538016e-03
1.3984941137e+03 3.8521307521e-03
1.3989430257e+03 3.8516373300e-03
1.3993943130e+03 3.8510784059e-03
1.3997946146e+03 3.8507338097e-03
1.4002076151e+03 3.8508182401e-03
1.4006027429e+03 3.8510263600e-03
1.4010303774e+03 3.8512595582e-03
1.4014332828e+03 3.8512984281e-03
1.4018604339e+03 3.8507230833e-03
1.4022758949e+03 3.8498650508e-03
1.4027296548e+03 3.8486723033e-03
1.4031656190e+03 3.8479528065e-03
1.4036173171e+03 3.8475883229e-03
1.4040441905e+03 3.8473793507e-03
1.4045088689e+03 3.8472879482e-03
1.4049721770e+03 3.8471059047e-03
1.4054844776e+03 3.8470497052e-03
1.4059923375e+03 3.8465821464e-03
1.4065162205e+03 3.8456560964e-03
1.4069849540e+03 3.8446796345e-03
1.4074551135e+03 3.8438929230e-03
1.4079156968e+03 3.8437882732e-03
1.4084238550e+03 3.8436527434e-03
1.4089156483e+03 3.8436421836e-03
1.4094197579e+03 3.8437526395e-03
1.4098933043e+03 3.8441102534e-03
1.4103775974e+03 3.8446676001e-03
1.4107967325e+03 3.8450731490e-03
1.4111729076e+03 3.8451944466e-03
1.4114952556e+03 3.8451813326e-03
1.4118555106e+03 3.8451390979e-03
1.4122244830e+03 3.8449491602e-03
1.4126219685e+03 3.8443802358e-03
1.4129982729e+03 3.8434104809e-03
1.4134164187e+03 3.8421122498e-03
1.4138495236e+03 3.8407584150e-03
1.4143378466e+03 3.8395873501e-03
1.4148220255e+03 3.8387420082e-03
1.4153272089e+03 3.8378408198e-03
1.4158148706e+03 3.8367807895e-03
1.4163211088e+03 3.8358475292e-03
1.4168447738e+03 3.8352520353e-03
1.4174631135e+03 3.8351164262e-03
1.4180495796e+03 3.8351207207e-03
1.4186431942e+03 3.8350480157e-03
1.4191864514e+03 3.8349632300e-03
1.4197258137e+03 3.8352466773e-03
1.4202204083e+03 3.8358434995e-03
1.4207352259e+03 3.8363553531e-03
1.4212392680e+03 3.8367697248e-03
1.4217620020e+03 3.8365425793e-03
1.4222486051e+03 3.8359546625e-03
1.4227573968e+03 3.8351653038e-03
1.4232423195e+03 3.8343548431e-03
1.4237437752e+03 3.8335553537e-03
1.4242034329e+03 3.8324268536e-03
1.4246879870e+03 3.8312307890e-03
1.4251708200e+03 3.8303913092e-03
1.4257061841e+03 3.8302682715e-03
1.4262345430e+03 3.8304829905e-03
1.4267907320e+03 3.8308277145e-03
1.4273058822e+03 3.8312063432e-03
1.4278166523e+03 3.8315343098e-03
1.4282663167e+03 3.8318592758e-03
1.4287155003e+03 3.8321174793e-03
1.4291217214e+03 3.8321611177e-03
1.4295556197e+03 3.8316513737e-03
1.4299701267e+03 3.8306493419e-03
1.4304102346e+03 3.8292482516e-03
1.4308301741e+03 3.8274940185e-03
1.4312872653e+03 3.8255573049e-03
1.4317438148e+03 3.8236949452e-03
1.4322408962e+03 3.8221557133e-03
1.4327294597e+03 3.8212790084e-03
1.4332610355e+03 3.8211476530e-03
1.4337749679e+03 3.8212800831e-03
1.4342963399e+03 3.8213864186e-03
1.4347715573e+03 3.8215620770e-03
1.4352512412e+03 3.8218414092e-03
1.4357087381e+03 3.8223443995e-03
1.4361924570e+03 3.8227294947e-03
1.4366587271e+03 3.8228855293e-03
1.4371272085e+03 3.8227734083e-03
1.4375512831e+03 3.8225591707e-03
1.4379864816e+03 3.8223738809e-03
1.4384029524e+03 3.8219959659e-03
1.4388463284e+03 3.8213757313e-03
1.4392885872e+03 3.8202540322e-03
1.4397726697e+03 3.8188892112e-03
1.4402509893e+03 3.8177152559e-03
1.4407604968e+03 3.8172729924e-03
1.4412773674e+03 3.8175423412e-03
1.4418414135e+03 3.8179735159e-03
1.4423911554e+03 3.8182086997e-03
1.4429482756e+03 3.8183372877e-03
1.4434697812e+03 3.8182641589e-03
1.4439959500e+03 3.8180485622e-03
1.4444966726e+03 3.8178521754e-03
1.4450170899e+03 3.8173738172e-03
1.4455328339e+03 3.8168998999e-03
1.4460790244e+03 3.8165257599e-03
1.4466000868e+03 3.8161273605e-03
1.4471179310e+03 3.8155503418e-03
1.4475877765e+03 3.8147813793e-03
1.4481112655e+03 3.8141114966e-03
1.4486914717e+03 3.8134235605e-03
1.4492889274e+03 3.8126889277e-03
1.4498420897e+03 3.8120236839e-03
1.4504062285e+03 3.8114740847e-03
1.4509398062e+03 3.8111989838e-03
1.4515082432e+03 3.8113004576e-03
1.4520634861e+03 3.8113256724e-03
1.4526471659e+03 3.8111667388e-03
1.4531870308e+03 3.8107776001e-03
1.4537247796e+03 3.8103097087e-03
1.4542194992e+03 3.8098945752e-03
1.4547411829e+03 3.8094767174e-03
1.4552486580e+03 3.8092197815e-03
1.4557918050e+03 3.8089409363e-03
1.4563235605e+03 3.8087534289e-03
1.4569039802e+03 3.8088245175e-03
1.4574793629e+03 3.8090347672e-03
1.4580878769e+03 3.8090707733e-03
1.4586670057e+03 3.8086559312e-03
1.4592483264e+03 3.8078199615e-03
1.4597622401e+03 3.8068220857e-03
1.4602531452e+03 3.8058391843e-03
1.4606969257e+03 3.8047658860e-03
1.4611664246e+03 3.8035495074e-03
1.4616303666e+03 3.8020853222e-03
1.4621387753e+03 3.8005923078e-03
1.4626538814e+03 3.7991672211e-03
1.4632155304e+03 3.7977802631e-03
1.4637716709e+03 3.7967148794e-03
1.4643486038e+03 3.7959512609e-03
1.4649013322e+03 3.7955105066e-03
1.4654773011e+03 3.7951784548e-03
1.4660409936e+03 3.7951175189e-03
1.4666232621e+03 3.7953394866e-03
1.4671755167e+03 3.7952747286e-03
1.4677414432e+03 3.7948292419e-03
1.4682947426e+03 3.7941686119e-03
1.4688650626e+03 3.7934443626e-03
1.4693855438e+03 3.7929503452e-03
1.4698894253e+03 3.7928733372e-03
1.4703639749e+03 3.7931817979e-03
1.4708543707e+03 3.7934089027e-03
1.4713113861e+03 3.7931862628e-03
1.4717616691e+03 3.7928086062e-03
1.4722004211e+03 3.7923347758e-03
1.4727563919e+03 3.7914989155e-03
1.4732893310e+03 3.7905087246e-03
1.4738540720e+03 3.7895016622e-03
1.4743928296e+03 3.7889701144e-03
1.4749441130e+03 3.7884795602e-03
1.4754392990e+03 3.7878811421e-03
1.4759537150e+03 3.7873010205e-03
1.4764602485e+03 3.7866620091e-03
1.4770099438e+03 3.7862237463e-03
1.4775205234e+03 3.7855541123e-03
1.4780449596e+03 3.7848547286e-03
1.4785344476e+03 3.7843819503e-03
1.4790489142e+03 3.7843166095e-03
1.4795326377e+03 3.7843447855e-03
1.4800454151e+03 3.7839862846e-03
1.4805427019e+03 3.7830224810e-03
1.4810932681e+03 3.7818635164e-03
1.4816464512e+03 3.7810349481e-03
1.4822370080e+03 3.7808017321e-03
1.4827929050e+03 3.7805726631e-03
1.4833563916e+03 3.7800613362e-03
1.4838659875e+03 3.7792687461e-03
1.4843830102e+03 3.7784408999e-03
1.4848732297e+03 3.7779225229e-03
1.4854078243e+03 3.7779209825e-03
1.4859357969e+03 3.7784984192e-03
1.4865077723e+03 3.7793856545e-03
1.4870692523e+03 3.7798798276e-03
1.4876694145e+03 3.7798644458e-03
1.4882493309e+03 3.7793900822e-03
1.4888499174e+03 3.7786454530e-03
1.4894042787e+03 3.7777373545e-03
1.4899719194e+03 3.7767619120e-03
1.4905203511e+03 3.7758964446e-03
1.4910937493e+03 3.7748672807e-03
1.4916211413e+03 3.7737530916e-03
1.4921416918e+03 3.7728527626e-03
1.4926263274e+03 3.7720768512e-03
1.4931086841e+03 3.7713727122e-03
1.4935495613e+03 3.7707662512e-03
1.4940135440e+03 3.7705609967e-03
1.4944900791e+03 3.7704604259e-03
