# Reynolds stress Morkovin's scaling 
# Columns: y_plus    -rho u''w''/tau_wall
3.8646263475e-01 1.1474798441e-04
1.1533752036e+00 2.0672062722e-03
1.9209634831e+00 8.9952095617e-03
2.6894093988e+00 2.3767372993e-02
3.4589138713e+00 4.8124863191e-02
4.2296938542e+00 8.2124176864e-02
5.0019793562e+00 1.2465965944e-01
5.7760106829e+00 1.7360629372e-01
6.5520360469e+00 2.2672766303e-01
7.3303096133e+00 2.8164886649e-01
8.1110899864e+00 3.3653623245e-01
8.8946390963e+00 3.8975733291e-01
9.6812214258e+00 4.4035301644e-01
1.0471103504e+01 4.8754053130e-01
1.1264553601e+01 5.3108915760e-01
1.2061841567e+01 5.7078789279e-01
1.2863238767e+01 6.0680884743e-01
1.3669018081e+01 6.3922600035e-01
1.4479453944e+01 6.6839417184e-01
1.5294822408e+01 6.9450680725e-01
1.6115401223e+01 7.1795536857e-01
1.6941469919e+01 7.3892635138e-01
1.7773309905e+01 7.5775772516e-01
1.8611204551e+01 7.7459242941e-01
1.9455439297e+01 7.8971824883e-01
2.0306301738e+01 8.0324876419e-01
2.1164081729e+01 8.1542463563e-01
2.2029071483e+01 8.2632533278e-01
2.2901565666e+01 8.3614726429e-01
2.3781861504e+01 8.4495155875e-01
2.4670258877e+01 8.5291018564e-01
2.5567060427e+01 8.6007317517e-01
2.6472571660e+01 8.6658283903e-01
2.7387101046e+01 8.7247019831e-01
2.8310960130e+01 8.7784951519e-01
2.9244463634e+01 8.8273805255e-01
3.0187929564e+01 8.8722294798e-01
3.1141679324e+01 8.9129935308e-01
3.2106037817e+01 8.9502150354e-01
3.3081333562e+01 8.9836624918e-01
3.4067898803e+01 9.0137263851e-01
3.5066069625e+01 9.0402184030e-01
3.6076186064e+01 9.0635647172e-01
3.7098592226e+01 9.0837534201e-01
3.8133636406e+01 9.1014867455e-01
3.9181671201e+01 9.1171909525e-01
4.0243053635e+01 9.1317663558e-01
4.1318145279e+01 9.1455024481e-01
4.2407312375e+01 9.1587925885e-01
4.3510925957e+01 9.1713292599e-01
4.4629361984e+01 9.1829477323e-01
4.5763001462e+01 9.1930835852e-01
4.6912230577e+01 9.2015660221e-01
4.8077440826e+01 9.2080846776e-01
4.9259029150e+01 9.2128803956e-01
5.0457398069e+01 9.2161340175e-01
5.1672955819e+01 9.2183885869e-01
5.2906116493e+01 9.2198921623e-01
5.4157300179e+01 9.2209781511e-01
5.5426933107e+01 9.2214837762e-01
5.6715447790e+01 9.2211933751e-01
5.8023283173e+01 9.2195342846e-01
5.9350884784e+01 9.2162193985e-01
6.0698704885e+01 9.2110017066e-01
6.2067202624e+01 9.2041273649e-01
6.3456844193e+01 9.1959226617e-01
6.4868102990e+01 9.1870059770e-01
6.6301459772e+01 9.1776409887e-01
6.7757402829e+01 9.1679027396e-01
6.9236428142e+01 9.1576172837e-01
7.0739039556e+01 9.1469286947e-01
7.2265748952e+01 9.1357399157e-01
7.3817076418e+01 9.1238239864e-01
7.5393550430e+01 9.1108074097e-01
7.6995708031e+01 9.0966004151e-01
7.8624095011e+01 9.0811473411e-01
8.0279266098e+01 9.0647225921e-01
8.1961785143e+01 9.0472488855e-01
8.3672225313e+01 9.0282280387e-01
8.5411169286e+01 9.0071330666e-01
8.7179209453e+01 8.9840957566e-01
8.8976948115e+01 8.9592375757e-01
9.0804997688e+01 8.9325752745e-01
9.2663980918e+01 8.9041223442e-01
9.4554531086e+01 8.8744740022e-01
9.6477292228e+01 8.8442274982e-01
9.8432919351e+01 8.8138546902e-01
1.0042207866e+02 8.7836442045e-01
1.0244544778e+02 8.7536549937e-01
1.0450371600e+02 8.7227974896e-01
1.0659758449e+02 8.6898005365e-01
1.0872776654e+02 8.6541055328e-01
1.1089498782e+02 8.6159754362e-01
1.1309998661e+02 8.5763747539e-01
1.1534351409e+02 8.5365860074e-01
1.1762633451e+02 8.4971043148e-01
1.1994922556e+02 8.4581640084e-01
1.2231297854e+02 8.4199638676e-01
1.2471839870e+02 8.3826306742e-01
1.2716630546e+02 8.3457690634e-01
1.2965753273e+02 8.3093426347e-01
1.3219292918e+02 8.2733573277e-01
1.3477335850e+02 8.2371527347e-01
1.3739969976e+02 8.1991993393e-01
1.4007284764e+02 8.1585423426e-01
1.4279371277e+02 8.1151243715e-01
1.4556322205e+02 8.0693524472e-01
1.4838231894e+02 8.0214085748e-01
1.5125196379e+02 7.9714729215e-01
1.5417313418e+02 7.9188599116e-01
1.5714682523e+02 7.8629134708e-01
1.6017404996e+02 7.8037823967e-01
1.6325583964e+02 7.7425987464e-01
1.6639324409e+02 7.6805122210e-01
1.6958733211e+02 7.6185631170e-01
1.7283919180e+02 7.5562573427e-01
1.7614993094e+02 7.4921610787e-01
1.7952067737e+02 7.4249008069e-01
1.8295257936e+02 7.3536513854e-01
1.8644680602e+02 7.2777331499e-01
1.9000454771e+02 7.1994220762e-01
1.9362701641e+02 7.1196941613e-01
1.9731544613e+02 7.0373906130e-01
2.0107109340e+02 6.9507104484e-01
2.0489523759e+02 6.8601984262e-01
2.0878918146e+02 6.7679933178e-01
2.1275425151e+02 6.6727760484e-01
2.1679179849e+02 6.5721986267e-01
2.2090319782e+02 6.4664694531e-01
2.2508985010e+02 6.3578456563e-01
2.2935318154e+02 6.2489602772e-01
2.3369464451e+02 6.1407680505e-01
2.3811571797e+02 6.0329455616e-01
2.4261790799e+02 5.9239937776e-01
2.4720274829e+02 5.8106191252e-01
2.5187180076e+02 5.6913240707e-01
2.5662665594e+02 5.5685284336e-01
2.6146893364e+02 5.4452432096e-01
2.6640028341e+02 5.3170106362e-01
2.7142238519e+02 5.1821583513e-01
2.7653694978e+02 5.0445636284e-01
2.8174571954e+02 4.9047356037e-01
2.8705046887e+02 4.7615655149e-01
2.9245300490e+02 4.6130268290e-01
2.9795516805e+02 4.4600943171e-01
3.0355883269e+02 4.3031874715e-01
3.0926590777e+02 4.1423134152e-01
3.1507833746e+02 3.9803901599e-01
3.2099810182e+02 3.8160203741e-01
3.2702721749e+02 3.6493474775e-01
3.3316773833e+02 3.4818804983e-01
3.3942175615e+02 3.3116579314e-01
3.4579140141e+02 3.1398691417e-01
3.5227884389e+02 2.9685445861e-01
3.5888629334e+02 2.7957497017e-01
3.6561600013e+02 2.6233179212e-01
3.7247025564e+02 2.4502116341e-01
3.7945139238e+02 2.2718413563e-01
3.8656178361e+02 2.0910010856e-01
3.9380384183e+02 1.9131350395e-01
4.0118001554e+02 1.7362614134e-01
4.0869278313e+02 1.5602969011e-01
4.1634464207e+02 1.3881939741e-01
4.2413809122e+02 1.2209759837e-01
4.3207560294e+02 1.0643316414e-01
4.4015958123e+02 9.2092965648e-02
4.4839230158e+02 7.9033234441e-02
4.5677582794e+02 6.7152406238e-02
4.6531190345e+02 5.6462799686e-02
4.7400181292e+02 4.7027317449e-02
4.8284621863e+02 3.8792389738e-02
4.9184497480e+02 3.1528882581e-02
5.0099693186e+02 2.5061954432e-02
5.1029974625e+02 1.9320451634e-02
5.1974971627e+02 1.4566354996e-02
5.2934166651e+02 1.0904939420e-02
5.3906890265e+02 8.0810790857e-03
5.4892325388e+02 5.8835135653e-03
5.5889521190e+02 4.1714225686e-03
5.6897416497e+02 2.8940547698e-03
5.7914871332e+02 1.9664823475e-03
5.8940704153e+02 1.2925975523e-03
5.9973731589e+02 8.8550307655e-04
6.1012807113e+02 6.4931248473e-04
6.2056855339e+02 4.6030315962e-04
6.3104899243e+02 3.1495547225e-04
6.4156078668e+02 2.1198321247e-04
6.5209659581e+02 1.4402009994e-04
6.6265034658e+02 1.1034437157e-04
6.7321716636e+02 9.2713437302e-05
6.8379326367e+02 7.8103456441e-05
6.9437577694e+02 6.8741356133e-05
7.0496261119e+02 6.2665300516e-05
7.1555227852e+02 5.8544666161e-05
7.2614375372e+02 5.7370594938e-05
7.3673635149e+02 5.2883968851e-05
7.4732962734e+02 4.5410500235e-05
7.5792330156e+02 4.1076869464e-05
7.6851720338e+02 3.9160562616e-05
7.7911123163e+02 3.7593609146e-05
7.8970532814e+02 3.6011219442e-05
8.0029946048e+02 3.4483141953e-05
8.1089361110e+02 3.3001292184e-05
8.2148777078e+02 3.1532974047e-05
8.3208193482e+02 3.0052814877e-05
8.4267610090e+02 2.8553278120e-05
8.5327026791e+02 2.7031874267e-05
8.6386443532e+02 2.5507160682e-05
8.7445860292e+02 2.3992949280e-05
8.8505277058e+02 2.2507708083e-05
8.9564693828e+02 2.1061210074e-05
9.0624110599e+02 1.9681799563e-05
9.1683527370e+02 1.8384753490e-05
9.2742944141e+02 1.7213325956e-05
9.3802360913e+02 1.6177955919e-05
9.4861777684e+02 1.5310658038e-05
9.5921194456e+02 1.4586990813e-05
9.6980611227e+02 1.3986985478e-05
9.8040027999e+02 1.3447118279e-05
9.9099444770e+02 1.2927754933e-05
1.0015886154e+03 1.2376597998e-05
1.0121827831e+03 1.1774303184e-05
1.0227769508e+03 1.1097347175e-05
1.0333711186e+03 1.0355913697e-05
1.0439652863e+03 9.5527711104e-06
1.0545594540e+03 8.7194017706e-06
1.0651536217e+03 7.8655584595e-06
1.0757477894e+03 7.0173001256e-06
1.0863419571e+03 6.1689368948e-06
1.0969361249e+03 5.3344223368e-06
1.1075302926e+03 4.5049548839e-06
1.1181244603e+03 3.6988858933e-06
1.1287186280e+03 2.9117721658e-06
1.1393127957e+03 2.1665546953e-06
1.1499069634e+03 1.4553863474e-06
1.1605011311e+03 7.9951354060e-07
1.1710952989e+03 1.7826417846e-07
1.1816894666e+03 -3.9729059950e-07
1.1922836343e+03 -9.6245803855e-07
1.2028778020e+03 -1.5092844852e-06
1.2134719697e+03 -2.0667503663e-06
1.2240661374e+03 -2.6133660163e-06
1.2346603051e+03 -3.1664073081e-06
1.2452544729e+03 -3.7042114313e-06
1.2558486406e+03 -4.2481622175e-06
1.2664428083e+03 -4.7812823354e-06
1.2770369760e+03 -5.3163417720e-06
1.2876311437e+03 -5.8257688036e-06
1.2982253114e+03 -6.3104123337e-06
1.3088194791e+03 -6.7478549067e-06
1.3194136469e+03 -7.1475350756e-06
1.3300078146e+03 -7.5026352236e-06
1.3406019823e+03 -7.8285044839e-06
1.3511961500e+03 -8.1278753935e-06
1.3617903177e+03 -8.4190543427e-06
1.3723844854e+03 -8.7138562228e-06
1.3829786531e+03 -9.0298172611e-06
1.3935728209e+03 -9.3780008643e-06
1.4041669886e+03 -9.7652461872e-06
1.4147611563e+03 -1.0191851259e-05
1.4253553240e+03 -1.0652173659e-05
1.4359494917e+03 -1.1140109382e-05
1.4465436594e+03 -1.1655143200e-05
1.4571378272e+03 -1.2200794624e-05
1.4677319949e+03 -1.2786784651e-05
1.4783261626e+03 -1.3412529110e-05
1.4889203303e+03 -1.4078662783e-05
1.4995144980e+03 -1.4768983950e-05
1.5101086657e+03 -1.5471862824e-05
1.5207028334e+03 -1.6161531670e-05
1.5312970012e+03 -1.6825267797e-05
1.5418911689e+03 -1.7446813333e-05
1.5524853366e+03 -1.8027309718e-05
1.5630795043e+03 -1.8564704535e-05
1.5736736720e+03 -1.9065024403e-05
1.5842678397e+03 -1.9533033528e-05
1.5948620074e+03 -1.9975385771e-05
1.6054561752e+03 -2.0409823156e-05
1.6160503429e+03 -2.0845055825e-05
1.6266445106e+03 -2.1309271268e-05
1.6372386783e+03 -2.1796667036e-05
1.6478328460e+03 -2.2323962971e-05
1.6584270137e+03 -2.2855123367e-05
1.6690211814e+03 -2.3393655339e-05
1.6796153492e+03 -2.3890508572e-05
1.6902095169e+03 -2.4352194612e-05
1.7008036846e+03 -2.4737866881e-05
1.7113978523e+03 -2.5070922171e-05
1.7219920200e+03 -2.5336732148e-05
1.7325861877e+03 -2.5578554699e-05
1.7431803555e+03 -2.5799863187e-05
1.7537745232e+03 -2.6043754480e-05
1.7643686909e+03 -2.6308499521e-05
1.7749628586e+03 -2.6619797708e-05
1.7855570263e+03 -2.6954844369e-05
1.7961511940e+03 -2.7326570123e-05
1.8067453617e+03 -2.7697846417e-05
1.8173395295e+03 -2.8092918028e-05
1.8279336972e+03 -2.8473651766e-05
1.8385278649e+03 -2.8890238722e-05
1.8491220326e+03 -2.9303769087e-05
1.8597162003e+03 -2.9784090959e-05
1.8703103680e+03 -3.0280832929e-05
1.8809045357e+03 -3.0864794535e-05
1.8914987035e+03 -3.1462064009e-05
1.9020928712e+03 -3.2131561996e-05
1.9126870389e+03 -3.2786404147e-05
1.9232812066e+03 -3.3485033374e-05
1.9338753743e+03 -3.4152118166e-05
1.9444695420e+03 -3.4850311119e-05
1.9550637097e+03 -3.5517691012e-05
1.9656578775e+03 -3.6206218305e-05
1.9762520452e+03 -3.6862697971e-05
1.9868462129e+03 -3.7527375237e-05
1.9974403806e+03 -3.8167293685e-05
2.0080345483e+03 -3.8818545536e-05
2.0186287160e+03 -3.9471599052e-05
2.0292228837e+03 -4.0147027975e-05
2.0398170515e+03 -4.0842929871e-05
2.0504112192e+03 -4.1544929525e-05
2.0610053869e+03 -4.2255793124e-05
2.0715995546e+03 -4.2932507979e-05
2.0821937223e+03 -4.3605989928e-05
2.0927878900e+03 -4.4220524993e-05
2.1033820578e+03 -4.4840795478e-05
2.1139762255e+03 -4.5384839073e-05
2.1245703932e+03 -4.5934119433e-05
2.1351645609e+03 -4.6377477771e-05
2.1457587286e+03 -4.6824381346e-05
2.1563528963e+03 -4.7155432030e-05
2.1669470640e+03 -4.7517183068e-05
2.1775412318e+03 -4.7782949269e-05
2.1881353995e+03 -4.8120723821e-05
2.1987295672e+03 -4.8385278743e-05
2.2093237349e+03 -4.8745711824e-05
2.2199179026e+03 -4.9040119616e-05
2.2305120703e+03 -4.9427667833e-05
2.2411062380e+03 -4.9750985989e-05
2.2517004058e+03 -5.0149883821e-05
2.2622945735e+03 -5.0495180595e-05
2.2728887412e+03 -5.0884108021e-05
2.2834829089e+03 -5.1229835414e-05
2.2940770766e+03 -5.1564327990e-05
2.3046712443e+03 -5.1867758112e-05
2.3152654120e+03 -5.2103092475e-05
2.3258595798e+03 -5.2338200521e-05
2.3364537475e+03 -5.2460977105e-05
2.3470479152e+03 -5.2634843189e-05
2.3576420829e+03 -5.2675957183e-05
2.3682362506e+03 -5.2834343919e-05
2.3788304183e+03 -5.2854987027e-05
2.3894245861e+03 -5.3047515453e-05
2.4000187538e+03 -5.3110094968e-05
2.4106129215e+03 -5.3387427874e-05
2.4212070892e+03 -5.3562181602e-05
2.4318012569e+03 -5.3966811451e-05
2.4423954246e+03 -5.4296193460e-05
2.4529895923e+03 -5.4825445966e-05
2.4635837601e+03 -5.5302608830e-05
2.4741779278e+03 -5.5912155709e-05
2.4847720955e+03 -5.6500867868e-05
2.4953662632e+03 -5.7141352902e-05
2.5059604309e+03 -5.7822853900e-05
2.5165545986e+03 -5.8471551557e-05
2.5271487663e+03 -5.9242794673e-05
2.5377429341e+03 -5.9861922120e-05
2.5483371018e+03 -6.0693322098e-05
2.5589312695e+03 -6.1195586590e-05
2.5695254372e+03 -6.2020633443e-05
2.5801196049e+03 -6.2265558243e-05
2.5907137726e+03 -6.3001710266e-05
2.6013079403e+03 -6.2851915014e-05
2.6119021081e+03 -6.3483746441e-05
2.6224962758e+03 -6.2917555379e-05
2.6330904435e+03 -6.3567083722e-05
2.6436846112e+03 -6.2738899188e-05
2.6542787789e+03 -6.3591631566e-05
2.6648729466e+03 -6.2747421733e-05
2.6754671143e+03 -6.3853284710e-05
2.6860612821e+03 -6.3231592836e-05
2.6966554498e+03 -6.4425504154e-05
2.7072496175e+03 -6.4252335009e-05
2.7178437852e+03 -6.5276136347e-05
2.7284379529e+03 -6.5762951087e-05
