# Reynolds stress Morkovin's scaling 
# Columns: y_plus    rho w''w''/tau_wall
3.8646263475e-01 1.0609972475e-02
1.1533752036e+00 7.7463725134e-02
1.9209634831e+00 1.7944610636e-01
2.6894093988e+00 2.9632980014e-01
3.4589138713e+00 4.1662234838e-01
4.2296938542e+00 5.3393917644e-01
5.0019793562e+00 6.4553050560e-01
5.7760106829e+00 7.5028001823e-01
6.5520360469e+00 8.4831775164e-01
7.3303096133e+00 9.3991750197e-01
8.1110899864e+00 1.0257082740e+00
8.8946390963e+00 1.1060957818e+00
9.6812214258e+00 1.1816180675e+00
1.0471103504e+01 1.2525620446e+00
1.1264553601e+01 1.3192838108e+00
1.2061841567e+01 1.3819354822e+00
1.2863238767e+01 1.4407106946e+00
1.3669018081e+01 1.4956486802e+00
1.4479453944e+01 1.5468297458e+00
1.5294822408e+01 1.5942681186e+00
1.6115401223e+01 1.6380651619e+00
1.6941469919e+01 1.6783279422e+00
1.7773309905e+01 1.7152246114e+00
1.8611204551e+01 1.7488947661e+00
1.9455439297e+01 1.7794739940e+00
2.0306301738e+01 1.8070771086e+00
2.1164081729e+01 1.8318398288e+00
2.2029071483e+01 1.8539289506e+00
2.2901565666e+01 1.8735485380e+00
2.3781861504e+01 1.8909422812e+00
2.4670258877e+01 1.9063709188e+00
2.5567060427e+01 1.9201108074e+00
2.6472571660e+01 1.9324054906e+00
2.7387101046e+01 1.9434564044e+00
2.8310960130e+01 1.9533863212e+00
2.9244463634e+01 1.9622862998e+00
3.0187929564e+01 1.9702193671e+00
3.1141679324e+01 1.9772664126e+00
3.2106037817e+01 1.9835002861e+00
3.3081333562e+01 1.9890106043e+00
3.4067898803e+01 1.9938647954e+00
3.5066069625e+01 1.9981153312e+00
3.6076186064e+01 2.0017493598e+00
3.7098592226e+01 2.0047246053e+00
3.8133636406e+01 2.0069818375e+00
3.9181671201e+01 2.0085016109e+00
4.0243053635e+01 2.0092906888e+00
4.1318145279e+01 2.0093902658e+00
4.2407312375e+01 2.0088292150e+00
4.3510925957e+01 2.0076387527e+00
4.4629361984e+01 2.0058459416e+00
4.5763001462e+01 2.0035098074e+00
4.6912230577e+01 2.0007238116e+00
4.8077440826e+01 1.9976368498e+00
4.9259029150e+01 1.9944011984e+00
5.0457398069e+01 1.9911268741e+00
5.1672955819e+01 1.9878275619e+00
5.2906116493e+01 1.9844141738e+00
5.4157300179e+01 1.9807155636e+00
5.5426933107e+01 1.9765689642e+00
5.6715447790e+01 1.9718820337e+00
5.8023283173e+01 1.9666474426e+00
5.9350884784e+01 1.9609088109e+00
6.0698704885e+01 1.9547554389e+00
6.2067202624e+01 1.9482877197e+00
6.3456844193e+01 1.9415878632e+00
6.4868102990e+01 1.9346913564e+00
6.6301459772e+01 1.9275984157e+00
6.7757402829e+01 1.9203226650e+00
6.9236428142e+01 1.9129169524e+00
7.0739039556e+01 1.9054529888e+00
7.2265748952e+01 1.8979724867e+00
7.3817076418e+01 1.8904384096e+00
7.5393550430e+01 1.8827896595e+00
7.6995708031e+01 1.8750120468e+00
7.8624095011e+01 1.8670796637e+00
8.0279266098e+01 1.8588730408e+00
8.1961785143e+01 1.8503019727e+00
8.3672225313e+01 1.8414638968e+00
8.5411169286e+01 1.8325535506e+00
8.7179209453e+01 1.8236967528e+00
8.8976948115e+01 1.8148732075e+00
9.0804997688e+01 1.8060529006e+00
9.2663980918e+01 1.7972940921e+00
9.4554531086e+01 1.7887325258e+00
9.6477292228e+01 1.7805686081e+00
9.8432919351e+01 1.7729618322e+00
1.0042207866e+02 1.7658637785e+00
1.0244544778e+02 1.7589775137e+00
1.0450371600e+02 1.7520179484e+00
1.0659758449e+02 1.7449770526e+00
1.0872776654e+02 1.7379475993e+00
1.1089498782e+02 1.7309636141e+00
1.1309998661e+02 1.7240603296e+00
1.1534351409e+02 1.7172625933e+00
1.1762633451e+02 1.7104206856e+00
1.1994922556e+02 1.7032871827e+00
1.2231297854e+02 1.6956843764e+00
1.2471839870e+02 1.6876323855e+00
1.2716630546e+02 1.6794460971e+00
1.2965753273e+02 1.6714390866e+00
1.3219292918e+02 1.6637164234e+00
1.3477335850e+02 1.6561538413e+00
1.3739969976e+02 1.6484070216e+00
1.4007284764e+02 1.6400517954e+00
1.4279371277e+02 1.6307992690e+00
1.4556322205e+02 1.6206302705e+00
1.4838231894e+02 1.6097485893e+00
1.5125196379e+02 1.5985137746e+00
1.5417313418e+02 1.5874274438e+00
1.5714682523e+02 1.5765874480e+00
1.6017404996e+02 1.5655267441e+00
1.6325583964e+02 1.5538746359e+00
1.6639324409e+02 1.5416871550e+00
1.6958733211e+02 1.5291297458e+00
1.7283919180e+02 1.5163683292e+00
1.7614993094e+02 1.5035590968e+00
1.7952067737e+02 1.4904491836e+00
1.8295257936e+02 1.4767099746e+00
1.8644680602e+02 1.4624498814e+00
1.9000454771e+02 1.4479651623e+00
1.9362701641e+02 1.4327256250e+00
1.9731544613e+02 1.4160696337e+00
2.0107109340e+02 1.3984754788e+00
2.0489523759e+02 1.3808652141e+00
2.0878918146e+02 1.3634777649e+00
2.1275425151e+02 1.3458105513e+00
2.1679179849e+02 1.3270873881e+00
2.2090319782e+02 1.3068923855e+00
2.2508985010e+02 1.2855545769e+00
2.2935318154e+02 1.2632327975e+00
2.3369464451e+02 1.2399230650e+00
2.3811571797e+02 1.2160067923e+00
2.4261790799e+02 1.1918477000e+00
2.4720274829e+02 1.1676438428e+00
2.5187180076e+02 1.1434761792e+00
2.5662665594e+02 1.1189167298e+00
2.6146893364e+02 1.0934567124e+00
2.6640028341e+02 1.0667070810e+00
2.7142238519e+02 1.0382504198e+00
2.7653694978e+02 1.0086205090e+00
2.8174571954e+02 9.7874668188e-01
2.8705046887e+02 9.4840991848e-01
2.9245300490e+02 9.1673872900e-01
2.9795516805e+02 8.8353678851e-01
3.0355883269e+02 8.4849827115e-01
3.0926590777e+02 8.1294809211e-01
3.1507833746e+02 7.7720685447e-01
3.2099810182e+02 7.4144648335e-01
3.2702721749e+02 7.0580058942e-01
3.3316773833e+02 6.6922015094e-01
3.3942175615e+02 6.3195275973e-01
3.4579140141e+02 5.9422747077e-01
3.5227884389e+02 5.5675189454e-01
3.5888629334e+02 5.1943753019e-01
3.6561600013e+02 4.8286164320e-01
3.7247025564e+02 4.4689587758e-01
3.7945139238e+02 4.1149524043e-01
3.8656178361e+02 3.7612862679e-01
3.9380384183e+02 3.4198138742e-01
4.0118001554e+02 3.1000773700e-01
4.0869278313e+02 2.8000883496e-01
4.1634464207e+02 2.5137338442e-01
4.2413809122e+02 2.2377715037e-01
4.3207560294e+02 1.9725588829e-01
4.4015958123e+02 1.7240809062e-01
4.4839230158e+02 1.4954617686e-01
4.5677582794e+02 1.2862139615e-01
4.6531190345e+02 1.0972012700e-01
4.7400181292e+02 9.3051259022e-02
4.8284621863e+02 7.8561386397e-02
4.9184497480e+02 6.5635942289e-02
5.0099693186e+02 5.4236964565e-02
5.1029974625e+02 4.4546968323e-02
5.1974971627e+02 3.6555751921e-02
5.2934166651e+02 2.9674075784e-02
5.3906890265e+02 2.3897298698e-02
5.4892325388e+02 1.9268553211e-02
5.5889521190e+02 1.5606027505e-02
5.6897416497e+02 1.2486631479e-02
5.7914871332e+02 1.0048529578e-02
5.8940704153e+02 8.1656424118e-03
5.9973731589e+02 6.6893527821e-03
6.1012807113e+02 5.5869982627e-03
6.2056855339e+02 4.7508448063e-03
6.3104899243e+02 4.0535751357e-03
6.4156078668e+02 3.4359748736e-03
6.5209659581e+02 2.9270658226e-03
6.6265034658e+02 2.5374932359e-03
6.7321716636e+02 2.2311135735e-03
6.8379326367e+02 1.9856725364e-03
6.9437577694e+02 1.7853804409e-03
7.0496261119e+02 1.6100700809e-03
7.1555227852e+02 1.4619435751e-03
7.2614375372e+02 1.3364563326e-03
7.3673635149e+02 1.2282282636e-03
7.4732962734e+02 1.1330088776e-03
7.5792330156e+02 1.0500093863e-03
7.6851720338e+02 9.7793746374e-04
7.7911123163e+02 9.1481667450e-04
7.8970532814e+02 8.5919403073e-04
8.0029946048e+02 8.1000169201e-04
8.1089361110e+02 7.6630275101e-04
8.2148777078e+02 7.2740607731e-04
8.3208193482e+02 6.9265594436e-04
8.4267610090e+02 6.6158613685e-04
8.5327026791e+02 6.3372044257e-04
8.6386443532e+02 6.0874426760e-04
8.7445860292e+02 5.8630460841e-04
8.8505277058e+02 5.6618512298e-04
8.9564693828e+02 5.4810806186e-04
9.0624110599e+02 5.3191293363e-04
9.1683527370e+02 5.1736406297e-04
9.2742944141e+02 5.0433507776e-04
9.3802360913e+02 4.9262398300e-04
9.4861777684e+02 4.8213999560e-04
9.5921194456e+02 4.7271928400e-04
9.6980611227e+02 4.6430342181e-04
9.8040027999e+02 4.5675347087e-04
9.9099444770e+02 4.5002403123e-04
1.0015886154e+03 4.4398731967e-04
1.0121827831e+03 4.3860494425e-04
1.0227769508e+03 4.3376376190e-04
1.0333711186e+03 4.2943879129e-04
1.0439652863e+03 4.2554052801e-04
1.0545594540e+03 4.2206392443e-04
1.0651536217e+03 4.1894334927e-04
1.0757477894e+03 4.1618438423e-04
1.0863419571e+03 4.1372706271e-04
1.0969361249e+03 4.1157083001e-04
1.1075302926e+03 4.0965437434e-04
1.1181244603e+03 4.0797832289e-04
1.1287186280e+03 4.0649447094e-04
1.1393127957e+03 4.0521727824e-04
1.1499069634e+03 4.0411894302e-04
1.1605011311e+03 4.0322810517e-04
1.1710952989e+03 4.0252949578e-04
1.1816894666e+03 4.0205017629e-04
1.1922836343e+03 4.0176640482e-04
1.2028778020e+03 4.0169012415e-04
1.2134719697e+03 4.0178470620e-04
1.2240661374e+03 4.0205598334e-04
1.2346603051e+03 4.0246451572e-04
1.2452544729e+03 4.0302037784e-04
1.2558486406e+03 4.0368106986e-04
1.2664428083e+03 4.0445916445e-04
1.2770369760e+03 4.0530292834e-04
1.2876311437e+03 4.0622885142e-04
1.2982253114e+03 4.0717778253e-04
1.3088194791e+03 4.0817891164e-04
1.3194136469e+03 4.0917372200e-04
1.3300078146e+03 4.1021394329e-04
1.3406019823e+03 4.1124191493e-04
1.3511961500e+03 4.1232438915e-04
1.3617903177e+03 4.1339015265e-04
1.3723844854e+03 4.1451126059e-04
1.3829786531e+03 4.1559992382e-04
1.3935728209e+03 4.1673548608e-04
1.4041669886e+03 4.1781884244e-04
1.4147611563e+03 4.1894188824e-04
1.4253553240e+03 4.2000268208e-04
1.4359494917e+03 4.2110935714e-04
1.4465436594e+03 4.2215757620e-04
1.4571378272e+03 4.2326592382e-04
1.4677319949e+03 4.2432147400e-04
1.4783261626e+03 4.2544884999e-04
1.4889203303e+03 4.2652205136e-04
1.4995144980e+03 4.2766912118e-04
1.5101086657e+03 4.2874777398e-04
1.5207028334e+03 4.2989284849e-04
1.5312970012e+03 4.3095223254e-04
1.5418911689e+03 4.3207834255e-04
1.5524853366e+03 4.3311552472e-04
1.5630795043e+03 4.3423457561e-04
1.5736736720e+03 4.3526910523e-04
1.5842678397e+03 4.3639796947e-04
1.5948620074e+03 4.3743510189e-04
1.6054561752e+03 4.3856293037e-04
1.6160503429e+03 4.3957821796e-04
1.6266445106e+03 4.4067204170e-04
1.6372386783e+03 4.4163094567e-04
1.6478328460e+03 4.4265796578e-04
1.6584270137e+03 4.4352991745e-04
1.6690211814e+03 4.4445897914e-04
1.6796153492e+03 4.4520889037e-04
1.6902095169e+03 4.4600083696e-04
1.7008036846e+03 4.4658764548e-04
1.7113978523e+03 4.4720500906e-04
1.7219920200e+03 4.4759660285e-04
1.7325861877e+03 4.4801295917e-04
1.7431803555e+03 4.4818679996e-04
1.7537745232e+03 4.4838632935e-04
1.7643686909e+03 4.4834191528e-04
1.7749628586e+03 4.4834868191e-04
1.7855570263e+03 4.4813963188e-04
1.7961511940e+03 4.4803089028e-04
1.8067453617e+03 4.4774714532e-04
1.8173395295e+03 4.4761068142e-04
1.8279336972e+03 4.4732682434e-04
1.8385278649e+03 4.4721471404e-04
1.8491220326e+03 4.4695705724e-04
1.8597162003e+03 4.4686910208e-04
1.8703103680e+03 4.4661714616e-04
1.8809045357e+03 4.4652039710e-04
1.8914987035e+03 4.4624258253e-04
1.9020928712e+03 4.4611468161e-04
1.9126870389e+03 4.4580404900e-04
1.9232812066e+03 4.4564628168e-04
1.9338753743e+03 4.4530696094e-04
1.9444695420e+03 4.4511910485e-04
1.9550637097e+03 4.4475210800e-04
1.9656578775e+03 4.4454305348e-04
1.9762520452e+03 4.4417198487e-04
1.9868462129e+03 4.4397715498e-04
1.9974403806e+03 4.4363958752e-04
2.0080345483e+03 4.4348911969e-04
2.0186287160e+03 4.4320061683e-04
2.0292228837e+03 4.4309773336e-04
2.0398170515e+03 4.4285362824e-04
2.0504112192e+03 4.4279586148e-04
2.0610053869e+03 4.4259965708e-04
2.0715995546e+03 4.4259892604e-04
2.0821937223e+03 4.4246400065e-04
2.0927878900e+03 4.4253256654e-04
2.1033820578e+03 4.4246577178e-04
2.1139762255e+03 4.4261255713e-04
2.1245703932e+03 4.4262945836e-04
2.1351645609e+03 4.4288547702e-04
2.1457587286e+03 4.4302821153e-04
2.1563528963e+03 4.4344464049e-04
2.1669470640e+03 4.4376246411e-04
2.1775412318e+03 4.4438895075e-04
2.1881353995e+03 4.4492775900e-04
2.1987295672e+03 4.4582034595e-04
2.2093237349e+03 4.4664610026e-04
2.2199179026e+03 4.4789678670e-04
2.2305120703e+03 4.4911943659e-04
2.2411062380e+03 4.5086671032e-04
2.2517004058e+03 4.5263892065e-04
2.2622945735e+03 4.5505973059e-04
2.2728887412e+03 4.5756435870e-04
2.2834829089e+03 4.6085134059e-04
2.2940770766e+03 4.6426406225e-04
2.3046712443e+03 4.6857284230e-04
2.3152654120e+03 4.7300742550e-04
2.3258595798e+03 4.7841362210e-04
2.3364537475e+03 4.8390455084e-04
2.3470479152e+03 4.9040910466e-04
2.3576420829e+03 4.9693020433e-04
2.3682362506e+03 5.0447590744e-04
2.3788304183e+03 5.1195311136e-04
2.3894245861e+03 5.2043893171e-04
2.4000187538e+03 5.2877946729e-04
2.4106129215e+03 5.3810974073e-04
2.4212070892e+03 5.4726708563e-04
2.4318012569e+03 5.5741705666e-04
2.4423954246e+03 5.6744057324e-04
2.4529895923e+03 5.7848118149e-04
2.4635837601e+03 5.8951817143e-04
2.4741779278e+03 6.0160746811e-04
2.4847720955e+03 6.1389501997e-04
2.4953662632e+03 6.2728104947e-04
2.5059604309e+03 6.4115784223e-04
2.5165545986e+03 6.5619607866e-04
2.5271487663e+03 6.7211027503e-04
2.5377429341e+03 6.8925276840e-04
2.5483371018e+03 7.0771492950e-04
2.5589312695e+03 7.2742907727e-04
2.5695254372e+03 7.4889054947e-04
2.5801196049e+03 7.7151771299e-04
2.5907137726e+03 7.9620543267e-04
2.6013079403e+03 8.2179766991e-04
2.6119021081e+03 8.4953448424e-04
2.6224962758e+03 8.7768691900e-04
2.6330904435e+03 9.0768743516e-04
2.6436846112e+03 9.3732930104e-04
2.6542787789e+03 9.6790616994e-04
2.6648729466e+03 9.9697936095e-04
2.6754671143e+03 1.0251551764e-03
2.6860612821e+03 1.0503056006e-03
2.6966554498e+03 1.0717257106e-03
2.7072496175e+03 1.0886251909e-03
2.7178437852e+03 1.0987131562e-03
2.7284379529e+03 1.1048749630e-03
