# Reynolds stress Morkovin's scaling 
# Columns: y_plus    rho u''w''/tau_wall
3.8646263475e-01 -2.7450390054e-05
1.1533752036e+00 -2.7726732230e-04
1.9209634831e+00 -7.4861856457e-04
2.6894093988e+00 -1.3203066039e-03
3.4589138713e+00 -1.8853077448e-03
4.2296938542e+00 -2.4046713220e-03
5.0019793562e+00 -2.8887637185e-03
5.7760106829e+00 -3.3363112564e-03
6.5520360469e+00 -3.7020202602e-03
7.3303096133e+00 -3.9246958677e-03
8.1110899864e+00 -3.9614106454e-03
8.8946390963e+00 -3.7879927108e-03
9.6812214258e+00 -3.3973899969e-03
1.0471103504e+01 -2.8180612121e-03
1.1264553601e+01 -2.1332016874e-03
1.2061841567e+01 -1.4746156841e-03
1.2863238767e+01 -9.8838521227e-04
1.3669018081e+01 -7.8672428472e-04
1.4479453944e+01 -9.1523426128e-04
1.5294822408e+01 -1.3540700008e-03
1.6115401223e+01 -2.0439050477e-03
1.6941469919e+01 -2.9120030504e-03
1.7773309905e+01 -3.8849520503e-03
1.8611204551e+01 -4.8876156422e-03
1.9455439297e+01 -5.8405513811e-03
2.0306301738e+01 -6.6663911356e-03
2.1164081729e+01 -7.3094197561e-03
2.2029071483e+01 -7.7556088027e-03
2.2901565666e+01 -8.0320040857e-03
2.3781861504e+01 -8.1787722573e-03
2.4670258877e+01 -8.2180902485e-03
2.5567060427e+01 -8.1483339168e-03
2.6472571660e+01 -7.9654522859e-03
2.7387101046e+01 -7.6941421683e-03
2.8310960130e+01 -7.4008289030e-03
2.9244463634e+01 -7.1685591330e-03
3.0187929564e+01 -7.0565082185e-03
3.1141679324e+01 -7.0823700865e-03
3.2106037817e+01 -7.2273866067e-03
3.3081333562e+01 -7.4547626825e-03
3.4067898803e+01 -7.7333302060e-03
3.5066069625e+01 -8.0459415876e-03
3.6076186064e+01 -8.3831254236e-03
3.7098592226e+01 -8.7378209810e-03
3.8133636406e+01 -9.1057946390e-03
3.9181671201e+01 -9.4828433349e-03
4.0243053635e+01 -9.8471228772e-03
4.1318145279e+01 -1.0148220842e-02
4.2407312375e+01 -1.0325235553e-02
4.3510925957e+01 -1.0330085231e-02
4.4629361984e+01 -1.0145019105e-02
4.5763001462e+01 -9.7960843813e-03
4.6912230577e+01 -9.3407849355e-03
4.8077440826e+01 -8.8416776080e-03
4.9259029150e+01 -8.3550859613e-03
5.0457398069e+01 -7.9190685146e-03
5.1672955819e+01 -7.5441813807e-03
5.2906116493e+01 -7.2138486384e-03
5.4157300179e+01 -6.9106969136e-03
5.5426933107e+01 -6.6579931073e-03
5.6715447790e+01 -6.5168526591e-03
5.8023283173e+01 -6.5372383865e-03
5.9350884784e+01 -6.7437077479e-03
6.0698704885e+01 -7.1783703115e-03
6.2067202624e+01 -7.9007263457e-03
6.3456844193e+01 -8.9041003822e-03
6.4868102990e+01 -1.0083210769e-02
6.6301459772e+01 -1.1303156166e-02
6.7757402829e+01 -1.2458327500e-02
6.9236428142e+01 -1.3487958180e-02
7.0739039556e+01 -1.4383922624e-02
7.2265748952e+01 -1.5179680680e-02
7.3817076418e+01 -1.5923485707e-02
7.5393550430e+01 -1.6619283966e-02
7.6995708031e+01 -1.7200274176e-02
7.8624095011e+01 -1.7593302642e-02
8.0279266098e+01 -1.7747803549e-02
8.1961785143e+01 -1.7613472923e-02
8.3672225313e+01 -1.7193030110e-02
8.5411169286e+01 -1.6566767699e-02
8.7179209453e+01 -1.5882891309e-02
8.8976948115e+01 -1.5325737463e-02
9.0804997688e+01 -1.4988026536e-02
9.2663980918e+01 -1.4784972299e-02
9.4554531086e+01 -1.4583415120e-02
9.6477292228e+01 -1.4377698408e-02
9.8432919351e+01 -1.4295006769e-02
1.0042207866e+02 -1.4437259517e-02
1.0244544778e+02 -1.4775283990e-02
1.0450371600e+02 -1.5175229918e-02
1.0659758449e+02 -1.5448935407e-02
1.0872776654e+02 -1.5404542942e-02
1.1089498782e+02 -1.4896997672e-02
1.1309998661e+02 -1.3963130187e-02
1.1534351409e+02 -1.2793127287e-02
1.1762633451e+02 -1.1508341864e-02
1.1994922556e+02 -1.0143243340e-02
1.2231297854e+02 -8.7999244201e-03
1.2471839870e+02 -7.5427008552e-03
1.2716630546e+02 -6.3174298307e-03
1.2965753273e+02 -5.0745898419e-03
1.3219292918e+02 -3.9629302886e-03
1.3477335850e+02 -3.2471662519e-03
1.3739969976e+02 -3.0397130788e-03
1.4007284764e+02 -3.1643452586e-03
1.4279371277e+02 -3.4148189943e-03
1.4556322205e+02 -3.8444194492e-03
1.4838231894e+02 -4.5066048840e-03
1.5125196379e+02 -5.2148965121e-03
1.5417313418e+02 -5.5953766741e-03
1.5714682523e+02 -5.5744867530e-03
1.6017404996e+02 -5.2450772422e-03
1.6325583964e+02 -4.8176323423e-03
1.6639324409e+02 -4.7157963793e-03
1.6958733211e+02 -4.8893396055e-03
1.7283919180e+02 -5.1914824323e-03
1.7614993094e+02 -5.8407019513e-03
1.7952067737e+02 -6.5687837338e-03
1.8295257936e+02 -6.8025134823e-03
1.8644680602e+02 -6.5821203297e-03
1.9000454771e+02 -6.4178806721e-03
1.9362701641e+02 -6.6041666349e-03
1.9731544613e+02 -6.9618244654e-03
2.0107109340e+02 -7.1331403700e-03
2.0489523759e+02 -6.7844730178e-03
2.0878918146e+02 -5.9974158473e-03
2.1275425151e+02 -4.9377293103e-03
2.1679179849e+02 -3.6204620718e-03
2.2090319782e+02 -2.3626459957e-03
2.2508985010e+02 -1.2496987362e-03
2.2935318154e+02 -3.1664150931e-04
2.3369464451e+02 3.5666854438e-04
2.3811571797e+02 8.3074455449e-04
2.4261790799e+02 7.5190919427e-04
2.4720274829e+02 2.0177806687e-05
2.5187180076e+02 -1.0016267323e-03
2.5662665594e+02 -2.0378081604e-03
2.6146893364e+02 -2.5690664263e-03
2.6640028341e+02 -2.7884771948e-03
2.7142238519e+02 -2.8762964134e-03
2.7653694978e+02 -2.9700270639e-03
2.8174571954e+02 -3.6340169867e-03
2.8705046887e+02 -4.6018975878e-03
2.9245300490e+02 -5.5004215256e-03
2.9795516805e+02 -5.9394553723e-03
3.0355883269e+02 -5.7324177680e-03
3.0926590777e+02 -4.7286230931e-03
3.1507833746e+02 -3.7007686013e-03
3.2099810182e+02 -3.2607633752e-03
3.2702721749e+02 -2.7201802786e-03
3.3316773833e+02 -2.0873239459e-03
3.3942175615e+02 -1.2261304908e-03
3.4579140141e+02 -8.6298656090e-04
3.5227884389e+02 -1.2392215893e-03
3.5888629334e+02 -1.6634359008e-03
3.6561600013e+02 -1.8133635667e-03
3.7247025564e+02 -1.5941451008e-03
3.7945139238e+02 -8.6077123139e-04
3.8656178361e+02 -2.5648239052e-04
3.9380384183e+02 -3.3285631092e-06
4.0118001554e+02 3.0208809385e-04
4.0869278313e+02 5.3125296884e-04
4.1634464207e+02 2.9058481517e-04
4.2413809122e+02 6.2797384057e-06
4.3207560294e+02 8.5230167943e-05
4.4015958123e+02 1.7062720522e-04
4.4839230158e+02 8.9466317340e-05
4.5677582794e+02 -2.0627408559e-04
4.6531190345e+02 -5.3817014738e-04
4.7400181292e+02 -3.9689116228e-04
4.8284621863e+02 -2.1065837736e-04
4.9184497480e+02 -3.0137727473e-04
5.0099693186e+02 -5.6395483711e-04
5.1029974625e+02 -6.4486228933e-04
5.1974971627e+02 -5.8384128252e-04
5.2934166651e+02 -4.2312860937e-04
5.3906890265e+02 -2.0741858266e-04
5.4892325388e+02 -2.8201972923e-05
5.5889521190e+02 7.0125999280e-05
5.6897416497e+02 6.8313542335e-05
5.7914871332e+02 4.9198904035e-05
5.8940704153e+02 4.3855540475e-05
5.9973731589e+02 6.0660816629e-05
6.1012807113e+02 6.9162970055e-05
6.2056855339e+02 7.3464135645e-05
6.3104899243e+02 3.2968363903e-05
6.4156078668e+02 2.6924944950e-06
6.5209659581e+02 3.8620778477e-07
6.6265034658e+02 1.3387412677e-05
6.7321716636e+02 1.6818726501e-05
6.8379326367e+02 1.1158467556e-05
6.9437577694e+02 8.6439656396e-06
7.0496261119e+02 7.8435582043e-06
7.1555227852e+02 7.1972872309e-06
7.2614375372e+02 5.6419840446e-06
7.3673635149e+02 4.9174872521e-06
7.4732962734e+02 3.8798599994e-06
7.5792330156e+02 3.5810395520e-06
7.6851720338e+02 3.3109991950e-06
7.7911123163e+02 2.9639059945e-06
7.8970532814e+02 2.6650778238e-06
8.0029946048e+02 2.3966439052e-06
8.1089361110e+02 2.1146178739e-06
8.2148777078e+02 1.8275146986e-06
8.3208193482e+02 1.5367829230e-06
8.4267610090e+02 1.2763749630e-06
8.5327026791e+02 1.0486010655e-06
8.6386443532e+02 8.6091237690e-07
8.7445860292e+02 6.8050340873e-07
8.8505277058e+02 4.8651956086e-07
8.9564693828e+02 2.4029140394e-07
9.0624110599e+02 -5.9546725923e-08
9.1683527370e+02 -4.0825762280e-07
9.2742944141e+02 -7.5946740286e-07
9.3802360913e+02 -1.0795798159e-06
9.4861777684e+02 -1.3265776612e-06
9.5921194456e+02 -1.4977857550e-06
9.6980611227e+02 -1.5949237176e-06
9.8040027999e+02 -1.6501043815e-06
9.9099444770e+02 -1.6810237156e-06
1.0015886154e+03 -1.7127060895e-06
1.0121827831e+03 -1.7453346668e-06
1.0227769508e+03 -1.7872222635e-06
1.0333711186e+03 -1.8326111592e-06
1.0439652863e+03 -1.8910217791e-06
1.0545594540e+03 -1.9617198870e-06
1.0651536217e+03 -2.0579494582e-06
1.0757477894e+03 -2.1792946515e-06
1.0863419571e+03 -2.3359600518e-06
1.0969361249e+03 -2.5187854617e-06
1.1075302926e+03 -2.7289338848e-06
1.1181244603e+03 -2.9492354905e-06
1.1287186280e+03 -3.1811936169e-06
1.1393127957e+03 -3.4106932348e-06
1.1499069634e+03 -3.6457538059e-06
1.1605011311e+03 -3.8764211619e-06
1.1710952989e+03 -4.1168236104e-06
1.1816894666e+03 -4.3621960409e-06
1.1922836343e+03 -4.6292004351e-06
1.2028778020e+03 -4.9095023526e-06
1.2134719697e+03 -5.2082737335e-06
1.2240661374e+03 -5.5034225044e-06
1.2346603051e+03 -5.7854920647e-06
1.2452544729e+03 -6.0290756872e-06
1.2558486406e+03 -6.2264248858e-06
1.2664428083e+03 -6.3654084160e-06
1.2770369760e+03 -6.4473991971e-06
1.2876311437e+03 -6.4733982688e-06
1.2982253114e+03 -6.4505166173e-06
1.3088194791e+03 -6.3885648425e-06
1.3194136469e+03 -6.2969347692e-06
1.3300078146e+03 -6.1895302496e-06
1.3406019823e+03 -6.0723054422e-06
1.3511961500e+03 -5.9558348343e-06
1.3617903177e+03 -5.8368035480e-06
1.3723844854e+03 -5.7198367263e-06
1.3829786531e+03 -5.5956711305e-06
1.3935728209e+03 -5.4670978157e-06
1.4041669886e+03 -5.3237467899e-06
1.4147611563e+03 -5.1687747848e-06
1.4253553240e+03 -4.9938572924e-06
1.4359494917e+03 -4.8052742593e-06
1.4465436594e+03 -4.5986222671e-06
1.4571378272e+03 -4.3833192475e-06
1.4677319949e+03 -4.1583661611e-06
1.4783261626e+03 -3.9372978460e-06
1.4889203303e+03 -3.7242033392e-06
1.4995144980e+03 -3.5367903844e-06
1.5101086657e+03 -3.3796879499e-06
1.5207028334e+03 -3.2657546825e-06
1.5312970012e+03 -3.1895096979e-06
1.5418911689e+03 -3.1504149154e-06
1.5524853366e+03 -3.1296603154e-06
1.5630795043e+03 -3.1170548089e-06
1.5736736720e+03 -3.0883925597e-06
1.5842678397e+03 -3.0356431095e-06
1.5948620074e+03 -2.9390557049e-06
1.6054561752e+03 -2.8034452436e-06
1.6160503429e+03 -2.6199460372e-06
1.6266445106e+03 -2.4106178370e-06
1.6372386783e+03 -2.1761276722e-06
1.6478328460e+03 -1.9488807328e-06
1.6584270137e+03 -1.7272925395e-06
1.6690211814e+03 -1.5392773904e-06
1.6796153492e+03 -1.3703078262e-06
1.6902095169e+03 -1.2380500462e-06
1.7008036846e+03 -1.1183402291e-06
1.7113978523e+03 -1.0245436548e-06
1.7219920200e+03 -9.3118019124e-07
1.7325861877e+03 -8.5314151191e-07
1.7431803555e+03 -7.6846009602e-07
1.7537745232e+03 -6.9621956562e-07
1.7643686909e+03 -6.1761459680e-07
1.7749628586e+03 -5.5302964305e-07
1.7855570263e+03 -4.8098745644e-07
1.7961511940e+03 -4.2064842857e-07
1.8067453617e+03 -3.4778442958e-07
1.8173395295e+03 -2.8750117972e-07
1.8279336972e+03 -2.1774980681e-07
1.8385278649e+03 -1.7329947754e-07
1.8491220326e+03 -1.2878600954e-07
1.8597162003e+03 -1.2139215487e-07
1.8703103680e+03 -1.1410624845e-07
1.8809045357e+03 -1.4238828135e-07
1.8914987035e+03 -1.5814720956e-07
1.9020928712e+03 -1.9742384636e-07
1.9126870389e+03 -2.0825989020e-07
1.9232812066e+03 -2.3215363110e-07
1.9338753743e+03 -2.2080102510e-07
1.9444695420e+03 -2.2104672396e-07
1.9550637097e+03 -1.8774457082e-07
1.9656578775e+03 -1.6692791488e-07
1.9762520452e+03 -1.1701777689e-07
1.9868462129e+03 -8.1827776958e-08
1.9974403806e+03 -2.7400619957e-08
2.0080345483e+03 9.0252371135e-09
2.0186287160e+03 5.2958208634e-08
2.0292228837e+03 7.7438038351e-08
2.0398170515e+03 9.6224789824e-08
2.0504112192e+03 9.4450386374e-08
2.0610053869e+03 7.6417281380e-08
2.0715995546e+03 4.4079840673e-08
2.0821937223e+03 -4.0341417399e-09
2.0927878900e+03 -5.2291572088e-08
2.1033820578e+03 -1.1046493904e-07
2.1139762255e+03 -1.5716867903e-07
2.1245703932e+03 -2.1027143435e-07
2.1351645609e+03 -2.4735481167e-07
2.1457587286e+03 -2.9139661045e-07
2.1563528963e+03 -3.2163471305e-07
2.1669470640e+03 -3.6102268189e-07
2.1775412318e+03 -3.8796221526e-07
2.1881353995e+03 -4.2050162459e-07
2.1987295672e+03 -4.3720929323e-07
2.2093237349e+03 -4.5356954062e-07
2.2199179026e+03 -4.5226660422e-07
2.2305120703e+03 -4.4653860413e-07
2.2411062380e+03 -4.2269884250e-07
2.2517004058e+03 -3.8903439468e-07
2.2622945735e+03 -3.3557708905e-07
2.2728887412e+03 -2.6452122324e-07
2.2834829089e+03 -1.7103067400e-07
2.2940770766e+03 -4.9797100055e-08
2.3046712443e+03 9.7107960045e-08
2.3152654120e+03 2.8026025656e-07
2.3258595798e+03 4.8553895835e-07
2.3364537475e+03 7.2116810947e-07
2.3470479152e+03 9.5871824383e-07
2.3576420829e+03 1.2022253224e-06
2.3682362506e+03 1.4204930471e-06
2.3788304183e+03 1.6203295881e-06
2.3894245861e+03 1.7797467201e-06
2.4000187538e+03 1.9065542276e-06
2.4106129215e+03 1.9869506309e-06
2.4212070892e+03 2.0250946176e-06
2.4318012569e+03 2.0152848000e-06
2.4423954246e+03 1.9616888418e-06
2.4529895923e+03 1.8684490445e-06
2.4635837601e+03 1.7440588519e-06
2.4741779278e+03 1.6002109629e-06
2.4847720955e+03 1.4502467705e-06
2.4953662632e+03 1.3047201382e-06
2.5059604309e+03 1.1771338631e-06
2.5165545986e+03 1.0652717368e-06
2.5271487663e+03 9.8107328460e-07
2.5377429341e+03 9.0742370193e-07
2.5483371018e+03 8.6114542341e-07
2.5589312695e+03 8.1457912570e-07
2.5695254372e+03 7.9298224340e-07
2.5801196049e+03 7.5939992746e-07
2.5907137726e+03 7.4572393166e-07
2.6013079403e+03 7.0681283050e-07
2.6119021081e+03 6.7825359096e-07
2.6224962758e+03 6.0758575452e-07
2.6330904435e+03 5.3101953002e-07
2.6436846112e+03 3.9396388516e-07
2.6542787789e+03 2.3779130851e-07
2.6648729466e+03 1.7131892736e-08
2.6754671143e+03 -2.1418192200e-07
2.6860612821e+03 -4.8813896254e-07
2.6966554498e+03 -7.3545615237e-07
2.7072496175e+03 -9.8510590024e-07
2.7178437852e+03 -1.1579198268e-06
2.7284379529e+03 -1.2994930236e-06
