# Outer-scaled velocity profile (U/u_inf vs y/delta)
# Columns: y_star    U_parallel_star
8.6166436767e-04 1.8506722039e-02
2.5715870725e-03 5.5505468428e-02
4.2830163545e-03 9.2409991468e-02
5.9963578380e-03 1.2902196163e-01
7.7120594999e-03 1.6504648993e-01
9.4306050640e-03 2.0013821716e-01
1.1152507362e-02 2.3396005875e-01
1.2878302183e-02 2.6622240141e-01
1.4608542947e-02 2.9671369265e-01
1.6343796346e-02 3.2530180909e-01
1.8084638968e-02 3.5193415326e-01
1.9831654818e-02 3.7661872017e-01
2.1585433592e-02 3.9941530760e-01
2.3346569547e-02 4.2041489361e-01
2.5115660824e-02 4.3973310993e-01
2.6893309086e-02 4.5749378942e-01
2.8680119374e-02 4.7382679140e-01
3.0476700106e-02 4.8885644838e-01
3.2283663167e-02 5.0270349733e-01
3.4101624048e-02 5.1547785919e-01
3.5931202025e-02 5.2728331559e-01
3.7773020346e-02 5.3821265040e-01
3.9627706441e-02 5.4835271100e-01
4.1495892123e-02 5.5778011098e-01
4.3378213809e-02 5.6656578768e-01
4.5275312729e-02 5.7477124592e-01
4.7187835151e-02 5.8245293172e-01
4.9116432594e-02 5.8965922872e-01
5.1061762054e-02 5.9643463371e-01
5.3024486230e-02 6.0281735684e-01
5.5005273741e-02 6.0884320037e-01
5.7004799365e-02 6.1454348279e-01
5.9023744260e-02 6.1994819934e-01
6.1062796201e-02 6.2508379578e-01
6.3122649811e-02 6.2997549391e-01
6.5204006801e-02 6.3464504818e-01
6.7307576207e-02 6.3911269903e-01
6.9434074630e-02 6.4339546038e-01
7.1584226485e-02 6.4750920108e-01
7.3758764243e-02 6.5146743631e-01
7.5958428683e-02 6.5528315079e-01
7.8183969142e-02 6.5896759623e-01
8.0436143775e-02 6.6253166423e-01
8.2715719808e-02 6.6598470555e-01
8.5023473801e-02 6.6933574791e-01
8.7360191914e-02 6.7259261660e-01
8.9726670176e-02 6.7576300785e-01
9.2123714750e-02 6.7885360478e-01
9.4552142216e-02 6.8187104438e-01
9.7012779841e-02 6.8482136503e-01
9.9506465867e-02 6.8771087754e-01
1.0203404979e-01 6.9054537790e-01
1.0459639267e-01 6.9333052137e-01
1.0719436738e-01 6.9607097059e-01
1.0982885896e-01 6.9877092963e-01
1.1250076486e-01 7.0143379056e-01
1.1521099531e-01 7.0406290050e-01
1.1796047357e-01 7.0666132146e-01
1.2075013628e-01 7.0923222136e-01
1.2358093376e-01 7.1177821358e-01
1.2645383036e-01 7.1430174817e-01
1.2936980476e-01 7.1680512832e-01
1.3232985031e-01 7.1929117418e-01
1.3533497539e-01 7.2176287392e-01
1.3838620372e-01 7.2422344880e-01
1.4148457473e-01 7.2667568861e-01
1.4463114392e-01 7.2912183515e-01
1.4782698319e-01 7.3156318631e-01
1.5107318124e-01 7.3400059681e-01
1.5437084393e-01 7.3643447800e-01
1.5772109464e-01 7.3886490461e-01
1.6112507465e-01 7.4129129483e-01
1.6458394358e-01 7.4371279288e-01
1.6809887973e-01 7.4612863266e-01
1.7167108048e-01 7.4853891402e-01
1.7530176276e-01 7.5094493815e-01
1.7899216338e-01 7.5334938628e-01
1.8274353952e-01 7.5575542768e-01
1.8655716914e-01 7.5816620004e-01
1.9043435136e-01 7.6058446717e-01
1.9437640701e-01 7.6301242257e-01
1.9838467898e-01 7.6545132847e-01
2.0246053274e-01 7.6790175129e-01
2.0660535675e-01 7.7036421992e-01
2.1082056301e-01 7.7283993713e-01
2.1510758745e-01 7.7533004257e-01
2.1946789051e-01 7.7783471993e-01
2.2390295757e-01 7.8035301823e-01
2.2841429946e-01 7.8288392965e-01
2.3300345304e-01 7.8542784282e-01
2.3767198165e-01 7.8798679300e-01
2.4242147565e-01 7.9056243657e-01
2.4725355303e-01 7.9315539464e-01
2.5216985987e-01 7.9576639452e-01
2.5717207096e-01 7.9839569648e-01
2.6226189037e-01 8.0104202770e-01
2.6744105199e-01 8.0370344888e-01
2.7271132015e-01 8.0637865637e-01
2.7807449023e-01 8.0906684334e-01
2.8353238924e-01 8.1176763563e-01
2.8908687648e-01 8.1448203174e-01
2.9473984414e-01 8.1721138269e-01
3.0049321795e-01 8.1995570024e-01
3.0634895787e-01 8.2271385949e-01
3.1230905871e-01 8.2548461833e-01
3.1837555085e-01 8.2826859283e-01
3.2455050089e-01 8.3107017417e-01
3.3083601240e-01 8.3389595348e-01
3.3723422659e-01 8.3675225985e-01
3.4374732310e-01 8.3964448139e-01
3.5037752066e-01 8.4257493141e-01
3.5712707794e-01 8.4554123542e-01
3.6399829422e-01 8.4853607688e-01
3.7099351026e-01 8.5155292180e-01
3.7811510906e-01 8.5459198047e-01
3.8536551666e-01 8.5765699390e-01
3.9274720299e-01 8.6074639374e-01
4.0026268269e-01 8.6385131698e-01
4.0791451599e-01 8.6696715069e-01
4.1570530957e-01 8.7009839420e-01
4.2363771743e-01 8.7325239973e-01
4.3171444184e-01 8.7643704201e-01
4.3993823422e-01 8.7965610982e-01
4.4831189608e-01 8.8290432888e-01
4.5683827999e-01 8.8617011527e-01
4.6552029057e-01 8.8944647356e-01
4.7436088542e-01 8.9273938188e-01
4.8336307618e-01 8.9605821923e-01
4.9252992954e-01 8.9940440112e-01
5.0186456830e-01 9.0277792166e-01
5.1137017238e-01 9.0618100162e-01
5.2104997996e-01 9.0961175874e-01
5.3090728858e-01 9.1306502218e-01
5.4094545623e-01 9.1653406421e-01
5.5116790251e-01 9.2001421036e-01
5.6157810981e-01 9.2351322478e-01
5.7217962447e-01 9.2703706873e-01
5.8297605799e-01 9.3057404556e-01
5.9397108831e-01 9.3411975350e-01
6.0516846099e-01 9.3767503634e-01
6.1657199053e-01 9.4123812927e-01
6.2818556166e-01 9.4481618500e-01
6.4001313066e-01 9.4841432152e-01
6.5205872671e-01 9.5202883290e-01
6.6432645328e-01 9.5565214534e-01
6.7682048948e-01 9.5928025815e-01
6.8954509155e-01 9.6290771043e-01
7.0250459424e-01 9.6653315620e-01
7.1570341234e-01 9.7016394295e-01
7.2914604216e-01 9.7379184556e-01
7.4283706305e-01 9.7740056785e-01
7.5678113895e-01 9.8098381811e-01
7.7098301997e-01 9.8453414747e-01
7.8544754387e-01 9.8804119673e-01
8.0017963759e-01 9.9150010298e-01
8.1518431858e-01 9.9489966944e-01
8.3046669572e-01 9.9822272621e-01
8.4603196965e-01 1.0014624328e+00
8.6188543183e-01 1.0046036836e+00
8.7803246120e-01 1.0076327726e+00
8.9447851701e-01 1.0105458418e+00
9.1122912509e-01 1.0133279754e+00
9.2828985388e-01 1.0159638479e+00
9.4566627486e-01 1.0184463090e+00
9.6336390045e-01 1.0207590874e+00
9.8138809068e-01 1.0228818792e+00
9.9974391899e-01 1.0248093537e+00
1.0184359872e+00 1.0265404624e+00
1.0374681819e+00 1.0280755650e+00
1.0568433677e+00 1.0294220012e+00
1.0765630212e+00 1.0305880242e+00
1.0966268174e+00 1.0315742671e+00
1.1170321932e+00 1.0323872378e+00
1.1377739234e+00 1.0330471494e+00
1.1588437545e+00 1.0335757925e+00
1.1802301473e+00 1.0339951779e+00
1.2019181762e+00 1.0343197164e+00
1.2238896233e+00 1.0345630546e+00
1.2461232886e+00 1.0347448073e+00
1.2685955122e+00 1.0348773215e+00
1.2912808768e+00 1.0349701544e+00
1.3141530385e+00 1.0350345357e+00
1.3371856128e+00 1.0350766796e+00
1.3603530363e+00 1.0351026538e+00
1.3836313322e+00 1.0351192625e+00
1.4069987164e+00 1.0351302394e+00
1.4304360108e+00 1.0351375835e+00
1.4539268492e+00 1.0351424463e+00
1.4774576907e+00 1.0351454927e+00
1.5010176710e+00 1.0351472615e+00
1.5245983368e+00 1.0351483454e+00
1.5481933076e+00 1.0351490083e+00
1.5717979126e+00 1.0351495041e+00
1.5954088343e+00 1.0351500225e+00
1.6190237869e+00 1.0351505692e+00
1.6426412423e+00 1.0351511047e+00
1.6662602096e+00 1.0351516146e+00
1.6898800651e+00 1.0351520661e+00
1.7135004281e+00 1.0351524944e+00
1.7371210730e+00 1.0351529028e+00
1.7607418701e+00 1.0351532948e+00
1.7843627470e+00 1.0351536756e+00
1.8079836647e+00 1.0351540520e+00
1.8316046026e+00 1.0351544299e+00
1.8552255503e+00 1.0351548088e+00
1.8788465025e+00 1.0351551923e+00
1.9024674567e+00 1.0351555742e+00
1.9260884119e+00 1.0351559525e+00
1.9497093674e+00 1.0351563225e+00
1.9733303232e+00 1.0351566883e+00
1.9969512789e+00 1.0351570538e+00
2.0205722348e+00 1.0351574286e+00
2.0441931906e+00 1.0351578145e+00
2.0678141464e+00 1.0351582237e+00
2.0914351022e+00 1.0351586544e+00
2.1150560581e+00 1.0351591100e+00
2.1386770139e+00 1.0351595825e+00
2.1622979697e+00 1.0351600644e+00
2.1859189256e+00 1.0351605524e+00
2.2095398814e+00 1.0351610423e+00
2.2331608372e+00 1.0351615391e+00
2.2567817930e+00 1.0351620407e+00
2.2804027489e+00 1.0351625512e+00
2.3040237047e+00 1.0351630635e+00
2.3276446605e+00 1.0351635790e+00
2.3512656164e+00 1.0351640870e+00
2.3748865722e+00 1.0351645898e+00
2.3985075280e+00 1.0351650790e+00
2.4221284838e+00 1.0351655639e+00
2.4457494397e+00 1.0351660452e+00
2.4693703955e+00 1.0351665377e+00
2.4929913513e+00 1.0351670432e+00
2.5166123072e+00 1.0351675679e+00
2.5402332630e+00 1.0351681045e+00
2.5638542188e+00 1.0351686432e+00
2.5874751746e+00 1.0351691681e+00
2.6110961305e+00 1.0351696595e+00
2.6347170863e+00 1.0351701047e+00
2.6583380421e+00 1.0351704896e+00
2.6819589980e+00 1.0351708193e+00
2.7055799538e+00 1.0351710968e+00
2.7292009096e+00 1.0351713461e+00
2.7528218654e+00 1.0351715781e+00
2.7764428213e+00 1.0351718149e+00
2.8000637771e+00 1.0351720534e+00
2.8236847329e+00 1.0351722978e+00
2.8473056888e+00 1.0351725294e+00
2.8709266446e+00 1.0351727435e+00
2.8945476004e+00 1.0351729205e+00
2.9181685562e+00 1.0351730609e+00
2.9417895121e+00 1.0351731562e+00
2.9654104679e+00 1.0351732181e+00
2.9890314237e+00 1.0351732487e+00
3.0126523796e+00 1.0351732629e+00
3.0362733354e+00 1.0351732628e+00
3.0598942912e+00 1.0351732570e+00
3.0835152470e+00 1.0351732406e+00
3.1071362029e+00 1.0351732141e+00
3.1307571587e+00 1.0351731680e+00
3.1543781145e+00 1.0351731023e+00
3.1779990704e+00 1.0351730132e+00
3.2016200262e+00 1.0351729097e+00
3.2252409820e+00 1.0351727981e+00
3.2488619378e+00 1.0351726958e+00
3.2724828937e+00 1.0351726120e+00
3.2961038495e+00 1.0351725617e+00
3.3197248053e+00 1.0351725446e+00
3.3433457612e+00 1.0351725632e+00
3.3669667170e+00 1.0351726031e+00
3.3905876728e+00 1.0351726560e+00
3.4142086286e+00 1.0351727045e+00
3.4378295845e+00 1.0351727428e+00
3.4614505403e+00 1.0351727635e+00
3.4850714961e+00 1.0351727712e+00
3.5086924520e+00 1.0351727730e+00
3.5323134078e+00 1.0351727806e+00
3.5559343636e+00 1.0351728081e+00
3.5795553195e+00 1.0351728624e+00
3.6031762753e+00 1.0351729554e+00
3.6267972311e+00 1.0351730819e+00
3.6504181869e+00 1.0351732493e+00
3.6740391428e+00 1.0351734408e+00
3.6976600986e+00 1.0351736621e+00
3.7212810544e+00 1.0351738879e+00
3.7449020103e+00 1.0351741237e+00
3.7685229661e+00 1.0351743363e+00
3.7921439219e+00 1.0351745340e+00
3.8157648777e+00 1.0351746828e+00
3.8393858336e+00 1.0351748017e+00
3.8630067894e+00 1.0351748646e+00
3.8866277452e+00 1.0351749037e+00
3.9102487011e+00 1.0351748987e+00
3.9338696569e+00 1.0351748855e+00
3.9574906127e+00 1.0351748405e+00
3.9811115685e+00 1.0351747933e+00
4.0047325244e+00 1.0351747169e+00
4.0283534802e+00 1.0351746352e+00
4.0519744360e+00 1.0351745253e+00
4.0755953919e+00 1.0351744085e+00
4.0992163477e+00 1.0351742729e+00
4.1228373035e+00 1.0351741374e+00
4.1464582593e+00 1.0351740023e+00
4.1700792152e+00 1.0351738825e+00
4.1937001710e+00 1.0351737886e+00
4.2173211268e+00 1.0351737285e+00
4.2409420827e+00 1.0351737160e+00
4.2645630385e+00 1.0351737440e+00
4.2881839943e+00 1.0351738212e+00
4.3118049501e+00 1.0351739235e+00
4.3354259060e+00 1.0351740538e+00
4.3590468618e+00 1.0351741787e+00
4.3826678176e+00 1.0351743049e+00
4.4062887735e+00 1.0351744059e+00
4.4299097293e+00 1.0351745021e+00
4.4535306851e+00 1.0351745793e+00
4.4771516409e+00 1.0351746627e+00
4.5007725968e+00 1.0351747394e+00
4.5243935526e+00 1.0351748256e+00
4.5480145084e+00 1.0351749073e+00
4.5716354643e+00 1.0351749929e+00
4.5952564201e+00 1.0351750763e+00
4.6188773759e+00 1.0351751626e+00
4.6424983317e+00 1.0351752590e+00
4.6661192876e+00 1.0351753643e+00
4.6897402434e+00 1.0351754951e+00
4.7133611992e+00 1.0351756353e+00
4.7369821551e+00 1.0351758037e+00
4.7606031109e+00 1.0351759659e+00
4.7842240667e+00 1.0351761442e+00
4.8078450226e+00 1.0351762964e+00
4.8314659784e+00 1.0351764585e+00
4.8550869342e+00 1.0351765924e+00
4.8787078900e+00 1.0351767475e+00
4.9023288459e+00 1.0351768884e+00
4.9259498017e+00 1.0351770665e+00
4.9495707575e+00 1.0351772421e+00
4.9731917134e+00 1.0351774582e+00
4.9968126692e+00 1.0351776668e+00
5.0204336250e+00 1.0351778981e+00
5.0440545808e+00 1.0351780995e+00
5.0676755367e+00 1.0351782955e+00
5.0912964925e+00 1.0351784390e+00
5.1149174483e+00 1.0351785613e+00
5.1385384042e+00 1.0351786289e+00
5.1621593600e+00 1.0351786837e+00
5.1857803158e+00 1.0351787006e+00
5.2094012716e+00 1.0351787250e+00
5.2330222275e+00 1.0351787285e+00
5.2566431833e+00 1.0351787535e+00
5.2802641391e+00 1.0351787640e+00
5.3038850950e+00 1.0351788014e+00
5.3275060508e+00 1.0351788242e+00
5.3511270066e+00 1.0351788797e+00
5.3747479624e+00 1.0351789246e+00
5.3983689183e+00 1.0351790140e+00
5.4219898741e+00 1.0351790983e+00
5.4456108299e+00 1.0351792339e+00
5.4692317858e+00 1.0351793579e+00
5.4928527416e+00 1.0351795267e+00
5.5164736974e+00 1.0351796684e+00
5.5400946532e+00 1.0351798464e+00
5.5637156091e+00 1.0351799843e+00
5.5873365649e+00 1.0351801559e+00
5.6109575207e+00 1.0351802838e+00
5.6345784766e+00 1.0351804542e+00
5.6581994324e+00 1.0351805901e+00
5.6818203882e+00 1.0351807879e+00
5.7054413440e+00 1.0351809641e+00
5.7290622999e+00 1.0351812162e+00
5.7526832557e+00 1.0351814463e+00
5.7763042115e+00 1.0351817524e+00
5.7999251674e+00 1.0351820262e+00
5.8235461232e+00 1.0351823737e+00
5.8471670790e+00 1.0351826823e+00
5.8707880348e+00 1.0351830602e+00
5.8944089907e+00 1.0351833905e+00
5.9180299465e+00 1.0351837653e+00
5.9416509023e+00 1.0351840800e+00
5.9652718582e+00 1.0351843964e+00
5.9888928140e+00 1.0351846554e+00
6.0125137698e+00 1.0351848640e+00
6.0361347256e+00 1.0351850068e+00
6.0597556815e+00 1.0351849972e+00
6.0833766373e+00 1.0351849191e+00
