# Incompressible form of Friction coefficient and Re_theta_i
# Columns: Re_theta_i   Cf_i
7.5909301759e+02 4.5168547700e-03
7.5935140754e+02 4.5157315919e-03
7.5963325321e+02 4.5143866225e-03
7.5994269580e+02 4.5131606163e-03
7.6026131107e+02 4.5122101704e-03
7.6059062255e+02 4.5116456571e-03
7.6094298378e+02 4.5113638134e-03
7.6130152102e+02 4.5112010014e-03
7.6164821527e+02 4.5112142170e-03
7.6201085139e+02 4.5112369109e-03
7.6276442378e+02 4.5110536100e-03
7.6352203034e+02 4.5107126661e-03
7.6425382515e+02 4.5101155385e-03
7.6496115532e+02 4.5092582354e-03
7.6566935490e+02 4.5082311338e-03
7.6637805022e+02 4.5073266111e-03
7.6709937774e+02 4.5066290028e-03
7.6785966538e+02 4.5061787721e-03
7.6867772188e+02 4.5057121562e-03
7.6955303632e+02 4.5051917626e-03
7.7047551626e+02 4.5046856054e-03
7.7145078900e+02 4.5042791099e-03
7.7248188807e+02 4.5039230338e-03
7.7358155126e+02 4.5034994558e-03
7.7472768011e+02 4.5032126022e-03
7.7587248812e+02 4.5030871366e-03
7.7702105965e+02 4.5030210433e-03
7.7819557239e+02 4.5028762146e-03
7.7938905843e+02 4.5025254745e-03
7.8056793625e+02 4.5021381055e-03
7.8171886110e+02 4.5015491941e-03
7.8324713042e+02 4.5006240484e-03
7.8480270284e+02 4.4990520930e-03
7.8633163193e+02 4.4971105469e-03
7.8783578201e+02 4.4953385885e-03
7.8930595306e+02 4.4942838324e-03
7.9075317476e+02 4.4940738612e-03
7.9219043825e+02 4.4941838017e-03
7.9361578770e+02 4.4943724977e-03
7.9501752104e+02 4.4942952990e-03
7.9638775195e+02 4.4937593712e-03
7.9772120865e+02 4.4927714787e-03
7.9902207165e+02 4.4915528038e-03
7.9980022412e+02 4.4764295864e-03
7.9981590067e+02 4.4767696590e-03
7.9984283675e+02 4.4760546673e-03
7.9989889324e+02 4.4769768896e-03
7.9994109649e+02 4.4755421137e-03
8.0005297732e+02 4.4773367794e-03
8.0009370202e+02 4.4750982858e-03
8.0027641586e+02 4.4780271597e-03
8.0028370100e+02 4.4903782247e-03
8.0028711595e+02 4.4745908813e-03
8.0049642441e+02 4.4739279829e-03
8.0057660042e+02 4.4788348628e-03
8.0072007970e+02 4.4732296138e-03
8.0095203541e+02 4.4798591844e-03
8.0096942863e+02 4.4725758767e-03
8.0126045394e+02 4.4719815134e-03
8.0139247535e+02 4.4807484878e-03
8.0147672703e+02 4.4893792604e-03
8.0159705301e+02 4.4714268028e-03
8.0190645814e+02 4.4816892949e-03
8.0196624772e+02 4.4709508676e-03
8.0235212053e+02 4.4704770994e-03
8.0249640992e+02 4.4822034134e-03
8.0274340435e+02 4.4702467831e-03
8.0287044806e+02 4.4884948254e-03
8.0312258262e+02 4.4701554107e-03
8.0315139374e+02 4.4823156896e-03
8.0347724413e+02 4.4702016689e-03
8.0382710305e+02 4.4700776660e-03
8.0385177599e+02 4.4820684185e-03
8.0418972258e+02 4.4697094878e-03
8.0434747906e+02 4.4875321221e-03
8.0456471824e+02 4.4691257046e-03
8.0459912007e+02 4.4816465593e-03
8.0496255642e+02 4.4683262502e-03
8.0537757967e+02 4.4814166449e-03
8.0540202365e+02 4.4675320575e-03
8.0569211912e+02 4.4866869293e-03
8.0587475755e+02 4.4670121235e-03
8.0614418044e+02 4.4812118779e-03
8.0636256927e+02 4.4668297772e-03
8.0685207734e+02 4.4668017361e-03
8.0686549864e+02 4.4861301223e-03
8.0687908732e+02 4.4811243511e-03
8.0733564602e+02 4.4668227771e-03
8.0757594590e+02 4.4813490136e-03
8.0780001619e+02 4.4668910349e-03
8.0781275655e+02 4.4859184364e-03
8.0820888304e+02 4.4819347262e-03
8.0824996800e+02 4.4668897313e-03
8.0853275801e+02 4.4856313877e-03
8.0869649890e+02 4.4668459497e-03
8.0874534243e+02 4.4826302325e-03
8.0906193493e+02 4.4852840966e-03
8.0916860067e+02 4.4831703073e-03
8.0924655870e+02 4.4664350872e-03
8.0940752816e+02 4.4848679325e-03
8.0945831751e+02 4.4836204754e-03
8.0957864215e+02 4.4844133971e-03
8.0959602105e+02 4.4840216052e-03
8.0983680514e+02 4.4656870236e-03
8.1043840690e+02 4.4647007770e-03
8.1103888842e+02 4.4637815758e-03
8.1163902379e+02 4.4630594141e-03
8.1223886913e+02 4.4624989933e-03
8.1283727370e+02 4.4622509514e-03
8.1343507814e+02 4.4621501362e-03
8.1402833632e+02 4.4620541678e-03
8.1461181982e+02 4.4617993991e-03
8.1518849008e+02 4.4611831807e-03
8.1576622539e+02 4.4605101114e-03
8.1633825669e+02 4.4596204276e-03
8.1690527292e+02 4.4588730486e-03
8.1747293033e+02 4.4582045452e-03
8.1802801601e+02 4.4574686308e-03
8.1855165648e+02 4.4567584549e-03
8.1904329547e+02 4.4560239979e-03
8.1953517161e+02 4.4557028561e-03
8.2005504207e+02 4.4557969756e-03
8.2058768343e+02 4.4559685900e-03
8.2108472923e+02 4.4560970882e-03
8.2150886076e+02 4.4559993986e-03
8.2187647144e+02 4.4560211282e-03
8.2221322853e+02 4.4559741691e-03
8.2281935598e+02 4.4557721239e-03
8.2346037596e+02 4.4554100839e-03
8.2404068043e+02 4.4547040376e-03
8.2458401931e+02 4.4537388901e-03
8.2510369265e+02 4.4526438890e-03
8.2559865322e+02 4.4516356666e-03
8.2607231684e+02 4.4506541510e-03
8.2653081700e+02 4.4496305741e-03
8.2698284065e+02 4.4486662676e-03
8.2743490277e+02 4.4479894601e-03
8.2789465716e+02 4.4477481233e-03
8.2836525603e+02 4.4476124862e-03
8.2883783635e+02 4.4474433060e-03
8.2930246346e+02 4.4469138320e-03
8.2975694064e+02 4.4461548329e-03
8.3021768382e+02 4.4451231631e-03
8.3067965181e+02 4.4441573110e-03
8.3112025073e+02 4.4436099737e-03
8.3153383858e+02 4.4434883729e-03
8.3193535252e+02 4.4434912715e-03
8.3234397955e+02 4.4433796716e-03
8.3274495958e+02 4.4430846489e-03
8.3312236062e+02 4.4427552449e-03
8.3347796920e+02 4.4423560973e-03
8.3382317449e+02 4.4419127994e-03
8.3416336812e+02 4.4415827153e-03
8.3450242879e+02 4.4411650550e-03
8.3484671387e+02 4.4407133659e-03
8.3519331395e+02 4.4402316050e-03
8.3554003319e+02 4.4398521875e-03
8.3587096706e+02 4.4396490410e-03
8.3618515392e+02 4.4391265385e-03
8.3648349057e+02 4.4386082653e-03
8.3679309551e+02 4.4380881013e-03
8.3712875115e+02 4.4378455253e-03
8.3746884437e+02 4.4376731914e-03
8.3777766774e+02 4.4374440905e-03
8.3803943160e+02 4.4372948146e-03
8.3827151623e+02 4.4369829293e-03
8.3882178182e+02 4.4366620216e-03
8.3932363230e+02 4.4360403498e-03
8.3978017343e+02 4.4353834127e-03
8.4020846456e+02 4.4348611188e-03
8.4061820547e+02 4.4344001781e-03
8.4100707759e+02 4.4343375315e-03
8.4136415468e+02 4.4344773098e-03
8.4169201306e+02 4.4350021174e-03
8.4199596777e+02 4.4352568474e-03
8.4229962487e+02 4.4350504651e-03
8.4261700975e+02 4.4343137518e-03
8.4294315557e+02 4.4330605628e-03
8.4326886029e+02 4.4316256152e-03
8.4359433673e+02 4.4300447283e-03
8.4391631814e+02 4.4286610739e-03
8.4422294848e+02 4.4275780480e-03
8.4450062531e+02 4.4268837958e-03
8.4474948671e+02 4.4265249719e-03
8.4498605777e+02 4.4262251387e-03
8.4522860283e+02 4.4258243375e-03
8.4548498618e+02 4.4253080883e-03
8.4575778930e+02 4.4249842504e-03
8.4603789891e+02 4.4248298006e-03
8.4631717940e+02 4.4247481512e-03
8.4659426516e+02 4.4246766699e-03
8.4686839448e+02 4.4247406394e-03
8.4712986494e+02 4.4247450070e-03
8.4738025890e+02 4.4248473082e-03
8.4761958296e+02 4.4249909834e-03
8.4785368545e+02 4.4253098904e-03
8.4809259880e+02 4.4254490228e-03
8.4834240230e+02 4.4251973826e-03
8.4860477743e+02 4.4245263127e-03
8.4888184456e+02 4.4236143088e-03
8.4918121947e+02 4.4226783272e-03
8.4949898866e+02 4.4219188980e-03
8.4982764615e+02 4.4212121043e-03
8.5017313421e+02 4.4205321772e-03
8.5053285476e+02 4.4198614970e-03
8.5087567851e+02 4.4191959822e-03
8.5118612573e+02 4.4185939217e-03
8.5149708502e+02 4.4178196279e-03
8.5183418198e+02 4.4169363856e-03
8.5217466626e+02 4.4158931686e-03
8.5248733806e+02 4.4149765147e-03
8.5279593802e+02 4.4147785671e-03
8.5312465835e+02 4.4149630956e-03
8.5345758891e+02 4.4154469269e-03
8.5376910326e+02 4.4155975214e-03
8.5406062047e+02 4.4154660063e-03
8.5434590033e+02 4.4149611917e-03
8.5461880517e+02 4.4138857927e-03
8.5488142525e+02 4.4126755941e-03
8.5513381042e+02 4.4114264601e-03
8.5537780503e+02 4.4104474904e-03
8.5561996513e+02 4.4096381938e-03
8.5587748138e+02 4.4090012908e-03
8.5615914024e+02 4.4087328778e-03
8.5644020242e+02 4.4084875296e-03
8.5669297476e+02 4.4082890589e-03
8.5690984589e+02 4.4079945788e-03
8.5710712649e+02 4.4077846294e-03
8.5730668515e+02 4.4076630677e-03
8.5751718673e+02 4.4074688730e-03
8.5773314224e+02 4.4072816067e-03
8.5794307874e+02 4.4069416674e-03
8.5814866881e+02 4.4064376042e-03
8.5835038357e+02 4.4057397327e-03
8.5853882015e+02 4.4048989607e-03
8.5882702451e+02 4.4039908231e-03
8.5926698894e+02 4.4029160599e-03
8.5967926905e+02 4.4019738929e-03
8.6007528509e+02 4.4011663430e-03
8.6045782971e+02 4.4006683516e-03
8.6081901260e+02 4.4003278932e-03
8.6116656614e+02 4.3999878213e-03
8.6149905142e+02 4.3996950970e-03
8.6180957516e+02 4.3992803762e-03
8.6209817211e+02 4.3987438678e-03
8.6237384886e+02 4.3981422828e-03
8.6263995757e+02 4.3974023994e-03
8.6290265476e+02 4.3966729631e-03
8.6317593811e+02 4.3959719062e-03
8.6345926668e+02 4.3952577812e-03
8.6374390651e+02 4.3945066034e-03
8.6401962923e+02 4.3939601482e-03
8.6429762902e+02 4.3938032097e-03
8.6457480217e+02 4.3940073922e-03
8.6484006142e+02 4.3941848850e-03
8.6509614966e+02 4.3943239055e-03
8.6534781268e+02 4.3943715893e-03
8.6559201737e+02 4.3942859263e-03
8.6582527549e+02 4.3940675963e-03
8.6605920853e+02 4.3936224174e-03
8.6630029477e+02 4.3931986550e-03
8.6654370478e+02 4.3928284118e-03
8.6679218269e+02 4.3925948194e-03
8.6703888129e+02 4.3924824513e-03
8.6727295044e+02 4.3924262869e-03
8.6748334535e+02 4.3926337861e-03
8.6767952104e+02 4.3926715307e-03
8.6788683051e+02 4.3925727533e-03
8.6810642070e+02 4.3924067909e-03
8.6831360732e+02 4.3923063248e-03
8.6849594363e+02 4.3922596282e-03
8.6867059968e+02 4.3921366907e-03
8.6886620265e+02 4.3920989005e-03
8.6907408311e+02 4.3918092378e-03
8.6927465022e+02 4.3911151249e-03
8.6946120431e+02 4.3903399705e-03
8.6964865554e+02 4.3895839050e-03
8.6984676404e+02 4.3890070600e-03
8.7005708640e+02 4.3883626374e-03
8.7027264778e+02 4.3877540118e-03
8.7048471355e+02 4.3874090494e-03
8.7068148536e+02 4.3873009870e-03
8.7085092683e+02 4.3872187269e-03
8.7097896458e+02 4.3870110497e-03
8.7107004517e+02 4.3868036580e-03
8.7116071866e+02 4.3867193933e-03
8.7148186237e+02 4.3866473165e-03
8.7183547751e+02 4.3867476061e-03
8.7216696178e+02 4.3867473494e-03
8.7248560293e+02 4.3867187737e-03
8.7278754319e+02 4.3865063662e-03
8.7307134359e+02 4.3861100991e-03
8.7334327814e+02 4.3858344352e-03
8.7362195058e+02 4.3858079161e-03
8.7391784961e+02 4.3858943434e-03
8.7422299057e+02 4.3857996992e-03
8.7452572712e+02 4.3854620104e-03
8.7484843669e+02 4.3849917056e-03
8.7521075977e+02 4.3846228013e-03
8.7559578966e+02 4.3844871014e-03
8.7597438907e+02 4.3843950709e-03
8.7635372336e+02 4.3845167061e-03
8.7676130376e+02 4.3844924425e-03
8.7720291286e+02 4.3843479791e-03
8.7766123033e+02 4.3839759529e-03
8.7812557159e+02 4.3833540143e-03
8.7859383639e+02 4.3826659807e-03
8.7904381259e+02 4.3818176931e-03
8.7946371338e+02 4.3809714741e-03
8.7987984745e+02 4.3799065378e-03
8.8030133739e+02 4.3787080909e-03
8.8071628796e+02 4.3775398871e-03
8.8111794345e+02 4.3764168988e-03
8.8151185291e+02 4.3754395784e-03
8.8191325438e+02 4.3746502914e-03
8.8234315928e+02 4.3744076849e-03
8.8279842820e+02 4.3742302697e-03
8.8324282455e+02 4.3739359789e-03
8.8365208312e+02 4.3734524714e-03
8.8403711149e+02 4.3729199224e-03
8.8440467555e+02 4.3725229051e-03
8.8475410242e+02 4.3719713628e-03
8.8508397616e+02 4.3713837399e-03
8.8538702412e+02 4.3708674823e-03
8.8567924865e+02 4.3704628093e-03
8.8597632646e+02 4.3699114147e-03
8.8629187392e+02 4.3692066264e-03
8.8662619598e+02 4.3687458781e-03
8.8699621417e+02 4.3686887742e-03
8.8741501995e+02 4.3689460752e-03
8.8787831872e+02 4.3691421616e-03
8.8837396106e+02 4.3690385395e-03
8.8888185100e+02 4.3684375895e-03
8.8938348502e+02 4.3675946549e-03
8.8987750019e+02 4.3667895586e-03
8.9036467811e+02 4.3663799367e-03
8.9084941605e+02 4.3661058545e-03
8.9131426920e+02 4.3657380484e-03
8.9174560740e+02 4.3653369239e-03
8.9214314337e+02 4.3647932410e-03
8.9267829557e+02 4.3642654248e-03
8.9328556302e+02 4.3635488928e-03
8.9387095967e+02 4.3627265354e-03
8.9446016801e+02 4.3617119769e-03
8.9507092903e+02 4.3607435936e-03
8.9569281680e+02 4.3604150820e-03
8.9628468043e+02 4.3604241681e-03
8.9682562396e+02 4.3608489823e-03
8.9735174028e+02 4.3611682630e-03
8.9789752271e+02 4.3614943364e-03
8.9845282146e+02 4.3616774220e-03
8.9899752189e+02 4.3615716442e-03
8.9952602164e+02 4.3612084101e-03
9.0004148835e+02 4.3604458243e-03
9.0054886055e+02 4.3595694596e-03
9.0106378935e+02 4.3588052898e-03
9.0158980437e+02 4.3584097338e-03
9.0210373307e+02 4.3582032228e-03
9.0257438887e+02 4.3579667414e-03
9.0300106291e+02 4.3576020657e-03
9.0341511238e+02 4.3571318165e-03
9.0384102877e+02 4.3566253208e-03
9.0428290234e+02 4.3562481006e-03
9.0472483741e+02 4.3561567972e-03
9.0517149349e+02 4.3563996193e-03
9.0575488766e+02 4.3568038345e-03
9.0637896600e+02 4.3569379793e-03
9.0693531948e+02 4.3568385973e-03
9.0743147523e+02 4.3563797537e-03
9.0788500109e+02 4.3559669307e-03
9.0830435973e+02 4.3554535123e-03
9.0870351553e+02 4.3549862294e-03
9.0910453406e+02 4.3544756650e-03
9.0951832528e+02 4.3538938695e-03
9.0993885558e+02 4.3533473208e-03
9.1040321733e+02 4.3526197382e-03
9.1082780182e+02 4.3515951402e-03
9.1123401024e+02 4.3501077158e-03
9.1170387767e+02 4.3484126371e-03
9.1216879972e+02 4.3468482956e-03
9.1260893327e+02 4.3457640594e-03
9.1302633676e+02 4.3452928148e-03
9.1342611087e+02 4.3450743475e-03
9.1381754097e+02 4.3450123802e-03
9.1420026314e+02 4.3448846425e-03
9.1455915819e+02 4.3446998275e-03
9.1487877737e+02 4.3441799381e-03
9.1515674667e+02 4.3436091628e-03
9.1540976629e+02 4.3431308272e-03
9.1564992816e+02 4.3428952923e-03
9.1586429871e+02 4.3429921697e-03
9.1598194434e+02 4.3363668920e-03
9.1598359400e+02 4.3374151442e-03
9.1601561412e+02 4.3381493419e-03
9.1603011718e+02 4.3353786406e-03
9.1604224737e+02 4.3432456777e-03
9.1607699504e+02 4.3385644383e-03
9.1613970311e+02 4.3344405580e-03
9.1615316629e+02 4.3387262359e-03
9.1618548578e+02 4.3434227566e-03
9.1623505662e+02 4.3388868154e-03
9.1629585349e+02 4.3335344239e-03
9.1629746203e+02 4.3431754739e-03
9.1630961020e+02 4.3393170482e-03
9.1637140249e+02 4.3396889143e-03
9.1637545086e+02 4.3425916974e-03
9.1641077269e+02 4.3401673916e-03
9.1641433838e+02 4.3416804108e-03
9.1642355375e+02 4.3407843008e-03
9.1647226058e+02 4.3326364086e-03
9.1665927438e+02 4.3316839660e-03
9.1686298925e+02 4.3307342878e-03
9.1708793956e+02 4.3296098122e-03
9.1733836685e+02 4.3284301018e-03
9.1763156766e+02 4.3274677468e-03
9.1797324078e+02 4.3268624581e-03
9.1836183911e+02 4.3266272605e-03
9.1878599169e+02 4.3266677815e-03
9.1922427948e+02 4.3265655828e-03
9.1965730040e+02 4.3264555177e-03
9.2010153016e+02 4.3260811584e-03
9.2058155545e+02 4.3258195615e-03
9.2107750478e+02 4.3257336359e-03
9.2156650469e+02 4.3257993635e-03
9.2204291109e+02 4.3260202890e-03
9.2250482471e+02 4.3258077032e-03
9.2294649741e+02 4.3253313536e-03
9.2341159361e+02 4.3244083555e-03
9.2417358317e+02 4.3236737316e-03
9.2487463299e+02 4.3233252715e-03
9.2551894078e+02 4.3231979343e-03
9.2611926214e+02 4.3232641326e-03
9.2667912783e+02 4.3228113417e-03
9.2719784787e+02 4.3221090296e-03
9.2769066685e+02 4.3210467368e-03
9.2817722190e+02 4.3197701427e-03
9.2866813116e+02 4.3183834127e-03
9.2915130694e+02 4.3171308244e-03
9.2962813359e+02 4.3165525094e-03
9.3010001898e+02 4.3160663648e-03
9.3056084525e+02 4.3154556718e-03
9.3099438610e+02 4.3146575115e-03
9.3139465818e+02 4.3137516074e-03
9.3177910455e+02 4.3129581123e-03
9.3215713052e+02 4.3119447555e-03
9.3252664166e+02 4.3110797578e-03
9.3288418287e+02 4.3102248668e-03
9.3325125340e+02 4.3096197449e-03
9.3364635689e+02 4.3092740993e-03
9.3404220858e+02 4.3090244687e-03
9.3441312619e+02 4.3088576659e-03
9.3475421975e+02 4.3085648670e-03
9.3508554178e+02 4.3082087391e-03
9.3541998893e+02 4.3081368143e-03
9.3576129215e+02 4.3084467396e-03
9.3611314289e+02 4.3091726137e-03
9.3647093309e+02 4.3098295701e-03
9.3682549612e+02 4.3101207625e-03
9.3716254205e+02 4.3099265074e-03
9.3746831498e+02 4.3092703685e-03
9.3775884282e+02 4.3084330110e-03
9.3805391639e+02 4.3075375074e-03
9.3835684980e+02 4.3066548874e-03
9.3863945192e+02 4.3056100565e-03
9.3888807043e+02 4.3043327213e-03
9.3911370824e+02 4.3028996702e-03
9.3932811281e+02 4.3015891918e-03
9.3953718974e+02 4.3005527025e-03
9.3975677636e+02 4.2998357334e-03
9.3999987412e+02 4.2994279322e-03
9.4028917015e+02 4.2991116525e-03
9.4071898905e+02 4.2988095039e-03
9.4113027063e+02 4.2984290530e-03
9.4152643293e+02 4.2980783638e-03
9.4190588421e+02 4.2978334279e-03
9.4227668145e+02 4.2975953519e-03
9.4265359089e+02 4.2973049595e-03
9.4303286640e+02 4.2969033839e-03
9.4339713576e+02 4.2964311257e-03
9.4374129557e+02 4.2960575300e-03
9.4407433147e+02 4.2956596054e-03
9.4440471092e+02 4.2953673877e-03
9.4472865950e+02 4.2948785376e-03
9.4504584649e+02 4.2942694053e-03
9.4535408116e+02 4.2936770123e-03
9.4565676441e+02 4.2931301116e-03
9.4596490035e+02 4.2927588595e-03
9.4628150525e+02 4.2922459131e-03
9.4659381545e+02 4.2915890373e-03
9.4690105891e+02 4.2910476186e-03
9.4722183982e+02 4.2909170830e-03
9.4755959420e+02 4.2911892764e-03
9.4790216302e+02 4.2914041963e-03
9.4824091619e+02 4.2913430198e-03
9.4858060459e+02 4.2908058013e-03
9.4892092365e+02 4.2900457635e-03
9.4924693232e+02 4.2889426469e-03
9.4954840832e+02 4.2876905522e-03
9.4983740717e+02 4.2866158817e-03
9.5014554210e+02 4.2860651409e-03
9.5048344295e+02 4.2860601920e-03
9.5084032793e+02 4.2861428725e-03
9.5119682831e+02 4.2861621702e-03
9.5153545602e+02 4.2862150719e-03
9.5186371197e+02 4.2863757768e-03
9.5217673120e+02 4.2863981416e-03
9.5246687832e+02 4.2861424967e-03
9.5273974623e+02 4.2858202715e-03
9.5302049214e+02 4.2854210973e-03
9.5332304300e+02 4.2850537612e-03
9.5362988041e+02 4.2844990288e-03
9.5392478732e+02 4.2838586481e-03
9.5421284517e+02 4.2832852287e-03
9.5450702068e+02 4.2827880676e-03
9.5480547942e+02 4.2824781210e-03
9.5508985185e+02 4.2822123649e-03
9.5534958798e+02 4.2819482379e-03
9.5558828053e+02 4.2816458749e-03
9.5582281449e+02 4.2814348933e-03
9.5606512418e+02 4.2813963889e-03
9.5632692956e+02 4.2811979722e-03
9.5660338484e+02 4.2809174820e-03
9.5688846394e+02 4.2805117204e-03
9.5716707349e+02 4.2803768170e-03
9.5743578716e+02 4.2804183188e-03
9.5769953276e+02 4.2806845610e-03
9.5797996448e+02 4.2808620238e-03
9.5828437184e+02 4.2808461290e-03
9.5860259198e+02 4.2807622162e-03
9.5891350204e+02 4.2805246386e-03
9.5921463634e+02 4.2803732537e-03
9.5950523579e+02 4.2800323727e-03
9.5978521538e+02 4.2796971724e-03
9.6004601378e+02 4.2793201662e-03
9.6027366921e+02 4.2786316001e-03
9.6046769311e+02 4.2779592870e-03
9.6064866719e+02 4.2772490412e-03
9.6083383943e+02 4.2768469123e-03
9.6103442823e+02 4.2763687387e-03
9.6124481899e+02 4.2756085064e-03
9.6146847981e+02 4.2749619695e-03
9.6177985347e+02 4.2744056712e-03
9.6224132790e+02 4.2742231418e-03
9.6269313654e+02 4.2741127726e-03
9.6312209317e+02 4.2738821128e-03
9.6352674040e+02 4.2734234756e-03
9.6391323365e+02 4.2725554653e-03
9.6428591289e+02 4.2718287067e-03
9.6464242780e+02 4.2711143499e-03
9.6498550223e+02 4.2707078969e-03
9.6532791101e+02 4.2704397142e-03
9.6566936399e+02 4.2702135996e-03
9.6601743070e+02 4.2699929270e-03
9.6639232171e+02 4.2696818469e-03
9.6678641604e+02 4.2693718196e-03
9.6717574448e+02 4.2689245239e-03
9.6754505841e+02 4.2684682647e-03
9.6790008789e+02 4.2679104857e-03
9.6824983822e+02 4.2673424846e-03
9.6859779286e+02 4.2669438773e-03
9.6895850448e+02 4.2665717656e-03
9.6931661863e+02 4.2663972055e-03
9.6966168779e+02 4.2662863843e-03
9.6999409639e+02 4.2661540230e-03
9.7031842885e+02 4.2656971007e-03
9.7063727863e+02 4.2649087315e-03
9.7095000913e+02 4.2639268478e-03
9.7125568994e+02 4.2630613760e-03
9.7154728937e+02 4.2623957165e-03
9.7182902492e+02 4.2617489768e-03
9.7212543119e+02 4.2610438118e-03
9.7243315793e+02 4.2605488197e-03
9.7274087185e+02 4.2603451663e-03
9.7304534902e+02 4.2603533954e-03
9.7335631670e+02 4.2605014313e-03
9.7367546236e+02 4.2608523897e-03
9.7399022431e+02 4.2610358121e-03
9.7429029979e+02 4.2607626342e-03
9.7457467299e+02 4.2601498172e-03
9.7484597448e+02 4.2594390337e-03
9.7512318015e+02 4.2589494869e-03
9.7540336116e+02 4.2587268890e-03
9.7568413246e+02 4.2585602531e-03
9.7601758809e+02 4.2585133230e-03
9.7649082486e+02 4.2582863114e-03
9.7694777106e+02 4.2580366288e-03
9.7738841400e+02 4.2575663032e-03
9.7781405630e+02 4.2570876875e-03
9.7822354023e+02 4.2565610759e-03
9.7863108136e+02 4.2560127603e-03
9.7905312297e+02 4.2555508908e-03
9.7948245169e+02 4.2551128080e-03
9.7990760826e+02 4.2548428276e-03
9.8032415087e+02 4.2545178536e-03
9.8074133176e+02 4.2542373188e-03
9.8116223886e+02 4.2541671758e-03
9.8156981352e+02 4.2541517973e-03
9.8194719254e+02 4.2539212767e-03
9.8228762059e+02 4.2532580530e-03
9.8260179188e+02 4.2524035459e-03
9.8291283229e+02 4.2516410259e-03
9.8323246715e+02 4.2509487915e-03
9.8356624918e+02 4.2503509234e-03
9.8391549605e+02 4.2499171601e-03
9.8427787630e+02 4.2496917531e-03
9.8464531289e+02 4.2497718886e-03
9.8500885997e+02 4.2499049826e-03
9.8536935797e+02 4.2501703908e-03
9.8573107126e+02 4.2503428981e-03
9.8609893772e+02 4.2504431671e-03
9.8647148313e+02 4.2504158313e-03
9.8684667202e+02 4.2503477978e-03
9.8722734685e+02 4.2501170430e-03
9.8760368121e+02 4.2495501526e-03
9.8796769410e+02 4.2487729833e-03
9.8832617099e+02 4.2478412572e-03
9.8869059620e+02 4.2469259620e-03
9.8905015174e+02 4.2459978455e-03
9.8940210648e+02 4.2453701758e-03
9.8974601951e+02 4.2449905317e-03
9.9008949356e+02 4.2447419748e-03
9.9042643232e+02 4.2445734185e-03
9.9076252975e+02 4.2443035400e-03
9.9110828774e+02 4.2439899984e-03
9.9146016168e+02 4.2435107668e-03
9.9181298790e+02 4.2431754449e-03
9.9216079619e+02 4.2428605465e-03
9.9250248340e+02 4.2428765696e-03
9.9284954644e+02 4.2431139075e-03
9.9320143515e+02 4.2435104531e-03
9.9356727885e+02 4.2439663821e-03
9.9394309773e+02 4.2443150388e-03
9.9433291628e+02 4.2445190951e-03
9.9473186098e+02 4.2442790397e-03
9.9513790408e+02 4.2436986968e-03
9.9554532043e+02 4.2430683151e-03
9.9594823153e+02 4.2425683235e-03
9.9634103538e+02 4.2424085504e-03
9.9673150928e+02 4.2419758124e-03
9.9711537773e+02 4.2412847422e-03
9.9748472271e+02 4.2403372412e-03
9.9783262348e+02 4.2394469540e-03
9.9834281869e+02 4.2388403633e-03
9.9887914111e+02 4.2385327703e-03
9.9940577706e+02 4.2385839146e-03
9.9994205091e+02 4.2386317055e-03
1.0004900875e+03 4.2384773889e-03
1.0010295657e+03 4.2380808603e-03
1.0015408983e+03 4.2375755648e-03
1.0020262302e+03 4.2371556663e-03
1.0025055660e+03 4.2368120264e-03
1.0029907704e+03 4.2366366495e-03
1.0034807319e+03 4.2365219738e-03
1.0039543824e+03 4.2364943583e-03
1.0043943681e+03 4.2365982378e-03
1.0048106321e+03 4.2366996116e-03
1.0052145717e+03 4.2364812432e-03
1.0056061772e+03 4.2359171340e-03
1.0059929343e+03 4.2352686925e-03
1.0063768129e+03 4.2344793320e-03
1.0067586443e+03 4.2335637270e-03
1.0071230075e+03 4.2324920002e-03
1.0074779589e+03 4.2315114004e-03
1.0078425307e+03 4.2309438839e-03
1.0082277346e+03 4.2307681856e-03
1.0086325702e+03 4.2309654573e-03
1.0090401885e+03 4.2311141753e-03
1.0094317997e+03 4.2312503681e-03
1.0098006277e+03 4.2312448036e-03
1.0101499432e+03 4.2309408754e-03
1.0104957814e+03 4.2304355664e-03
1.0108364989e+03 4.2296814804e-03
1.0111739422e+03 4.2288069449e-03
1.0115032258e+03 4.2278885363e-03
1.0118386602e+03 4.2270182722e-03
1.0121976505e+03 4.2264243478e-03
1.0125913608e+03 4.2257926430e-03
1.0130112849e+03 4.2251511071e-03
1.0134417520e+03 4.2243587584e-03
1.0138530801e+03 4.2234709192e-03
1.0142275338e+03 4.2225026934e-03
1.0145578852e+03 4.2217207681e-03
1.0148756809e+03 4.2215262089e-03
1.0152013338e+03 4.2216347646e-03
1.0155172639e+03 4.2217053610e-03
1.0157908419e+03 4.2213404072e-03
1.0160251127e+03 4.2207414938e-03
1.0162563218e+03 4.2202415620e-03
1.0165150464e+03 4.2200639551e-03
1.0167907189e+03 4.2200941082e-03
1.0170702397e+03 4.2200236480e-03
1.0174575562e+03 4.2199881855e-03
1.0178909779e+03 4.2197494514e-03
1.0183367954e+03 4.2195291341e-03
1.0187810320e+03 4.2191117267e-03
1.0192099536e+03 4.2185024668e-03
1.0196158195e+03 4.2178929510e-03
1.0200094440e+03 4.2172872842e-03
1.0203917684e+03 4.2168400398e-03
1.0207519030e+03 4.2162632839e-03
1.0210893162e+03 4.2156355842e-03
1.0214223947e+03 4.2151266641e-03
1.0217687833e+03 4.2147578198e-03
1.0221264243e+03 4.2145730663e-03
1.0224963055e+03 4.2144129972e-03
1.0228665192e+03 4.2141756859e-03
1.0232239414e+03 4.2137061753e-03
1.0235675304e+03 4.2130674390e-03
1.0239003871e+03 4.2123894839e-03
1.0242254276e+03 4.2117951957e-03
1.0245394460e+03 4.2112546143e-03
1.0248404640e+03 4.2106502031e-03
1.0251415645e+03 4.2100477826e-03
1.0254506496e+03 4.2095339391e-03
1.0257748630e+03 4.2090875449e-03
1.0260936843e+03 4.2089095010e-03
1.0264031204e+03 4.2088856532e-03
1.0267183310e+03 4.2088890994e-03
1.0270521567e+03 4.2088915033e-03
1.0273794836e+03 4.2088281795e-03
1.0276797569e+03 4.2086364454e-03
1.0279737044e+03 4.2083485611e-03
1.0282721025e+03 4.2079081227e-03
1.0285565282e+03 4.2075798142e-03
1.0288108138e+03 4.2071779487e-03
1.0290528025e+03 4.2067390224e-03
1.0293058491e+03 4.2061980001e-03
1.0295598075e+03 4.2057341299e-03
1.0298153510e+03 4.2054394725e-03
1.0300664655e+03 4.2050769473e-03
1.0303147128e+03 4.2046124918e-03
1.0305514066e+03 4.2040238100e-03
1.0307815057e+03 4.2033070464e-03
1.0310029676e+03 4.2024591992e-03
1.0312052615e+03 4.2014480121e-03
1.0313854553e+03 4.2007032302e-03
1.0315619198e+03 4.2001636114e-03
1.0317486093e+03 4.1998947574e-03
1.0319489539e+03 4.1998054045e-03
1.0321497472e+03 4.1999886619e-03
1.0323565612e+03 4.2003650558e-03
1.0325795024e+03 4.2005855566e-03
1.0328319431e+03 4.2003801272e-03
1.0331020866e+03 4.1997454202e-03
1.0333879534e+03 4.1987416998e-03
1.0336902707e+03 4.1977196038e-03
1.0340163175e+03 4.1968568551e-03
1.0343578515e+03 4.1962564925e-03
1.0347056862e+03 4.1959076708e-03
1.0350449387e+03 4.1957333819e-03
1.0353634909e+03 4.1957240721e-03
1.0356543701e+03 4.1959093170e-03
1.0359326012e+03 4.1962202533e-03
1.0362013724e+03 4.1963321998e-03
1.0365303805e+03 4.1962846739e-03
1.0369639989e+03 4.1963293771e-03
1.0374107099e+03 4.1964732836e-03
1.0378723338e+03 4.1964719957e-03
1.0383442478e+03 4.1962471772e-03
1.0388158575e+03 4.1956736405e-03
1.0392831896e+03 4.1947796695e-03
1.0397501569e+03 4.1937520960e-03
1.0402270177e+03 4.1928402201e-03
1.0407169996e+03 4.1923725635e-03
1.0412262519e+03 4.1922168633e-03
1.0417496627e+03 4.1923955029e-03
1.0422668876e+03 4.1924796112e-03
1.0427565238e+03 4.1924824721e-03
1.0432162416e+03 4.1923414117e-03
1.0436549783e+03 4.1920068080e-03
1.0440850786e+03 4.1914364531e-03
1.0445160255e+03 4.1905555314e-03
1.0449528918e+03 4.1895467545e-03
1.0453809990e+03 4.1887891273e-03
1.0457894896e+03 4.1882757629e-03
1.0461664329e+03 4.1880095205e-03
1.0465206689e+03 4.1877474994e-03
1.0468703360e+03 4.1873265642e-03
1.0472229711e+03 4.1869260326e-03
1.0475577361e+03 4.1866743001e-03
1.0478576684e+03 4.1865092120e-03
1.0481374237e+03 4.1863796911e-03
1.0484297255e+03 4.1864597856e-03
1.0487419626e+03 4.1866476063e-03
1.0490661235e+03 4.1865426321e-03
1.0493907543e+03 4.1860443292e-03
1.0497237424e+03 4.1852782856e-03
1.0500599301e+03 4.1845168424e-03
1.0503843582e+03 4.1837412895e-03
1.0506780031e+03 4.1829510991e-03
1.0509555999e+03 4.1822124889e-03
1.0512365489e+03 4.1818287901e-03
1.0515340946e+03 4.1816889113e-03
1.0518343638e+03 4.1816288478e-03
1.0521347174e+03 4.1813769864e-03
1.0524308924e+03 4.1808672306e-03
1.0527196231e+03 4.1799550791e-03
1.0529970853e+03 4.1787855873e-03
1.0532781006e+03 4.1776864473e-03
1.0535704028e+03 4.1768638725e-03
1.0538714926e+03 4.1763203455e-03
1.0541667160e+03 4.1761889250e-03
1.0544575496e+03 4.1761623827e-03
1.0547452928e+03 4.1760417859e-03
1.0550341331e+03 4.1757287751e-03
1.0553202114e+03 4.1751422508e-03
1.0556161451e+03 4.1743169521e-03
1.0559243004e+03 4.1734717923e-03
1.0562407896e+03 4.1728764611e-03
1.0565527372e+03 4.1726565194e-03
1.0568625907e+03 4.1724295370e-03
1.0571604263e+03 4.1719471408e-03
1.0574473592e+03 4.1709237370e-03
1.0578192121e+03 4.1697431448e-03
1.0582421288e+03 4.1685499673e-03
1.0586571467e+03 4.1674167229e-03
1.0590640350e+03 4.1664556910e-03
1.0594514155e+03 4.1656874420e-03
1.0598049152e+03 4.1652058671e-03
1.0601223087e+03 4.1648861658e-03
1.0604180500e+03 4.1647838696e-03
1.0606972112e+03 4.1646538725e-03
1.0609673597e+03 4.1644471724e-03
1.0612374459e+03 4.1641248490e-03
1.0615273337e+03 4.1637012791e-03
1.0618442815e+03 4.1632569700e-03
1.0621735663e+03 4.1627543399e-03
1.0625039678e+03 4.1623856976e-03
1.0628427553e+03 4.1617558312e-03
1.0631934002e+03 4.1609136439e-03
1.0635486117e+03 4.1598297298e-03
1.0638942109e+03 4.1588168906e-03
1.0642321361e+03 4.1580274473e-03
1.0645588359e+03 4.1575217688e-03
1.0648766685e+03 4.1574125358e-03
1.0651950590e+03 4.1574635213e-03
1.0655174177e+03 4.1575741019e-03
1.0658425674e+03 4.1575314880e-03
1.0661721926e+03 4.1573304932e-03
1.0665149739e+03 4.1569605918e-03
1.0668832381e+03 4.1562131268e-03
1.0672673878e+03 4.1552661697e-03
1.0676582312e+03 4.1541555743e-03
1.0680454421e+03 4.1532328843e-03
1.0684352545e+03 4.1525705606e-03
1.0688259417e+03 4.1523615656e-03
1.0692068257e+03 4.1524725583e-03
1.0695677959e+03 4.1527719880e-03
1.0699204837e+03 4.1531502106e-03
1.0702689551e+03 4.1534269198e-03
1.0706148901e+03 4.1536771495e-03
1.0709394417e+03 4.1537714033e-03
1.0712484471e+03 4.1537392561e-03
1.0715554817e+03 4.1534487801e-03
1.0718680734e+03 4.1530912887e-03
1.0721722364e+03 4.1525951977e-03
1.0724641903e+03 4.1519031141e-03
1.0727621676e+03 4.1513593918e-03
1.0730779523e+03 4.1509154433e-03
1.0733990465e+03 4.1509328021e-03
1.0737277668e+03 4.1509364293e-03
1.0740690119e+03 4.1510063825e-03
1.0744303430e+03 4.1508474576e-03
1.0747895335e+03 4.1504416208e-03
1.0751337090e+03 4.1500216237e-03
1.0754582114e+03 4.1493869668e-03
1.0757791848e+03 4.1489056308e-03
1.0761077889e+03 4.1484460255e-03
1.0764538614e+03 4.1479384739e-03
1.0768044861e+03 4.1474140262e-03
1.0771587026e+03 4.1469404277e-03
1.0775138453e+03 4.1469065129e-03
1.0778760529e+03 4.1467954943e-03
1.0782305842e+03 4.1463703867e-03
1.0785735997e+03 4.1457115721e-03
1.0789085162e+03 4.1451456527e-03
1.0792475760e+03 4.1449688044e-03
1.0795861986e+03 4.1448431103e-03
1.0799716928e+03 4.1448635306e-03
1.0803764885e+03 4.1449667982e-03
1.0807827415e+03 4.1447404205e-03
1.0811921888e+03 4.1442017177e-03
1.0816066954e+03 4.1435925538e-03
1.0820229012e+03 4.1433478512e-03
1.0824408835e+03 4.1432101643e-03
1.0828547095e+03 4.1430548827e-03
1.0832596633e+03 4.1427814839e-03
1.0836572683e+03 4.1422994315e-03
1.0840505209e+03 4.1415253300e-03
1.0844369792e+03 4.1404768964e-03
1.0848207066e+03 4.1393935621e-03
1.0852038072e+03 4.1386780041e-03
1.0855882003e+03 4.1382744969e-03
1.0859678929e+03 4.1380147411e-03
1.0863491716e+03 4.1377499076e-03
1.0867379946e+03 4.1376472001e-03
1.0871350870e+03 4.1379275908e-03
1.0875173047e+03 4.1381531215e-03
1.0878703178e+03 4.1380603354e-03
1.0881932125e+03 4.1376565406e-03
1.0884984007e+03 4.1370166611e-03
1.0887863092e+03 4.1363108463e-03
1.0890683872e+03 4.1356936832e-03
1.0893599407e+03 4.1353746176e-03
1.0896731994e+03 4.1352697040e-03
1.0899988731e+03 4.1353519086e-03
1.0903314700e+03 4.1356199240e-03
1.0906692530e+03 4.1360230421e-03
1.0910275295e+03 4.1362279806e-03
1.0913969459e+03 4.1361757789e-03
1.0917621681e+03 4.1358059225e-03
1.0921099832e+03 4.1350905507e-03
1.0924496696e+03 4.1340532346e-03
1.0927833396e+03 4.1329599977e-03
1.0931043814e+03 4.1322148391e-03
1.0934098182e+03 4.1317038315e-03
1.0937209673e+03 4.1313899030e-03
1.0940476959e+03 4.1314280520e-03
1.0943914769e+03 4.1317233292e-03
1.0947248139e+03 4.1320070062e-03
1.0950470403e+03 4.1320458120e-03
1.0953631535e+03 4.1320388334e-03
1.0956809649e+03 4.1320831890e-03
1.0959938984e+03 4.1322136187e-03
1.0963015561e+03 4.1323159302e-03
1.0966066681e+03 4.1322531960e-03
1.0969288430e+03 4.1318396603e-03
1.0972543458e+03 4.1312549092e-03
1.0975577422e+03 4.1304892710e-03
1.0978145020e+03 4.1297010238e-03
1.0980455126e+03 4.1289470463e-03
1.0982705607e+03 4.1284502772e-03
1.0984945196e+03 4.1281630905e-03
1.0987119342e+03 4.1278990751e-03
1.0989347912e+03 4.1274648589e-03
1.0991651529e+03 4.1267720550e-03
1.0994736279e+03 4.1260223936e-03
1.0998483410e+03 4.1251067766e-03
1.1002113165e+03 4.1241587064e-03
1.1005633094e+03 4.1234687856e-03
1.1009080058e+03 4.1231621708e-03
1.1012498879e+03 4.1233657530e-03
1.1016003226e+03 4.1235655870e-03
1.1019545044e+03 4.1236539501e-03
1.1023141628e+03 4.1234612833e-03
1.1026823384e+03 4.1231057849e-03
1.1030588794e+03 4.1226556075e-03
1.1034480802e+03 4.1222092106e-03
1.1038557983e+03 4.1219113174e-03
1.1042798733e+03 4.1216450171e-03
1.1047115846e+03 4.1214515690e-03
1.1051390287e+03 4.1211761836e-03
1.1055669995e+03 4.1208110649e-03
1.1059964213e+03 4.1204396638e-03
1.1064237953e+03 4.1200128241e-03
1.1068309320e+03 4.1197015371e-03
1.1072032913e+03 4.1194020474e-03
1.1075351114e+03 4.1190760622e-03
1.1078481270e+03 4.1187746972e-03
1.1081592846e+03 4.1184447198e-03
1.1084850059e+03 4.1179929543e-03
1.1088302040e+03 4.1173127776e-03
1.1091924262e+03 4.1163984416e-03
1.1095617917e+03 4.1152195363e-03
1.1099412762e+03 4.1138025236e-03
1.1103342985e+03 4.1125428934e-03
1.1107416594e+03 4.1116225989e-03
1.1111464416e+03 4.1113085697e-03
1.1115464501e+03 4.1111777993e-03
1.1119403689e+03 4.1111111814e-03
1.1123259959e+03 4.1109605455e-03
1.1126925090e+03 4.1108530235e-03
1.1130532452e+03 4.1108240661e-03
1.1134164773e+03 4.1108866314e-03
1.1137814082e+03 4.1112189401e-03
1.1141411920e+03 4.1116545534e-03
1.1145164962e+03 4.1119978822e-03
1.1149169911e+03 4.1119868383e-03
1.1153473032e+03 4.1116178705e-03
1.1157847276e+03 4.1111260208e-03
1.1162103252e+03 4.1106235567e-03
1.1166036462e+03 4.1103251935e-03
1.1169689875e+03 4.1102151293e-03
1.1173031346e+03 4.1103791632e-03
1.1176141634e+03 4.1107047610e-03
1.1179043108e+03 4.1109764882e-03
1.1181919710e+03 4.1109805024e-03
1.1184782306e+03 4.1104259188e-03
1.1187587545e+03 4.1093298368e-03
1.1190247204e+03 4.1081860735e-03
1.1192902095e+03 4.1074580090e-03
1.1195624165e+03 4.1073609351e-03
1.1198595223e+03 4.1074998483e-03
1.1201773180e+03 4.1075921315e-03
1.1205168526e+03 4.1075263110e-03
1.1208613389e+03 4.1073704291e-03
1.1212060526e+03 4.1071509036e-03
1.1215428370e+03 4.1068442804e-03
1.1218817858e+03 4.1065231952e-03
1.1222156161e+03 4.1061373974e-03
1.1225436577e+03 4.1056844382e-03
1.1228657109e+03 4.1053062234e-03
1.1232004106e+03 4.1050840696e-03
1.1236023843e+03 4.1051459340e-03
1.1240507423e+03 4.1053036520e-03
1.1245141775e+03 4.1056160316e-03
1.1249855639e+03 4.1057729347e-03
1.1254556677e+03 4.1056399959e-03
1.1259160726e+03 4.1052081442e-03
1.1263580848e+03 4.1046469175e-03
1.1267791136e+03 4.1040284468e-03
1.1271706530e+03 4.1033483419e-03
1.1275346707e+03 4.1026142821e-03
1.1278681573e+03 4.1018166930e-03
1.1281868195e+03 4.1008872999e-03
1.1285028729e+03 4.1000003467e-03
1.1288312096e+03 4.0991992816e-03
1.1291672807e+03 4.0987298986e-03
1.1295151473e+03 4.0985357480e-03
1.1298919186e+03 4.0984677254e-03
1.1303057764e+03 4.0986013040e-03
1.1307290697e+03 4.0987994772e-03
1.1311416134e+03 4.0987271506e-03
1.1315257116e+03 4.0984630229e-03
1.1318838561e+03 4.0979883107e-03
1.1322173665e+03 4.0974089275e-03
1.1325494783e+03 4.0964790208e-03
1.1328883917e+03 4.0955113111e-03
1.1332228645e+03 4.0948268768e-03
1.1335339664e+03 4.0942868270e-03
1.1338436145e+03 4.0940097661e-03
1.1341729165e+03 4.0937445683e-03
1.1345369062e+03 4.0935520932e-03
1.1349205067e+03 4.0933660003e-03
1.1353128482e+03 4.0930906369e-03
1.1356932361e+03 4.0929518265e-03
1.1360612685e+03 4.0925348033e-03
1.1364172763e+03 4.0918750219e-03
1.1367604504e+03 4.0909231018e-03
1.1370759946e+03 4.0900472412e-03
1.1373800565e+03 4.0895509707e-03
1.1376935893e+03 4.0893249292e-03
1.1380379357e+03 4.0890974728e-03
1.1383965580e+03 4.0885243161e-03
1.1387506532e+03 4.0877132851e-03
1.1390862304e+03 4.0869182019e-03
1.1394178942e+03 4.0862383921e-03
1.1397420255e+03 4.0856909873e-03
1.1400620500e+03 4.0853515497e-03
1.1403757463e+03 4.0853534361e-03
1.1406924380e+03 4.0855746798e-03
1.1409961654e+03 4.0859302455e-03
1.1412847208e+03 4.0862358461e-03
1.1415574829e+03 4.0864161899e-03
1.1418607089e+03 4.0863146618e-03
1.1422906227e+03 4.0859458037e-03
1.1427167434e+03 4.0852778471e-03
1.1431405319e+03 4.0845550847e-03
1.1435613028e+03 4.0837703860e-03
1.1439776143e+03 4.0829981833e-03
1.1443934518e+03 4.0823832709e-03
1.1447999365e+03 4.0819011975e-03
1.1451935724e+03 4.0814338494e-03
1.1455693191e+03 4.0809016309e-03
1.1459330811e+03 4.0803154841e-03
1.1462883291e+03 4.0799280449e-03
1.1466468555e+03 4.0796917090e-03
1.1470101965e+03 4.0794145799e-03
1.1473816778e+03 4.0788212974e-03
1.1477622531e+03 4.0780008277e-03
1.1481536729e+03 4.0770248615e-03
1.1485436939e+03 4.0761613729e-03
1.1489257439e+03 4.0756092093e-03
1.1492934967e+03 4.0754951493e-03
1.1496527712e+03 4.0756951089e-03
1.1499995268e+03 4.0759524260e-03
1.1503406668e+03 4.0760422474e-03
1.1506662382e+03 4.0756558944e-03
1.1509732159e+03 4.0749344061e-03
1.1512666375e+03 4.0740416223e-03
1.1515766610e+03 4.0733592233e-03
1.1519242260e+03 4.0730481252e-03
1.1523102956e+03 4.0727792666e-03
1.1527127737e+03 4.0725895922e-03
1.1531265483e+03 4.0720828124e-03
1.1535498827e+03 4.0715073528e-03
1.1539852862e+03 4.0707476225e-03
1.1544067311e+03 4.0698378199e-03
1.1548139698e+03 4.0690427844e-03
1.1552198904e+03 4.0683752137e-03
1.1556359372e+03 4.0680823702e-03
1.1560331951e+03 4.0678419134e-03
1.1563968421e+03 4.0674022737e-03
1.1567406969e+03 4.0668520387e-03
1.1570909866e+03 4.0661458356e-03
1.1574379238e+03 4.0656695030e-03
1.1577838573e+03 4.0653046474e-03
1.1581378688e+03 4.0651864105e-03
1.1585260648e+03 4.0652185186e-03
1.1589349997e+03 4.0653016858e-03
1.1593521394e+03 4.0652100890e-03
1.1597599300e+03 4.0646881669e-03
1.1601505136e+03 4.0639694958e-03
1.1605037481e+03 4.0633486806e-03
1.1608281900e+03 4.0627436487e-03
1.1611368845e+03 4.0620596814e-03
1.1614540537e+03 4.0612197824e-03
1.1617722334e+03 4.0606689988e-03
1.1620961804e+03 4.0603822414e-03
1.1624254719e+03 4.0601895567e-03
1.1627776201e+03 4.0599662854e-03
1.1631491168e+03 4.0596455945e-03
1.1635376740e+03 4.0593536443e-03
1.1639221460e+03 4.0591143990e-03
1.1643004524e+03 4.0590789051e-03
1.1646601562e+03 4.0591754182e-03
1.1650024292e+03 4.0592487644e-03
1.1653161378e+03 4.0593791996e-03
1.1656226175e+03 4.0593259940e-03
1.1659278345e+03 4.0591119091e-03
1.1662369176e+03 4.0585979856e-03
1.1665297204e+03 4.0579008430e-03
1.1668011551e+03 4.0570422157e-03
1.1670462940e+03 4.0563335345e-03
1.1672912744e+03 4.0557276994e-03
1.1675499414e+03 4.0550855411e-03
1.1678312566e+03 4.0544452673e-03
1.1681682273e+03 4.0539182946e-03
1.1686387948e+03 4.0538118107e-03
1.1690747184e+03 4.0540220720e-03
1.1694706207e+03 4.0543962992e-03
1.1698312734e+03 4.0546335399e-03
1.1701704549e+03 4.0544568908e-03
1.1704910306e+03 4.0540268413e-03
1.1708098734e+03 4.0532605990e-03
1.1711388540e+03 4.0522776510e-03
1.1714859883e+03 4.0511782842e-03
1.1718408748e+03 4.0502420156e-03
1.1722043740e+03 4.0496093517e-03
1.1725727695e+03 4.0492569323e-03
1.1729452687e+03 4.0491619631e-03
1.1733100574e+03 4.0490645615e-03
1.1736637923e+03 4.0489462994e-03
1.1739966967e+03 4.0489208824e-03
1.1743198345e+03 4.0487947568e-03
1.1746410915e+03 4.0483462998e-03
1.1749748852e+03 4.0475453505e-03
1.1753103905e+03 4.0467266849e-03
1.1756355520e+03 4.0460425560e-03
1.1759389525e+03 4.0456846184e-03
1.1762350856e+03 4.0454949686e-03
1.1765373513e+03 4.0454839960e-03
1.1768574422e+03 4.0454180109e-03
1.1771767084e+03 4.0451996555e-03
1.1774902161e+03 4.0447646245e-03
1.1777871589e+03 4.0440469670e-03
1.1780822426e+03 4.0432255127e-03
1.1783756247e+03 4.0423236860e-03
1.1786756173e+03 4.0414294686e-03
1.1789828416e+03 4.0406275605e-03
1.1792955264e+03 4.0400004036e-03
1.1795987493e+03 4.0398059166e-03
1.1798967787e+03 4.0399153244e-03
1.1801944809e+03 4.0402871515e-03
1.1805139110e+03 4.0406828511e-03
1.1808542993e+03 4.0409406931e-03
1.1812181875e+03 4.0410544898e-03
1.1815842076e+03 4.0406904735e-03
1.1819356287e+03 4.0399211146e-03
1.1822642792e+03 4.0390300968e-03
1.1825798844e+03 4.0382184339e-03
1.1828716648e+03 4.0376965320e-03
1.1831494911e+03 4.0373029093e-03
1.1834193427e+03 4.0369806340e-03
1.1837120558e+03 4.0366870851e-03
1.1840092788e+03 4.0363443079e-03
1.1843028093e+03 4.0360457929e-03
1.1845919777e+03 4.0356405819e-03
1.1849015337e+03 4.0352242513e-03
1.1852367975e+03 4.0349311868e-03
1.1855875644e+03 4.0347236742e-03
1.1859222966e+03 4.0346598868e-03
1.1862305870e+03 4.0344449161e-03
1.1865070622e+03 4.0341610010e-03
1.1867794434e+03 4.0336729745e-03
1.1870416545e+03 4.0332281108e-03
1.1872966277e+03 4.0328315988e-03
1.1875357249e+03 4.0323551881e-03
1.1877857054e+03 4.0318267219e-03
1.1880525907e+03 4.0314007990e-03
1.1883419731e+03 4.0311367415e-03
1.1886467963e+03 4.0309624129e-03
1.1889776526e+03 4.0306256828e-03
1.1893253555e+03 4.0300698056e-03
1.1896873113e+03 4.0293509990e-03
1.1900393011e+03 4.0287615453e-03
1.1903768236e+03 4.0283970263e-03
1.1906753843e+03 4.0281825105e-03
1.1909525727e+03 4.0282811286e-03
1.1912147613e+03 4.0284072397e-03
1.1914773331e+03 4.0283581714e-03
1.1917334448e+03 4.0279596492e-03
1.1919966501e+03 4.0272206778e-03
1.1922713869e+03 4.0263243343e-03
1.1925666735e+03 4.0254824747e-03
1.1928556065e+03 4.0251727389e-03
1.1931356798e+03 4.0251871146e-03
1.1935234794e+03 4.0250596118e-03
1.1939826740e+03 4.0245546271e-03
1.1944275064e+03 4.0238362956e-03
1.1948547563e+03 4.0231347661e-03
1.1952574629e+03 4.0226243469e-03
1.1956469076e+03 4.0220586395e-03
1.1960271235e+03 4.0213903256e-03
1.1964080924e+03 4.0205867158e-03
1.1967902004e+03 4.0198341359e-03
1.1971825803e+03 4.0192742557e-03
1.1975869201e+03 4.0191023264e-03
1.1980114829e+03 4.0193897888e-03
1.1984356717e+03 4.0197226002e-03
1.1988477500e+03 4.0197560838e-03
1.1992406024e+03 4.0195054933e-03
1.1996342167e+03 4.0191447359e-03
1.2000293653e+03 4.0187488683e-03
1.2004164853e+03 4.0181047278e-03
1.2007743037e+03 4.0174531821e-03
1.2011129255e+03 4.0168334912e-03
1.2014464363e+03 4.0162569193e-03
1.2017993771e+03 4.0155796305e-03
1.2021583464e+03 4.0149954056e-03
1.2025134005e+03 4.0145241382e-03
1.2028511467e+03 4.0140155856e-03
1.2031829628e+03 4.0132805055e-03
1.2034955892e+03 4.0122822541e-03
1.2037857286e+03 4.0111392527e-03
1.2040564841e+03 4.0103781132e-03
1.2043306711e+03 4.0099468664e-03
1.2046057565e+03 4.0097328769e-03
1.2048859314e+03 4.0094605157e-03
1.2051640302e+03 4.0089244749e-03
1.2054545187e+03 4.0081359753e-03
1.2057590977e+03 4.0071673276e-03
1.2061059370e+03 4.0061682927e-03
1.2064974551e+03 4.0053278534e-03
1.2069240429e+03 4.0047637347e-03
1.2073410071e+03 4.0044694678e-03
1.2077333021e+03 4.0043557626e-03
1.2081030895e+03 4.0044617069e-03
1.2084772852e+03 4.0046852745e-03
1.2088581218e+03 4.0047505350e-03
1.2092426379e+03 4.0044518371e-03
1.2096049282e+03 4.0038637829e-03
1.2099545515e+03 4.0030239143e-03
1.2102983598e+03 4.0023206266e-03
1.2106551716e+03 4.0019378389e-03
1.2110068156e+03 4.0018763076e-03
1.2113606561e+03 4.0018364448e-03
1.2117024949e+03 4.0015447430e-03
1.2120356850e+03 4.0011402770e-03
1.2123529875e+03 4.0006068272e-03
1.2126753608e+03 4.0000755878e-03
1.2130003074e+03 3.9996269484e-03
1.2133236107e+03 3.9992172729e-03
1.2136246934e+03 3.9990275146e-03
1.2139177646e+03 3.9989807530e-03
1.2142057495e+03 3.9990999433e-03
1.2145021948e+03 3.9992355937e-03
1.2147921075e+03 3.9992370833e-03
1.2150970288e+03 3.9989689067e-03
1.2154177489e+03 3.9985953226e-03
1.2157626273e+03 3.9980187355e-03
1.2161100765e+03 3.9972763643e-03
1.2164614657e+03 3.9963733386e-03
1.2168091471e+03 3.9955853916e-03
1.2171636413e+03 3.9950999180e-03
1.2175108879e+03 3.9949823842e-03
1.2178605095e+03 3.9951745273e-03
1.2181936608e+03 3.9954479685e-03
1.2185107371e+03 3.9955529693e-03
1.2187973467e+03 3.9954599214e-03
1.2190763406e+03 3.9950863503e-03
1.2193541772e+03 3.9946483853e-03
1.2196489824e+03 3.9942084968e-03
1.2199521685e+03 3.9939766501e-03
1.2203447024e+03 3.9939123709e-03
1.2208384078e+03 3.9941078022e-03
1.2213460649e+03 3.9945643175e-03
1.2218440079e+03 3.9950209887e-03
1.2223151225e+03 3.9952587667e-03
1.2227403198e+03 3.9953554519e-03
1.2231292221e+03 3.9952256028e-03
1.2234925345e+03 3.9947087060e-03
1.2238522094e+03 3.9936847188e-03
1.2242118137e+03 3.9923670158e-03
1.2245821521e+03 3.9910027687e-03
1.2249528221e+03 3.9898707103e-03
1.2253309555e+03 3.9891626930e-03
1.2257100533e+03 3.9889573280e-03
1.2260978673e+03 3.9891037089e-03
1.2264818967e+03 3.9894541473e-03
1.2268613709e+03 3.9897431237e-03
1.2272258173e+03 3.9898538342e-03
1.2275832372e+03 3.9897250813e-03
1.2279230438e+03 3.9892465993e-03
1.2282536314e+03 3.9883976449e-03
1.2285714135e+03 3.9873322124e-03
1.2288964033e+03 3.9862735814e-03
1.2292357345e+03 3.9854077062e-03
1.2295991501e+03 3.9844644701e-03
1.2299667442e+03 3.9836665533e-03
1.2303378840e+03 3.9831310543e-03
1.2306966420e+03 3.9829757457e-03
1.2310459196e+03 3.9830932878e-03
1.2313705732e+03 3.9834411812e-03
1.2316941298e+03 3.9839265603e-03
1.2320284603e+03 3.9843659792e-03
1.2323789319e+03 3.9846140513e-03
1.2327183192e+03 3.9845226998e-03
1.2330443867e+03 3.9843594145e-03
1.2333594446e+03 3.9841513823e-03
1.2336930487e+03 3.9838195346e-03
1.2340448768e+03 3.9832279302e-03
1.2344123082e+03 3.9823508932e-03
1.2347632029e+03 3.9815509609e-03
1.2351027929e+03 3.9808493681e-03
1.2354292416e+03 3.9803873355e-03
1.2357543154e+03 3.9796905520e-03
1.2360746009e+03 3.9790410094e-03
1.2364136230e+03 3.9783412584e-03
1.2367601612e+03 3.9778653964e-03
1.2371076883e+03 3.9777368284e-03
1.2374372457e+03 3.9779045877e-03
1.2377630409e+03 3.9783131712e-03
1.2380712946e+03 3.9784902355e-03
1.2383713411e+03 3.9785220992e-03
1.2386520641e+03 3.9782580838e-03
1.2389321899e+03 3.9778295779e-03
1.2392077188e+03 3.9773025452e-03
1.2394972794e+03 3.9769279848e-03
1.2397919230e+03 3.9770455844e-03
1.2401063597e+03 3.9773892427e-03
1.2404384279e+03 3.9778649621e-03
1.2407914712e+03 3.9780277488e-03
1.2411325592e+03 3.9779243943e-03
1.2414637272e+03 3.9774755878e-03
1.2417773362e+03 3.9768971609e-03
1.2420924327e+03 3.9763488826e-03
1.2423941910e+03 3.9759131806e-03
1.2426948600e+03 3.9757378177e-03
1.2429838081e+03 3.9756951486e-03
1.2432741304e+03 3.9758501535e-03
1.2435616941e+03 3.9761500780e-03
1.2438766014e+03 3.9765291965e-03
1.2442130869e+03 3.9769665543e-03
1.2445699362e+03 3.9774068846e-03
1.2449097725e+03 3.9778465913e-03
1.2452276880e+03 3.9780696344e-03
1.2455135798e+03 3.9780775924e-03
1.2457941572e+03 3.9778561946e-03
1.2460801859e+03 3.9775571869e-03
1.2464315424e+03 3.9770358144e-03
1.2467762981e+03 3.9763400192e-03
1.2471399029e+03 3.9754682749e-03
1.2475240576e+03 3.9745372345e-03
1.2479437731e+03 3.9737127705e-03
1.2483891512e+03 3.9730534853e-03
1.2488476129e+03 3.9726683708e-03
1.2492879428e+03 3.9727035135e-03
1.2497145740e+03 3.9729332012e-03
1.2501238833e+03 3.9731094480e-03
1.2505289397e+03 3.9729417282e-03
1.2509272697e+03 3.9726632748e-03
1.2513297679e+03 3.9723915266e-03
1.2517253780e+03 3.9723770932e-03
1.2521269924e+03 3.9724417646e-03
1.2525270105e+03 3.9722670841e-03
1.2529279370e+03 3.9718354415e-03
1.2533096949e+03 3.9711171048e-03
1.2536812859e+03 3.9703943357e-03
1.2540372253e+03 3.9698582355e-03
1.2543908531e+03 3.9697143640e-03
1.2547428400e+03 3.9699477852e-03
1.2551200119e+03 3.9700991163e-03
1.2555102127e+03 3.9702010892e-03
1.2559083554e+03 3.9700345356e-03
1.2562917984e+03 3.9698336404e-03
1.2566716965e+03 3.9696200923e-03
1.2570293625e+03 3.9694742184e-03
1.2573658739e+03 3.9694669228e-03
1.2576764349e+03 3.9693771430e-03
1.2579887479e+03 3.9693293634e-03
1.2583032962e+03 3.9691169040e-03
1.2586312850e+03 3.9688222550e-03
1.2589582223e+03 3.9686387473e-03
1.2592963811e+03 3.9683794933e-03
1.2596334707e+03 3.9680370706e-03
1.2599758195e+03 3.9675818685e-03
1.2602965642e+03 3.9673099224e-03
1.2606008218e+03 3.9671773145e-03
1.2608898586e+03 3.9671911473e-03
1.2612035376e+03 3.9671840293e-03
1.2615429045e+03 3.9670285712e-03
1.2619043206e+03 3.9668580133e-03
1.2622577096e+03 3.9666521853e-03
1.2626148438e+03 3.9664358872e-03
1.2629716185e+03 3.9661116509e-03
1.2633470987e+03 3.9656597883e-03
1.2637270878e+03 3.9652077815e-03
1.2641211804e+03 3.9647718445e-03
1.2645068241e+03 3.9648585543e-03
1.2648845617e+03 3.9654395863e-03
1.2652364436e+03 3.9664207703e-03
1.2655894860e+03 3.9673723196e-03
1.2659472384e+03 3.9679941037e-03
1.2663230405e+03 3.9682927152e-03
1.2666809263e+03 3.9679810631e-03
1.2670161969e+03 3.9674451711e-03
1.2673220315e+03 3.9669061789e-03
1.2676438210e+03 3.9664448084e-03
1.2679830408e+03 3.9661325513e-03
1.2683521851e+03 3.9657809187e-03
1.2687300882e+03 3.9657949390e-03
1.2691732706e+03 3.9657379151e-03
1.2696384624e+03 3.9658400985e-03
1.2700937355e+03 3.9658258097e-03
1.2705252806e+03 3.9655892681e-03
1.2709444491e+03 3.9652094538e-03
1.2713478060e+03 3.9646105370e-03
1.2717633946e+03 3.9641787354e-03
1.2721906092e+03 3.9638311856e-03
1.2726325403e+03 3.9638284562e-03
1.2730702527e+03 3.9642260440e-03
1.2735212129e+03 3.9647786052e-03
1.2739828735e+03 3.9653339364e-03
1.2744519672e+03 3.9654809286e-03
1.2749017104e+03 3.9654833253e-03
1.2753406263e+03 3.9652195338e-03
1.2757661795e+03 3.9650268563e-03
1.2761884888e+03 3.9648915010e-03
1.2765909175e+03 3.9645983412e-03
1.2770010063e+03 3.9641726880e-03
1.2774244524e+03 3.9635869025e-03
1.2778738684e+03 3.9631461427e-03
1.2783193915e+03 3.9627484999e-03
1.2787657760e+03 3.9622909392e-03
1.2792131425e+03 3.9619561274e-03
1.2796738099e+03 3.9615704808e-03
1.2801251372e+03 3.9614222718e-03
1.2805620289e+03 3.9613339874e-03
1.2809632503e+03 3.9612741141e-03
1.2813565242e+03 3.9610673677e-03
1.2817456511e+03 3.9606447017e-03
1.2821597755e+03 3.9601595664e-03
1.2825762124e+03 3.9594560699e-03
1.2829941491e+03 3.9587683619e-03
1.2833910573e+03 3.9581268735e-03
1.2837755382e+03 3.9575274806e-03
1.2841423727e+03 3.9570208690e-03
1.2845134445e+03 3.9566351504e-03
1.2848876523e+03 3.9564367870e-03
1.2852798122e+03 3.9563718107e-03
1.2856641845e+03 3.9566871367e-03
1.2860531999e+03 3.9570753353e-03
1.2864374622e+03 3.9573804512e-03
1.2868458156e+03 3.9573221158e-03
1.2872582233e+03 3.9568232415e-03
1.2876638515e+03 3.9561108398e-03
1.2880325234e+03 3.9552614226e-03
1.2883853829e+03 3.9544079025e-03
1.2887227814e+03 3.9534553352e-03
1.2890645980e+03 3.9526346226e-03
1.2893960327e+03 3.9520236825e-03
1.2897388445e+03 3.9516258613e-03
1.2900802597e+03 3.9514751666e-03
1.2904357654e+03 3.9515089838e-03
1.2907813427e+03 3.9517064891e-03
1.2911276073e+03 3.9518302929e-03
1.2914576936e+03 3.9519206954e-03
1.2917926519e+03 3.9516682706e-03
1.2921220179e+03 3.9511854473e-03
1.2924651930e+03 3.9506078726e-03
1.2928124318e+03 3.9499945196e-03
1.2931854792e+03 3.9493231786e-03
1.2935643432e+03 3.9485116025e-03
1.2940600365e+03 3.9476415244e-03
1.2945396356e+03 3.9466753871e-03
1.2950126238e+03 3.9457510336e-03
1.2954812523e+03 3.9450616147e-03
1.2959618559e+03 3.9446853194e-03
1.2964292168e+03 3.9448337115e-03
1.2968829317e+03 3.9452220218e-03
1.2973103910e+03 3.9457109214e-03
1.2977260855e+03 3.9460392176e-03
1.2981147855e+03 3.9461024500e-03
1.2984967457e+03 3.9459813271e-03
1.2988772980e+03 3.9456664611e-03
1.2992735462e+03 3.9451079968e-03
1.2996707834e+03 3.9445828263e-03
1.3000773683e+03 3.9442114537e-03
1.3004809679e+03 3.9440322907e-03
1.3008870116e+03 3.9438382128e-03
1.3012743801e+03 3.9432918641e-03
1.3016643609e+03 3.9424981579e-03
1.3020495496e+03 3.9415269237e-03
1.3024391741e+03 3.9406685639e-03
1.3028075032e+03 3.9400815289e-03
1.3031683759e+03 3.9395001465e-03
1.3035131802e+03 3.9390785651e-03
1.3038608509e+03 3.9387023432e-03
1.3042065569e+03 3.9388276616e-03
1.3045665152e+03 3.9394026852e-03
1.3049323494e+03 3.9401277266e-03
1.3053197614e+03 3.9409161274e-03
1.3057114813e+03 3.9412684824e-03
1.3061153112e+03 3.9413572422e-03
1.3064973405e+03 3.9412191397e-03
1.3068644503e+03 3.9408500214e-03
1.3072119820e+03 3.9405183549e-03
1.3075770969e+03 3.9400552011e-03
1.3079567739e+03 3.9397817468e-03
1.3083596627e+03 3.9393531852e-03
1.3087700019e+03 3.9387708253e-03
1.3091999566e+03 3.9381619635e-03
1.3096257383e+03 3.9377314313e-03
1.3100614868e+03 3.9377025473e-03
1.3104820284e+03 3.9377979591e-03
1.3108845595e+03 3.9378825761e-03
1.3112407492e+03 3.9376949991e-03
1.3115854422e+03 3.9370344680e-03
1.3119297163e+03 3.9362453418e-03
1.3122961720e+03 3.9355558771e-03
1.3126604295e+03 3.9352442163e-03
1.3130258118e+03 3.9351512239e-03
1.3133725143e+03 3.9351199010e-03
1.3137401856e+03 3.9348154495e-03
1.3141200402e+03 3.9343783925e-03
1.3145176666e+03 3.9341013907e-03
1.3148939382e+03 3.9339089208e-03
1.3152598982e+03 3.9335653787e-03
1.3156059336e+03 3.9331012236e-03
1.3159484308e+03 3.9326511053e-03
1.3162662305e+03 3.9323897711e-03
1.3165822245e+03 3.9322565818e-03
1.3168934142e+03 3.9321970001e-03
1.3172293400e+03 3.9321242088e-03
1.3175647915e+03 3.9318770650e-03
1.3179136782e+03 3.9315440114e-03
1.3182445829e+03 3.9312026315e-03
1.3185649648e+03 3.9307346223e-03
1.3188548991e+03 3.9302740068e-03
1.3191392224e+03 3.9298636158e-03
1.3194084769e+03 3.9295603320e-03
1.3196857082e+03 3.9292030978e-03
1.3199538844e+03 3.9287470446e-03
1.3202309881e+03 3.9282774983e-03
1.3205010035e+03 3.9277431928e-03
1.3207980250e+03 3.9272183523e-03
1.3211064119e+03 3.9267420807e-03
1.3214237856e+03 3.9262812776e-03
1.3217540341e+03 3.9257782934e-03
1.3221797659e+03 3.9251427931e-03
1.3226075062e+03 3.9247595363e-03
1.3230571086e+03 3.9246813729e-03
1.3235155378e+03 3.9249440287e-03
1.3239880228e+03 3.9251335629e-03
1.3244405056e+03 3.9251415340e-03
1.3248829063e+03 3.9250092106e-03
1.3253069721e+03 3.9248768059e-03
1.3257251442e+03 3.9247490143e-03
1.3261171368e+03 3.9243618590e-03
1.3264989851e+03 3.9237890475e-03
1.3268596754e+03 3.9230871524e-03
1.3272097456e+03 3.9224430769e-03
1.3275372632e+03 3.9221024133e-03
1.3278747435e+03 3.9219253266e-03
1.3282161456e+03 3.9218571553e-03
1.3285740599e+03 3.9216612303e-03
1.3289241642e+03 3.9215598824e-03
1.3292832168e+03 3.9214328392e-03
1.3296354870e+03 3.9212655775e-03
1.3299899579e+03 3.9210453009e-03
1.3303228719e+03 3.9207215952e-03
1.3306476604e+03 3.9205800167e-03
1.3309507343e+03 3.9206553270e-03
1.3312593527e+03 3.9208183132e-03
1.3315659178e+03 3.9208051420e-03
1.3318890320e+03 3.9204785435e-03
1.3322069375e+03 3.9200892388e-03
1.3325302091e+03 3.9195432756e-03
1.3328467868e+03 3.9190803522e-03
1.3331808956e+03 3.9186957313e-03
1.3335140586e+03 3.9184650431e-03
1.3338571837e+03 3.9183075888e-03
1.3341873159e+03 3.9181297942e-03
1.3345334864e+03 3.9179632335e-03
1.3348848267e+03 3.9177867889e-03
1.3352466146e+03 3.9177507632e-03
1.3355898757e+03 3.9178138034e-03
1.3359281639e+03 3.9179123262e-03
1.3362568403e+03 3.9179319644e-03
1.3366072816e+03 3.9175230417e-03
1.3369536946e+03 3.9167356432e-03
1.3373018717e+03 3.9156563498e-03
1.3376247466e+03 3.9145907599e-03
1.3379558455e+03 3.9137221018e-03
1.3382850879e+03 3.9130165923e-03
1.3386302305e+03 3.9124149476e-03
1.3389721776e+03 3.9120274361e-03
1.3393230368e+03 3.9118352051e-03
1.3396570551e+03 3.9118557945e-03
1.3399906411e+03 3.9118358980e-03
1.3403120930e+03 3.9119443084e-03
1.3406594293e+03 3.9121836143e-03
1.3410217738e+03 3.9125255480e-03
1.3414114735e+03 3.9128602488e-03
1.3417772966e+03 3.9129361302e-03
1.3421148452e+03 3.9128315457e-03
1.3424069487e+03 3.9124919889e-03
1.3426980442e+03 3.9120519834e-03
1.3429832792e+03 3.9114146903e-03
1.3432914263e+03 3.9106674337e-03
1.3436103076e+03 3.9100052478e-03
1.3439575342e+03 3.9094707950e-03
1.3442922695e+03 3.9091074468e-03
1.3446144636e+03 3.9087655255e-03
1.3449026073e+03 3.9085747637e-03
1.3451938875e+03 3.9083883126e-03
1.3454764251e+03 3.9082521428e-03
1.3457746642e+03 3.9080096317e-03
1.3460687921e+03 3.9077108126e-03
1.3463863489e+03 3.9073146752e-03
1.3467020615e+03 3.9069160359e-03
1.3470235469e+03 3.9065073239e-03
1.3473256683e+03 3.9062386233e-03
1.3476452453e+03 3.9063360819e-03
1.3479708727e+03 3.9066234155e-03
1.3483177487e+03 3.9067742687e-03
1.3486476385e+03 3.9067069255e-03
1.3489759185e+03 3.9064345052e-03
1.3492845913e+03 3.9059879311e-03
1.3496040991e+03 3.9054665202e-03
1.3499060763e+03 3.9047725425e-03
1.3502155312e+03 3.9039840268e-03
1.3506692965e+03 3.9032222007e-03
1.3511503063e+03 3.9026329587e-03
1.3515971650e+03 3.9023842739e-03
1.3520324802e+03 3.9021331587e-03
1.3524501857e+03 3.9020503896e-03
1.3528673407e+03 3.9018761324e-03
1.3532593471e+03 3.9017257616e-03
1.3536479260e+03 3.9013367883e-03
1.3540227236e+03 3.9006672809e-03
1.3544124545e+03 3.8998714760e-03
1.3548002090e+03 3.8990175589e-03
1.3552000680e+03 3.8984127906e-03
1.3555864217e+03 3.8979572002e-03
1.3559755901e+03 3.8976437419e-03
1.3563610687e+03 3.8976047126e-03
1.3567588846e+03 3.8978535005e-03
1.3571386628e+03 3.8982036805e-03
1.3575208138e+03 3.8981042076e-03
1.3578979956e+03 3.8974898328e-03
1.3582909289e+03 3.8965543232e-03
1.3586655134e+03 3.8957430507e-03
1.3590442706e+03 3.8951021218e-03
1.3594195426e+03 3.8945822772e-03
1.3598059523e+03 3.8942010975e-03
1.3601705917e+03 3.8940792585e-03
1.3605348340e+03 3.8942218713e-03
1.3608982164e+03 3.8944452855e-03
1.3612843447e+03 3.8946074671e-03
1.3616562335e+03 3.8944687863e-03
1.3620269180e+03 3.8938417829e-03
1.3623928062e+03 3.8928529196e-03
1.3628011434e+03 3.8917708114e-03
1.3632265140e+03 3.8910866688e-03
1.3636632569e+03 3.8907226149e-03
1.3640743732e+03 3.8906723649e-03
1.3644850319e+03 3.8907872438e-03
1.3648760931e+03 3.8910409033e-03
1.3652605186e+03 3.8912387855e-03
1.3656137609e+03 3.8911539594e-03
1.3659689405e+03 3.8908214791e-03
1.3663176585e+03 3.8903564452e-03
1.3666848382e+03 3.8898373780e-03
1.3670473679e+03 3.8891687395e-03
1.3674204763e+03 3.8884793644e-03
1.3677773378e+03 3.8880157724e-03
1.3681497021e+03 3.8876759591e-03
1.3685202588e+03 3.8874709320e-03
1.3689028752e+03 3.8871849063e-03
1.3692606173e+03 3.8868750183e-03
1.3696274546e+03 3.8864367623e-03
1.3699931648e+03 3.8860133640e-03
1.3703652989e+03 3.8855083789e-03
1.3707018487e+03 3.8848117225e-03
1.3710255268e+03 3.8842100525e-03
1.3713207450e+03 3.8839836172e-03
1.3716286246e+03 3.8838735914e-03
1.3719392546e+03 3.8836207155e-03
1.3722786644e+03 3.8831834845e-03
1.3726049785e+03 3.8827100822e-03
1.3729327245e+03 3.8822895964e-03
1.3732462468e+03 3.8820502062e-03
1.3735758822e+03 3.8819440946e-03
1.3739001171e+03 3.8817505581e-03
1.3742396163e+03 3.8813443030e-03
1.3745669527e+03 3.8806995446e-03
1.3749159132e+03 3.8798692982e-03
1.3752548758e+03 3.8790252035e-03
1.3755915818e+03 3.8782180582e-03
1.3758802033e+03 3.8775703476e-03
1.3761550224e+03 3.8771313257e-03
1.3764134974e+03 3.8769566293e-03
1.3766998194e+03 3.8768029455e-03
1.3769981184e+03 3.8766437117e-03
1.3773281832e+03 3.8763928455e-03
1.3776555345e+03 3.8761107187e-03
1.3780070253e+03 3.8756833642e-03
1.3783591842e+03 3.8750993683e-03
1.3787349686e+03 3.8745328447e-03
1.3791103669e+03 3.8740165856e-03
1.3796164704e+03 3.8733425638e-03
1.3800802812e+03 3.8725721653e-03
1.3805087032e+03 3.8718418397e-03
1.3808786307e+03 3.8712446950e-03
1.3812264095e+03 3.8706309989e-03
1.3815474316e+03 3.8702077530e-03
1.3818688705e+03 3.8699070895e-03
1.3821728643e+03 3.8695209418e-03
1.3824979995e+03 3.8689675878e-03
1.3828356193e+03 3.8682091554e-03
1.3832069577e+03 3.8674453429e-03
1.3835854918e+03 3.8668505483e-03
1.3839929273e+03 3.8664579381e-03
1.3844030634e+03 3.8662926396e-03
1.3848242544e+03 3.8661995108e-03
1.3852221138e+03 3.8663985432e-03
1.3856213999e+03 3.8665395274e-03
1.3860057123e+03 3.8665608918e-03
1.3864057913e+03 3.8662363330e-03
1.3867875825e+03 3.8656432159e-03
1.3871644922e+03 3.8649569418e-03
1.3875194187e+03 3.8643705657e-03
1.3878850201e+03 3.8640564229e-03
1.3882394887e+03 3.8638898336e-03
1.3886025717e+03 3.8637155118e-03
1.3889590115e+03 3.8635331755e-03
1.3893366166e+03 3.8633015436e-03
1.3896983230e+03 3.8631047943e-03
1.3900756056e+03 3.8629214821e-03
1.3904548120e+03 3.8627141979e-03
1.3908726925e+03 3.8625086299e-03
1.3912970988e+03 3.8621437160e-03
1.3917389476e+03 3.8617324407e-03
1.3921773237e+03 3.8611755280e-03
1.3926390195e+03 3.8605205226e-03
1.3931012998e+03 3.8600032431e-03
1.3935778678e+03 3.8597180420e-03
1.3940276052e+03 3.8598523757e-03
1.3944689763e+03 3.8598336458e-03
1.3948639531e+03 3.8596040991e-03
1.3952412748e+03 3.8591526287e-03
1.3955842835e+03 3.8587281551e-03
1.3959440996e+03 3.8584512600e-03
1.3963136618e+03 3.8582305632e-03
1.3967124028e+03 3.8580225412e-03
1.3971040510e+03 3.8576856203e-03
1.3975002888e+03 3.8571628977e-03
1.3978746852e+03 3.8566229017e-03
1.3982702955e+03 3.8560538995e-03
1.3986672166e+03 3.8554295094e-03
1.3990882366e+03 3.8547717091e-03
1.3994785097e+03 3.8542222102e-03
1.3998567947e+03 3.8538999213e-03
1.4002107574e+03 3.8540106498e-03
1.4005772299e+03 3.8543395585e-03
1.4009238426e+03 3.8546111832e-03
1.4012565749e+03 3.8545209706e-03
1.4015500057e+03 3.8540433255e-03
1.4018602343e+03 3.8533978388e-03
1.4021789674e+03 3.8528254452e-03
1.4025333544e+03 3.8525245680e-03
1.4028766548e+03 3.8525213172e-03
1.4032387547e+03 3.8523785417e-03
1.4035965573e+03 3.8519986700e-03
1.4039726751e+03 3.8513600196e-03
1.4043356303e+03 3.8506140649e-03
1.4047178909e+03 3.8497939129e-03
1.4050826489e+03 3.8489830498e-03
1.4054367988e+03 3.8481232230e-03
1.4057428872e+03 3.8473586804e-03
1.4060475179e+03 3.8468435497e-03
1.4063335768e+03 3.8464342945e-03
1.4066425976e+03 3.8459302636e-03
1.4069553276e+03 3.8454021358e-03
1.4073050893e+03 3.8448658866e-03
1.4076497609e+03 3.8443561346e-03
1.4080050628e+03 3.8439595490e-03
1.4083283454e+03 3.8438701218e-03
1.4086503896e+03 3.8438744250e-03
1.4090758287e+03 3.8437803769e-03
1.4095191883e+03 3.8435206246e-03
1.4099413147e+03 3.8431971076e-03
1.4103518036e+03 3.8429325923e-03
1.4107191295e+03 3.8426749948e-03
1.4110845874e+03 3.8425250411e-03
1.4114250968e+03 3.8423413348e-03
1.4117621799e+03 3.8419891805e-03
1.4120716989e+03 3.8415091199e-03
1.4123961032e+03 3.8409250336e-03
1.4127135506e+03 3.8404921245e-03
1.4130518532e+03 3.8400474239e-03
1.4133884607e+03 3.8395940791e-03
1.4137527072e+03 3.8391508990e-03
1.4141107501e+03 3.8387714600e-03
1.4144825545e+03 3.8384665633e-03
1.4148369814e+03 3.8382395560e-03
1.4151984809e+03 3.8379884618e-03
1.4155393853e+03 3.8377184055e-03
1.4159038001e+03 3.8375453876e-03
1.4162684324e+03 3.8374564324e-03
1.4166453815e+03 3.8372516521e-03
1.4169981596e+03 3.8368727505e-03
1.4173626082e+03 3.8366107126e-03
1.4177236195e+03 3.8365636200e-03
1.4181040379e+03 3.8363795553e-03
1.4184602977e+03 3.8360016368e-03
1.4188147986e+03 3.8353586853e-03
1.4191396119e+03 3.8346287413e-03
1.4194759612e+03 3.8337572453e-03
1.4198036019e+03 3.8330792967e-03
1.4201660410e+03 3.8326089100e-03
1.4205452449e+03 3.8325222397e-03
1.4209639991e+03 3.8327080908e-03
1.4213812634e+03 3.8327392362e-03
1.4218124796e+03 3.8326227646e-03
1.4222261916e+03 3.8322254293e-03
1.4226447403e+03 3.8318693126e-03
1.4230266934e+03 3.8313616734e-03
1.4234146097e+03 3.8307221804e-03
1.4237908012e+03 3.8298993317e-03
1.4241879622e+03 3.8291315122e-03
1.4245533959e+03 3.8286265350e-03
1.4249082501e+03 3.8280997036e-03
1.4252420944e+03 3.8277627956e-03
1.4255994779e+03 3.8273318067e-03
1.4259571169e+03 3.8270306318e-03
1.4263389294e+03 3.8266387789e-03
1.4267093184e+03 3.8262824426e-03
1.4271016479e+03 3.8258499248e-03
1.4274797673e+03 3.8253271781e-03
1.4278738929e+03 3.8251132167e-03
1.4282523196e+03 3.8251365951e-03
1.4286455945e+03 3.8253193341e-03
1.4290072626e+03 3.8253462278e-03
1.4293490842e+03 3.8252383940e-03
1.4296458240e+03 3.8251070156e-03
1.4299466954e+03 3.8247640733e-03
1.4302341757e+03 3.8242972610e-03
1.4305467159e+03 3.8236629316e-03
1.4308598626e+03 3.8228993664e-03
1.4312103578e+03 3.8220783526e-03
1.4315557651e+03 3.8212332231e-03
1.4319201427e+03 3.8206283989e-03
1.4322752292e+03 3.8201916048e-03
1.4326557588e+03 3.8196704234e-03
1.4330171597e+03 3.8191938451e-03
1.4333744140e+03 3.8188938575e-03
1.4336936741e+03 3.8191607699e-03
1.4340206748e+03 3.8196399785e-03
1.4343305182e+03 3.8201043191e-03
1.4346651739e+03 3.8204095566e-03
1.4349866109e+03 3.8204840234e-03
1.4353275455e+03 3.8203236314e-03
1.4356653996e+03 3.8198775329e-03
1.4360524819e+03 3.8192764072e-03
1.4364502087e+03 3.8186467238e-03
1.4368722340e+03 3.8180995320e-03
1.4372610529e+03 3.8178687399e-03
1.4376473496e+03 3.8179879179e-03
1.4380077794e+03 3.8184421337e-03
1.4383928607e+03 3.8189875763e-03
1.4387679902e+03 3.8193877809e-03
1.4392188898e+03 3.8194753617e-03
1.4396356216e+03 3.8191304754e-03
1.4400618712e+03 3.8184383890e-03
1.4404635126e+03 3.8176819473e-03
1.4408710892e+03 3.8171601531e-03
1.4412458034e+03 3.8169635975e-03
1.4416196538e+03 3.8167929077e-03
1.4419632577e+03 3.8164924379e-03
1.4423229895e+03 3.8161266049e-03
1.4426694117e+03 3.8159429238e-03
1.4430350903e+03 3.8159048348e-03
1.4433888657e+03 3.8160255651e-03
1.4437637184e+03 3.8162586130e-03
1.4441230291e+03 3.8165537542e-03
1.4445074749e+03 3.8168337808e-03
1.4448878908e+03 3.8169403828e-03
1.4452939786e+03 3.8167076333e-03
1.4456794594e+03 3.8160634192e-03
1.4460795758e+03 3.8153911456e-03
1.4464597758e+03 3.8148372639e-03
1.4468546560e+03 3.8144155881e-03
1.4472310351e+03 3.8142897660e-03
1.4476270289e+03 3.8140291056e-03
1.4480084368e+03 3.8137813355e-03
1.4484128801e+03 3.8132272223e-03
1.4488108391e+03 3.8127369930e-03
1.4492417858e+03 3.8124011754e-03
1.4496661302e+03 3.8121896726e-03
1.4501180156e+03 3.8122095081e-03
1.4505523621e+03 3.8121625811e-03
1.4509971999e+03 3.8121361379e-03
1.4514213688e+03 3.8119918424e-03
1.4518772248e+03 3.8119554106e-03
1.4523381003e+03 3.8120989095e-03
1.4528311025e+03 3.8123251312e-03
1.4532964030e+03 3.8127290625e-03
1.4537469390e+03 3.8129810486e-03
1.4541457903e+03 3.8130437785e-03
1.4545486682e+03 3.8128311147e-03
1.4549272777e+03 3.8124619377e-03
1.4553194579e+03 3.8119028620e-03
1.4556836949e+03 3.8114118962e-03
1.4560598675e+03 3.8112246883e-03
1.4564222955e+03 3.8111916383e-03
1.4568167795e+03 3.8110095957e-03
1.4572082289e+03 3.8106415504e-03
1.4576265669e+03 3.8101179196e-03
1.4580244528e+03 3.8096006352e-03
1.4584287061e+03 3.8091826162e-03
1.4587998488e+03 3.8089002312e-03
1.4591745609e+03 3.8087014955e-03
1.4595105620e+03 3.8085373276e-03
1.4598485821e+03 3.8082791747e-03
1.4601666393e+03 3.8078859044e-03
1.4605122888e+03 3.8073898727e-03
1.4608473999e+03 3.8068424467e-03
1.4612012335e+03 3.8063091275e-03
1.4615370504e+03 3.8057586677e-03
1.4618937395e+03 3.8053270275e-03
1.4622438349e+03 3.8051233058e-03
1.4626319160e+03 3.8050112631e-03
1.4630189609e+03 3.8050034462e-03
1.4634343916e+03 3.8050748028e-03
1.4638418755e+03 3.8051995866e-03
1.4642794687e+03 3.8052254446e-03
1.4646984517e+03 3.8051084398e-03
1.4651239498e+03 3.8045992173e-03
1.4655273073e+03 3.8036890944e-03
1.4659595137e+03 3.8026821680e-03
1.4664010307e+03 3.8019341559e-03
1.4669177021e+03 3.8014878994e-03
1.4674199331e+03 3.8012400259e-03
1.4679366287e+03 3.8009287748e-03
1.4684199308e+03 3.8002966239e-03
1.4689154046e+03 3.7993794926e-03
1.4693895073e+03 3.7985237022e-03
1.4698817312e+03 3.7980989121e-03
1.4703441447e+03 3.7981589761e-03
1.4708231285e+03 3.7985912981e-03
1.4712882107e+03 3.7991140269e-03
1.4717837460e+03 3.7993455036e-03
1.4722501670e+03 3.7993960297e-03
1.4727195348e+03 3.7991595784e-03
1.4731551863e+03 3.7986910244e-03
1.4736140786e+03 3.7977950741e-03
1.4740520732e+03 3.7967390928e-03
1.4745012180e+03 3.7958798001e-03
1.4749146901e+03 3.7952586300e-03
1.4753440803e+03 3.7948839692e-03
1.4757476862e+03 3.7946648118e-03
1.4761644565e+03 3.7946465501e-03
1.4765432201e+03 3.7949790241e-03
1.4769253223e+03 3.7955965550e-03
1.4772778688e+03 3.7963242308e-03
1.4776663469e+03 3.7968582091e-03
1.4780569056e+03 3.7969271368e-03
1.4784801863e+03 3.7965775364e-03
1.4788760204e+03 3.7958523394e-03
1.4792914548e+03 3.7952109053e-03
1.4796973202e+03 3.7947674136e-03
1.4801378608e+03 3.7945126917e-03
1.4805610573e+03 3.7943429561e-03
1.4809982586e+03 3.7941101132e-03
1.4814085159e+03 3.7937386341e-03
1.4818405960e+03 3.7929101739e-03
1.4822601374e+03 3.7919403178e-03
1.4827100897e+03 3.7910620444e-03
1.4831451537e+03 3.7905242165e-03
1.4836037371e+03 3.7902209486e-03
1.4840379418e+03 3.7899126240e-03
1.4844727807e+03 3.7896413635e-03
1.4848629107e+03 3.7894050513e-03
1.4852631057e+03 3.7893788762e-03
1.4856607506e+03 3.7892899395e-03
1.4861035511e+03 3.7891340834e-03
1.4865343632e+03 3.7889931923e-03
1.4869734827e+03 3.7889851061e-03
1.4873742141e+03 3.7892667718e-03
1.4877873471e+03 3.7894971790e-03
1.4881752618e+03 3.7897530108e-03
1.4885735063e+03 3.7896342025e-03
1.4889495154e+03 3.7892820295e-03
1.4893512298e+03 3.7888514382e-03
1.4897332720e+03 3.7882839683e-03
1.4901222817e+03 3.7877772000e-03
1.4904769795e+03 3.7871471281e-03
1.4908463268e+03 3.7865390062e-03
1.4911915758e+03 3.7859163496e-03
1.4915512876e+03 3.7854916551e-03
1.4918726265e+03 3.7852703516e-03
1.4921904381e+03 3.7849002100e-03
1.4925724912e+03 3.7845979352e-03
1.4929884288e+03 3.7843902090e-03
1.4933863922e+03 3.7843561407e-03
1.4938071908e+03 3.7844316821e-03
1.4942007040e+03 3.7844894841e-03
1.4946059276e+03 3.7845149238e-03
1.4949799250e+03 3.7843466875e-03
1.4953795096e+03 3.7840568086e-03
1.4957667124e+03 3.7837583962e-03
1.4961785570e+03 3.7835977165e-03
1.4965696163e+03 3.7837053903e-03
1.4969869816e+03 3.7838742470e-03
1.4973873120e+03 3.7838827807e-03
1.4978182831e+03 3.7835526535e-03
1.4982365778e+03 3.7830702350e-03
1.4986887132e+03 3.7825848865e-03
1.4991201768e+03 3.7820421908e-03
1.4995805138e+03 3.7814678414e-03
1.5000250103e+03 3.7808916724e-03
1.5004895945e+03 3.7803564472e-03
1.5009176744e+03 3.7801160933e-03
1.5013565825e+03 3.7802490043e-03
1.5017673741e+03 3.7806752800e-03
1.5022074956e+03 3.7810398867e-03
1.5026309024e+03 3.7812347588e-03
1.5030896833e+03 3.7811822057e-03
1.5035170052e+03 3.7808802335e-03
1.5039507343e+03 3.7804043729e-03
1.5043332421e+03 3.7797027086e-03
1.5047260898e+03 3.7789324202e-03
1.5050913720e+03 3.7781742057e-03
1.5054828645e+03 3.7776958403e-03
1.5058455834e+03 3.7774915098e-03
1.5062245819e+03 3.7774329328e-03
1.5065646570e+03 3.7775982356e-03
1.5069256026e+03 3.7778295119e-03
1.5072648303e+03 3.7779226218e-03
1.5076404125e+03 3.7777562712e-03
1.5079952804e+03 3.7774517352e-03
1.5083655036e+03 3.7769464718e-03
1.5087017255e+03 3.7761686543e-03
1.5090637047e+03 3.7751286718e-03
1.5094199886e+03 3.7739697495e-03
1.5098265741e+03 3.7728841723e-03
1.5102392417e+03 3.7719596304e-03
1.5106981105e+03 3.7712769633e-03
1.5111330916e+03 3.7708072103e-03
1.5115714673e+03 3.7705116769e-03
1.5119640081e+03 3.7703623723e-03
1.5123689518e+03 3.7705943214e-03
1.5127553588e+03 3.7711353057e-03
1.5131790064e+03 3.7717555027e-03
1.5135933592e+03 3.7722747718e-03
1.5140326825e+03 3.7721890951e-03
1.5144410427e+03 3.7716868560e-03
1.5148706296e+03 3.7708153036e-03
1.5152842221e+03 3.7699492179e-03
1.5157285607e+03 3.7690695095e-03
1.5161476997e+03 3.7682990981e-03
1.5165822990e+03 3.7678645317e-03
1.5169920269e+03 3.7675742433e-03
1.5174282038e+03 3.7675168916e-03
1.5178426015e+03 3.7673305044e-03
1.5182729672e+03 3.7670820406e-03
1.5186753800e+03 3.7667054010e-03
1.5190986075e+03 3.7661204396e-03
1.5194886198e+03 3.7654593464e-03
1.5198775530e+03 3.7646693396e-03
1.5202137671e+03 3.7639603322e-03
1.5205527476e+03 3.7634737908e-03
1.5208626392e+03 3.7632673105e-03
1.5211969419e+03 3.7630948759e-03
1.5215695182e+03 3.7628385722e-03
1.5220630561e+03 3.7625654371e-03
1.5225005499e+03 3.7622828123e-03
1.5229517937e+03 3.7619706802e-03
1.5233775204e+03 3.7615137280e-03
1.5238299815e+03 3.7609927532e-03
1.5242392471e+03 3.7603683054e-03
1.5246617920e+03 3.7599378893e-03
1.5250571011e+03 3.7598014201e-03
1.5254778015e+03 3.7599631583e-03
1.5258604272e+03 3.7602307635e-03
1.5262554039e+03 3.7603841861e-03
1.5266283452e+03 3.7605383522e-03
1.5270368423e+03 3.7605229889e-03
1.5274241372e+03 3.7601992747e-03
1.5278379188e+03 3.7595067705e-03
1.5282395339e+03 3.7586075335e-03
1.5286887769e+03 3.7575909051e-03
1.5291410126e+03 3.7567252117e-03
1.5296293288e+03 3.7559949489e-03
1.5300818778e+03 3.7552367766e-03
1.5305411616e+03 3.7544264331e-03
1.5309786124e+03 3.7536875667e-03
1.5314542785e+03 3.7533018008e-03
1.5319102914e+03 3.7529842348e-03
1.5323789594e+03 3.7528897478e-03
1.5328214485e+03 3.7528317580e-03
1.5332970861e+03 3.7530177438e-03
1.5337613764e+03 3.7532902222e-03
1.5342447848e+03 3.7532685854e-03
1.5346933608e+03 3.7529844138e-03
1.5351565060e+03 3.7526612062e-03
1.5355937894e+03 3.7525797274e-03
1.5360493422e+03 3.7525795186e-03
1.5364719212e+03 3.7524426301e-03
1.5369068004e+03 3.7522342645e-03
1.5373063345e+03 3.7517396580e-03
1.5377173433e+03 3.7510376608e-03
1.5380909993e+03 3.7501491712e-03
1.5384780833e+03 3.7494369825e-03
1.5388326614e+03 3.7489975673e-03
1.5392057380e+03 3.7488150340e-03
1.5395669863e+03 3.7490099637e-03
1.5399805383e+03 3.7494970895e-03
1.5404020671e+03 3.7501776276e-03
1.5408617118e+03 3.7508099804e-03
1.5412960523e+03 3.7511567244e-03
1.5417505988e+03 3.7512810093e-03
1.5421816303e+03 3.7509981291e-03
1.5426430772e+03 3.7506359224e-03
1.5430876303e+03 3.7500768610e-03
1.5435551838e+03 3.7495508236e-03
1.5439937037e+03 3.7490876995e-03
1.5444465671e+03 3.7487844984e-03
1.5448644754e+03 3.7485820961e-03
1.5452971392e+03 3.7484816896e-03
1.5457026612e+03 3.7483960372e-03
1.5461383268e+03 3.7481346736e-03
1.5466406425e+03 3.7474931137e-03
1.5472196123e+03 3.7465688486e-03
1.5477750850e+03 3.7456167688e-03
1.5483679320e+03 3.7448581547e-03
1.5489419215e+03 3.7443186874e-03
1.5495525944e+03 3.7440605965e-03
1.5501455511e+03 3.7438834634e-03
1.5507572651e+03 3.7437984273e-03
1.5513212006e+03 3.7436582565e-03
1.5518941714e+03 3.7437090023e-03
1.5524398147e+03 3.7437083050e-03
1.5530099604e+03 3.7438376166e-03
1.5535442539e+03 3.7438917598e-03
1.5540747490e+03 3.7437909309e-03
1.5545657412e+03 3.7434986974e-03
1.5550756135e+03 3.7428047851e-03
1.5555815180e+03 3.7417654686e-03
1.5561235617e+03 3.7406150363e-03
1.5566532779e+03 3.7397778748e-03
1.5572027909e+03 3.7394315835e-03
1.5577317135e+03 3.7391039627e-03
1.5582727594e+03 3.7388639256e-03
1.5587705720e+03 3.7385929920e-03
1.5592612758e+03 3.7385204200e-03
1.5597207743e+03 3.7381359285e-03
1.5601947001e+03 3.7374454881e-03
1.5606564190e+03 3.7366540572e-03
