# Momentum thickness as function of Re_theta
# Columns: Re_theta   theta
8.7458540668e+02 1.2561111477e-01
8.7488925598e+02 1.2565332690e-01
8.7521895891e+02 1.2569921471e-01
8.7557874390e+02 1.2575028392e-01
8.7594916871e+02 1.2580239422e-01
8.7633191723e+02 1.2585654094e-01
8.7674102483e+02 1.2591402508e-01
8.7715968964e+02 1.2597233280e-01
8.7757026434e+02 1.2602714972e-01
8.7800388246e+02 1.2608401793e-01
8.7889214752e+02 1.2620355675e-01
8.7978327738e+02 1.2632453018e-01
8.8064141213e+02 1.2644159848e-01
8.8146780002e+02 1.2655595405e-01
8.8229214148e+02 1.2667074032e-01
8.8311481808e+02 1.2678658418e-01
8.8394847281e+02 1.2690480940e-01
8.8482330986e+02 1.2703065878e-01
8.8576333490e+02 1.2716586026e-01
8.8677151068e+02 1.2731039675e-01
8.8783635989e+02 1.2746174990e-01
8.8896190931e+02 1.2762210168e-01
8.9015206635e+02 1.2779110776e-01
8.9142432795e+02 1.2797104464e-01
8.9275398099e+02 1.2815732338e-01
8.9408364919e+02 1.2834338789e-01
8.9541755431e+02 1.2852955036e-01
8.9678197779e+02 1.2872018118e-01
8.9816954607e+02 1.2891321784e-01
8.9954165909e+02 1.2910398487e-01
9.0088184731e+02 1.2928969585e-01
9.0265857996e+02 1.2953716966e-01
9.0446376849e+02 1.2978936956e-01
9.0623668921e+02 1.3003802105e-01
9.0798257744e+02 1.3028195140e-01
9.0969133846e+02 1.3052043654e-01
9.1137375422e+02 1.3075477445e-01
9.1304444114e+02 1.3098797929e-01
9.1470161427e+02 1.3121867697e-01
9.1633178877e+02 1.3144583849e-01
9.1792485038e+02 1.3166748892e-01
9.1947462887e+02 1.3188371586e-01
9.2098550542e+02 1.3209433224e-01
9.2186963532e+02 1.3224514072e-01
9.2188707406e+02 1.3224697908e-01
9.2192077217e+02 1.3225198108e-01
9.2198488048e+02 1.3225974345e-01
9.2203741853e+02 1.3226807713e-01
9.2216759160e+02 1.3228309142e-01
9.2221666376e+02 1.3229256046e-01
9.2243210107e+02 1.3231786852e-01
9.2244200800e+02 1.3229913530e-01
9.2245041897e+02 1.3232428162e-01
9.2268420008e+02 1.3235841597e-01
9.2278371045e+02 1.3236501659e-01
9.2294147987e+02 1.3239553694e-01
9.2321971620e+02 1.3242526504e-01
9.2322869546e+02 1.3243638161e-01
9.2356632836e+02 1.3248395952e-01
9.2373095941e+02 1.3249569663e-01
9.2383636746e+02 1.3249219656e-01
9.2396026909e+02 1.3253778206e-01
9.2432764454e+02 1.3257841836e-01
9.2439530305e+02 1.3259664126e-01
9.2485173121e+02 1.3265734892e-01
9.2501165672e+02 1.3267321272e-01
9.2531559122e+02 1.3271920465e-01
9.2545901462e+02 1.3271735414e-01
9.2576510496e+02 1.3277869384e-01
9.2577095613e+02 1.3277897155e-01
9.2618553101e+02 1.3283480917e-01
9.2658547036e+02 1.3288989857e-01
9.2659949358e+02 1.3289105192e-01
9.2702715296e+02 1.3294776328e-01
9.2718102097e+02 1.3295498360e-01
9.2745846116e+02 1.3300775044e-01
9.2746678019e+02 1.3301035394e-01
9.2792888141e+02 1.3307273638e-01
9.2836952529e+02 1.3313382732e-01
9.2843503949e+02 1.3314493851e-01
9.2874973492e+02 1.3317156310e-01
9.2897693935e+02 1.3322354385e-01
9.2926754722e+02 1.3325569035e-01
9.2953546118e+02 1.3330435046e-01
9.3009673499e+02 1.3338573990e-01
9.3012114409e+02 1.3335980973e-01
9.3012873264e+02 1.3337199689e-01
9.3065284892e+02 1.3346535580e-01
9.3094616597e+02 1.3348248941e-01
9.3118863786e+02 1.3354190238e-01
9.3123340746e+02 1.3351121082e-01
9.3169098602e+02 1.3358188185e-01
9.3170786724e+02 1.3361557847e-01
9.3208475479e+02 1.3362497115e-01
9.3222283949e+02 1.3368918812e-01
9.3232508277e+02 1.3366581447e-01
9.3271255561e+02 1.3370867309e-01
9.3282737319e+02 1.3373102653e-01
9.3285959458e+02 1.3377875902e-01
9.3312220802e+02 1.3376333433e-01
9.3317330062e+02 1.3377543906e-01
9.3332324814e+02 1.3379143049e-01
9.3334013200e+02 1.3379535359e-01
9.3354583187e+02 1.3387465247e-01
9.3424651979e+02 1.3397163484e-01
9.3494480871e+02 1.3406903163e-01
9.3564098599e+02 1.3416630657e-01
9.3633605761e+02 1.3426415329e-01
9.3703052090e+02 1.3436111525e-01
9.3772618033e+02 1.3445797737e-01
9.3841700537e+02 1.3455353531e-01
9.3909481108e+02 1.3464830513e-01
9.3976291724e+02 1.3474192297e-01
9.4043219195e+02 1.3483621539e-01
9.4109577549e+02 1.3492896057e-01
9.4175535816e+02 1.3502103676e-01
9.4241713915e+02 1.3511243698e-01
9.4306461944e+02 1.3520218422e-01
9.4367355373e+02 1.3528674879e-01
9.4424385347e+02 1.3536686733e-01
9.4481509774e+02 1.3544648726e-01
9.4541979930e+02 1.3553093571e-01
9.4604023215e+02 1.3561691869e-01
9.4662192401e+02 1.3569707737e-01
9.4712315013e+02 1.3576417736e-01
9.4756059365e+02 1.3582221127e-01
9.4796054749e+02 1.3587509658e-01
9.4867223376e+02 1.3597204965e-01
9.4942420359e+02 1.3607416567e-01
9.5010508883e+02 1.3616703259e-01
9.5074117018e+02 1.3625391277e-01
9.5134815374e+02 1.3633782322e-01
9.5192563340e+02 1.3641753551e-01
9.5247663581e+02 1.3649473877e-01
9.5300603829e+02 1.3656991356e-01
9.5352461215e+02 1.3664525833e-01
9.5404234422e+02 1.3672031044e-01
9.5457021309e+02 1.3679680968e-01
9.5511169534e+02 1.3687433139e-01
9.5565693827e+02 1.3695226491e-01
9.5619498599e+02 1.3702801232e-01
9.5672245046e+02 1.3710233532e-01
9.5725649984e+02 1.3717739533e-01
9.5779032180e+02 1.3725351453e-01
9.5829816724e+02 1.3732606129e-01
9.5877423395e+02 1.3739483405e-01
9.5923611463e+02 1.3746122535e-01
9.5970671674e+02 1.3752910274e-01
9.6016984669e+02 1.3759499756e-01
9.6060831050e+02 1.3765700909e-01
9.6102372469e+02 1.3771461194e-01
9.6142690367e+02 1.3777104590e-01
9.6182141962e+02 1.3782681815e-01
9.6221198416e+02 1.3788341046e-01
9.6260921563e+02 1.3794028575e-01
9.6301169718e+02 1.3799750826e-01
9.6341553403e+02 1.3805396778e-01
9.6380086634e+02 1.3810832048e-01
9.6416564887e+02 1.3815961808e-01
9.6451120904e+02 1.3820902410e-01
9.6486913741e+02 1.3825994037e-01
9.6525842698e+02 1.3831541197e-01
9.6565557210e+02 1.3837067136e-01
9.6601985928e+02 1.3842071953e-01
9.6633189720e+02 1.3846224533e-01
9.6661009645e+02 1.3849927244e-01
9.6725748095e+02 1.3858717684e-01
9.6784625237e+02 1.3866814991e-01
9.6838034919e+02 1.3874176157e-01
9.6888109746e+02 1.3881146004e-01
9.6936033099e+02 1.3887781146e-01
9.6981430284e+02 1.3894156548e-01
9.7022903375e+02 1.3900033665e-01
9.7060748769e+02 1.3905544969e-01
9.7095742028e+02 1.3910648933e-01
9.7130694526e+02 1.3915798435e-01
9.7167101038e+02 1.3921147859e-01
9.7204366884e+02 1.3926718865e-01
9.7241539874e+02 1.3932244640e-01
9.7278792988e+02 1.3937794731e-01
9.7315594015e+02 1.3943255337e-01
9.7350398807e+02 1.3948562617e-01
9.7381782391e+02 1.3953378362e-01
9.7409980714e+02 1.3957746113e-01
9.7436925615e+02 1.3961832366e-01
9.7464631186e+02 1.3966050216e-01
9.7493971119e+02 1.3970438263e-01
9.7525397390e+02 1.3975112446e-01
9.7557865248e+02 1.3979827703e-01
9.7590373578e+02 1.3984557202e-01
9.7622631754e+02 1.3989210548e-01
9.7654417504e+02 1.3993885969e-01
9.7684585940e+02 1.3998348779e-01
9.7713293349e+02 1.4002716623e-01
9.7740686189e+02 1.4006866791e-01
9.7767611949e+02 1.4010955346e-01
9.7795177319e+02 1.4015051959e-01
9.7824027030e+02 1.4019380247e-01
9.7854144718e+02 1.4023897313e-01
9.7885853979e+02 1.4028726350e-01
9.7920221836e+02 1.4033847478e-01
9.7957076099e+02 1.4039236476e-01
9.7995657349e+02 1.4044658565e-01
9.8036484741e+02 1.4050327681e-01
9.8079117106e+02 1.4056138698e-01
9.8119768529e+02 1.4061711254e-01
9.8156467256e+02 1.4066742700e-01
9.8193014271e+02 1.4071874104e-01
9.8232437823e+02 1.4077414049e-01
9.8272109899e+02 1.4083087373e-01
9.8308263718e+02 1.4088322513e-01
9.8343631518e+02 1.4093597532e-01
9.8381242320e+02 1.4099170804e-01
9.8419355302e+02 1.4104849033e-01
9.8454986735e+02 1.4110122240e-01
9.8488329472e+02 1.4115097623e-01
9.8521069975e+02 1.4119876000e-01
9.8552517028e+02 1.4124460584e-01
9.8582604749e+02 1.4128833692e-01
9.8611255569e+02 1.4133121466e-01
9.8638743518e+02 1.4137241152e-01
9.8666076693e+02 1.4141351206e-01
9.8695458053e+02 1.4145594556e-01
9.8727899173e+02 1.4150201674e-01
9.8760483230e+02 1.4154690287e-01
9.8789952989e+02 1.4158708260e-01
9.8815476543e+02 1.4162035318e-01
9.8838901206e+02 1.4165047852e-01
9.8862517361e+02 1.4168054076e-01
9.8887239450e+02 1.4171316454e-01
9.8912493733e+02 1.4174635340e-01
9.8937058407e+02 1.4177903733e-01
9.8961091812e+02 1.4181061820e-01
9.8984628932e+02 1.4184213564e-01
9.9006736863e+02 1.4187083106e-01
9.9040641610e+02 1.4191573035e-01
9.9092212093e+02 1.4198463528e-01
9.9140422454e+02 1.4204995796e-01
9.9186627901e+02 1.4211246888e-01
9.9231344247e+02 1.4217329412e-01
9.9273695746e+02 1.4223006384e-01
9.9314643041e+02 1.4228483238e-01
9.9354081196e+02 1.4233622512e-01
9.9391143758e+02 1.4238416907e-01
9.9425649011e+02 1.4242819205e-01
9.9458446555e+02 1.4247113168e-01
9.9489915888e+02 1.4251264122e-01
9.9520827617e+02 1.4255458356e-01
9.9552751998e+02 1.4259835292e-01
9.9585561556e+02 1.4264505717e-01
9.9618236114e+02 1.4269227748e-01
9.9649765164e+02 1.4273905894e-01
9.9681537237e+02 1.4278598856e-01
9.9713232890e+02 1.4283347721e-01
9.9743563111e+02 1.4287868207e-01
9.9772894969e+02 1.4292284337e-01
9.9801734110e+02 1.4296579975e-01
9.9829572756e+02 1.4300827749e-01
9.9855940069e+02 1.4304891361e-01
9.9882287972e+02 1.4309031823e-01
9.9909495063e+02 1.4313232746e-01
9.9937006199e+02 1.4317511106e-01
9.9965117264e+02 1.4321810405e-01
9.9993242314e+02 1.4326083723e-01
1.0002027004e+03 1.4330018360e-01
1.0004486595e+03 1.4333551699e-01
1.0006780830e+03 1.4336797360e-01
1.0009192278e+03 1.4340293761e-01
1.0011747288e+03 1.4343941224e-01
1.0014164774e+03 1.4347423994e-01
1.0016281633e+03 1.4350482877e-01
1.0018277496e+03 1.4353531134e-01
1.0020501874e+03 1.4356898993e-01
1.0022893951e+03 1.4360466419e-01
1.0025238230e+03 1.4363782910e-01
1.0027442575e+03 1.4366875239e-01
1.0029653242e+03 1.4369928172e-01
1.0031980666e+03 1.4373212489e-01
1.0034445533e+03 1.4376647342e-01
1.0036971354e+03 1.4380208336e-01
1.0039457493e+03 1.4383655101e-01
1.0041775977e+03 1.4386869005e-01
1.0043807955e+03 1.4389526953e-01
1.0045388721e+03 1.4391497197e-01
1.0046543443e+03 1.4392816624e-01
1.0047659492e+03 1.4394240400e-01
1.0051411532e+03 1.4399416603e-01
1.0055506191e+03 1.4405240077e-01
1.0059322130e+03 1.4410705255e-01
1.0062972989e+03 1.4416058254e-01
1.0066405987e+03 1.4421148066e-01
1.0069614351e+03 1.4426044461e-01
1.0072683744e+03 1.4430708116e-01
1.0075850943e+03 1.4435496002e-01
1.0079236811e+03 1.4440463314e-01
1.0082741412e+03 1.4445599401e-01
1.0086222194e+03 1.4450632369e-01
1.0089945226e+03 1.4456013628e-01
1.0094137983e+03 1.4461962451e-01
1.0098577455e+03 1.4468350642e-01
1.0102904011e+03 1.4474655328e-01
1.0107221839e+03 1.4481051558e-01
1.0111906040e+03 1.4487780923e-01
1.0117050599e+03 1.4494977588e-01
1.0122426807e+03 1.4502311756e-01
1.0127866808e+03 1.4509799618e-01
1.0133327677e+03 1.4517347428e-01
1.0138565271e+03 1.4524680628e-01
1.0143445986e+03 1.4531499416e-01
1.0148269967e+03 1.4538347807e-01
1.0153136183e+03 1.4545273386e-01
1.0157926005e+03 1.4552149614e-01
1.0162582552e+03 1.4558716096e-01
1.0167185255e+03 1.4565140000e-01
1.0171894038e+03 1.4571594944e-01
1.0176930578e+03 1.4578558786e-01
1.0182263513e+03 1.4585872177e-01
1.0187491384e+03 1.4593000560e-01
1.0192336855e+03 1.4599451555e-01
1.0196897520e+03 1.4605556001e-01
1.0201234858e+03 1.4611364287e-01
1.0205353862e+03 1.4616946809e-01
1.0209255611e+03 1.4622144355e-01
1.0212853983e+03 1.4626952475e-01
1.0216303134e+03 1.4631577359e-01
1.0219770849e+03 1.4636412563e-01
1.0223413891e+03 1.4641577234e-01
1.0227250290e+03 1.4647155124e-01
1.0231487368e+03 1.4653301687e-01
1.0236281741e+03 1.4660321880e-01
1.0241589635e+03 1.4668035523e-01
1.0247270530e+03 1.4676338568e-01
1.0253092008e+03 1.4684793315e-01
1.0258849435e+03 1.4693178849e-01
1.0264532648e+03 1.4701350586e-01
1.0270152532e+03 1.4709427997e-01
1.0275751708e+03 1.4717390509e-01
1.0281130695e+03 1.4725052070e-01
1.0286135978e+03 1.4732077259e-01
1.0290759931e+03 1.4738571045e-01
1.0296983188e+03 1.4747225425e-01
1.0304031270e+03 1.4757121110e-01
1.0310816764e+03 1.4766629563e-01
1.0317659755e+03 1.4776223149e-01
1.0324773953e+03 1.4786064491e-01
1.0332031405e+03 1.4796107154e-01
1.0338936825e+03 1.4805619207e-01
1.0345240951e+03 1.4814386773e-01
1.0351352817e+03 1.4822912024e-01
1.0357665399e+03 1.4831868020e-01
1.0364070328e+03 1.4840962652e-01
1.0370362832e+03 1.4849916429e-01
1.0376493774e+03 1.4858500847e-01
1.0382498998e+03 1.4866870037e-01
1.0388430804e+03 1.4875009293e-01
1.0394472768e+03 1.4883272836e-01
1.0400663904e+03 1.4891624790e-01
1.0406723550e+03 1.4899809518e-01
1.0412281988e+03 1.4907240648e-01
1.0417320107e+03 1.4914031287e-01
1.0422195516e+03 1.4920598104e-01
1.0427199121e+03 1.4927432288e-01
1.0432377406e+03 1.4934487862e-01
1.0437541418e+03 1.4941627417e-01
1.0442735003e+03 1.4948837549e-01
1.0449503577e+03 1.4958337424e-01
1.0456736548e+03 1.4968460995e-01
1.0463173455e+03 1.4977573094e-01
1.0468890020e+03 1.4985711353e-01
1.0474082345e+03 1.4993285472e-01
1.0478853180e+03 1.5000311946e-01
1.0483390678e+03 1.5007069044e-01
1.0487968442e+03 1.5013765339e-01
1.0492710167e+03 1.5020684081e-01
1.0497528837e+03 1.5027655615e-01
1.0502857300e+03 1.5035372057e-01
1.0507747298e+03 1.5042336010e-01
1.0512462520e+03 1.5048965689e-01
1.0517940697e+03 1.5056512641e-01
1.0523360312e+03 1.5064036355e-01
1.0528484610e+03 1.5071118674e-01
1.0533352392e+03 1.5077880399e-01
1.0538018527e+03 1.5084298870e-01
1.0542586323e+03 1.5090647353e-01
1.0547052001e+03 1.5096811417e-01
1.0551249465e+03 1.5102629025e-01
1.0554996965e+03 1.5107752751e-01
1.0558242237e+03 1.5112295239e-01
1.0561161524e+03 1.5116457170e-01
1.0563900909e+03 1.5120528391e-01
1.0566331816e+03 1.5124148483e-01
1.0568057854e+03 1.5126062907e-01
1.0568091183e+03 1.5125971107e-01
1.0568361546e+03 1.5126490632e-01
1.0568448158e+03 1.5126983833e-01
1.0568568216e+03 1.5127192452e-01
1.0569132370e+03 1.5127461387e-01
1.0569761029e+03 1.5129022101e-01
1.0569999024e+03 1.5128713064e-01
1.0570022301e+03 1.5129545544e-01
1.0570941742e+03 1.5129980348e-01
1.0571355113e+03 1.5131807479e-01
1.0571476086e+03 1.5131370168e-01
1.0571797694e+03 1.5131190137e-01
1.0572315230e+03 1.5132170767e-01
1.0572488855e+03 1.5132539445e-01
1.0572830579e+03 1.5132877032e-01
1.0572905079e+03 1.5133100970e-01
1.0573000287e+03 1.5133130345e-01
1.0573427177e+03 1.5134979899e-01
1.0575509005e+03 1.5138256606e-01
1.0577777994e+03 1.5141866447e-01
1.0580275713e+03 1.5145791917e-01
1.0583075938e+03 1.5150161529e-01
1.0586413835e+03 1.5155078318e-01
1.0590361779e+03 1.5160735015e-01
1.0594875492e+03 1.5167044074e-01
1.0599818549e+03 1.5173941514e-01
1.0604950256e+03 1.5180954431e-01
1.0610037461e+03 1.5187900435e-01
1.0615235152e+03 1.5195014353e-01
1.0620817085e+03 1.5202822206e-01
1.0626580603e+03 1.5210845560e-01
1.0632278962e+03 1.5218777205e-01
1.0637844531e+03 1.5226429812e-01
1.0643251049e+03 1.5233881371e-01
1.0648432690e+03 1.5240929160e-01
1.0653881795e+03 1.5248416425e-01
1.0662762655e+03 1.5260671312e-01
1.0670906655e+03 1.5272060274e-01
1.0678384708e+03 1.5282491031e-01
1.0685369383e+03 1.5292229190e-01
1.0691906305e+03 1.5301207310e-01
1.0697986434e+03 1.5309534954e-01
1.0703780271e+03 1.5317358553e-01
1.0709515472e+03 1.5325114956e-01
1.0715300425e+03 1.5332885483e-01
1.0720980329e+03 1.5340623886e-01
1.0726555414e+03 1.5348263843e-01
1.0732049792e+03 1.5355932570e-01
1.0737399728e+03 1.5363397608e-01
1.0742425257e+03 1.5370492147e-01
1.0747059229e+03 1.5377006490e-01
1.0751506680e+03 1.5383325825e-01
1.0755878836e+03 1.5389498660e-01
1.0760133357e+03 1.5395631480e-01
1.0764212238e+03 1.5401599713e-01
1.0768376365e+03 1.5407836056e-01
1.0772871249e+03 1.5414459733e-01
1.0777396389e+03 1.5421116404e-01
1.0781625607e+03 1.5427324183e-01
1.0785495076e+03 1.5433132019e-01
1.0789262026e+03 1.5438698093e-01
1.0793106441e+03 1.5444282221e-01
1.0797076094e+03 1.5449834439e-01
1.0801192293e+03 1.5455557409e-01
1.0805384338e+03 1.5461302575e-01
1.0809531069e+03 1.5467059661e-01
1.0813462892e+03 1.5472494922e-01
1.0817036211e+03 1.5477477669e-01
1.0820429663e+03 1.5482158813e-01
1.0823859905e+03 1.5487008295e-01
1.0827357302e+03 1.5491974618e-01
1.0830623886e+03 1.5496659048e-01
1.0833528388e+03 1.5500677212e-01
1.0836194475e+03 1.5504321215e-01
1.0838744200e+03 1.5507700765e-01
1.0841228812e+03 1.5511053386e-01
1.0843815664e+03 1.5514556909e-01
1.0846649499e+03 1.5518550071e-01
1.0849997362e+03 1.5523270054e-01
1.0854985477e+03 1.5530300495e-01
1.0859773982e+03 1.5536941159e-01
1.0864415176e+03 1.5543346098e-01
1.0868881170e+03 1.5549397145e-01
1.0873250123e+03 1.5555364221e-01
1.0877685335e+03 1.5561390163e-01
1.0882135865e+03 1.5567536151e-01
1.0886390332e+03 1.5573434705e-01
1.0890376693e+03 1.5579137530e-01
1.0894194363e+03 1.5584689219e-01
1.0897947857e+03 1.5590324192e-01
1.0901607909e+03 1.5595842499e-01
1.0905193702e+03 1.5601304909e-01
1.0908695353e+03 1.5606529553e-01
1.0912152723e+03 1.5611685531e-01
1.0915674683e+03 1.5616863022e-01
1.0919298115e+03 1.5622228393e-01
1.0922882169e+03 1.5627434799e-01
1.0926420622e+03 1.5632585772e-01
1.0930104384e+03 1.5637912712e-01
1.0933961469e+03 1.5643607701e-01
1.0937870153e+03 1.5649327611e-01
1.0941758849e+03 1.5654990117e-01
1.0945702547e+03 1.5660527175e-01
1.0949698144e+03 1.5666042495e-01
1.0953550206e+03 1.5671218902e-01
1.0957106058e+03 1.5676073191e-01
1.0960479738e+03 1.5680736457e-01
1.0964052834e+03 1.5685817995e-01
1.0967968959e+03 1.5691330518e-01
1.0972119915e+03 1.5697183551e-01
1.0976281519e+03 1.5702942346e-01
1.0980247392e+03 1.5708442973e-01
1.0984103994e+03 1.5713696070e-01
1.0987797326e+03 1.5718734919e-01
1.0991229407e+03 1.5723335647e-01
1.0994451437e+03 1.5727735585e-01
1.0997743716e+03 1.5732238266e-01
1.1001280630e+03 1.5737163591e-01
1.1004861866e+03 1.5742105642e-01
1.1008294144e+03 1.5746931156e-01
1.1011637744e+03 1.5751614331e-01
1.1015057367e+03 1.5756446254e-01
1.1018546063e+03 1.5761265848e-01
1.1021878621e+03 1.5765904015e-01
1.1024915169e+03 1.5770111822e-01
1.1027682604e+03 1.5774088140e-01
1.1030365832e+03 1.5778008776e-01
1.1033107594e+03 1.5782179651e-01
1.1036053836e+03 1.5786643823e-01
1.1039172120e+03 1.5791402274e-01
1.1042397109e+03 1.5796230524e-01
1.1045549908e+03 1.5801012768e-01
1.1048587968e+03 1.5805576185e-01
1.1051581280e+03 1.5810091464e-01
1.1054793577e+03 1.5814765309e-01
1.1058312441e+03 1.5819828427e-01
1.1062005273e+03 1.5825021550e-01
1.1065612919e+03 1.5830149912e-01
1.1069097877e+03 1.5835075386e-01
1.1072457376e+03 1.5839891468e-01
1.1075695175e+03 1.5844473663e-01
1.1078714793e+03 1.5848791255e-01
1.1081367635e+03 1.5852479996e-01
1.1083661087e+03 1.5855621541e-01
1.1085822836e+03 1.5858454400e-01
1.1088022502e+03 1.5861433983e-01
1.1090369146e+03 1.5864661265e-01
1.1092815121e+03 1.5868134040e-01
1.1095423796e+03 1.5871737649e-01
1.1099077923e+03 1.5876759592e-01
1.1104490698e+03 1.5884106858e-01
1.1109781647e+03 1.5891373393e-01
1.1114791598e+03 1.5898239515e-01
1.1119517282e+03 1.5904771821e-01
1.1124043932e+03 1.5910926933e-01
1.1128413058e+03 1.5916907664e-01
1.1132575425e+03 1.5922601157e-01
1.1136565850e+03 1.5928161286e-01
1.1140553180e+03 1.5933636148e-01
1.1144544357e+03 1.5939125611e-01
1.1148607698e+03 1.5944674583e-01
1.1152963631e+03 1.5950758750e-01
1.1157526049e+03 1.5957133165e-01
1.1162021433e+03 1.5963517584e-01
1.1166268728e+03 1.5969553760e-01
1.1170338572e+03 1.5975441345e-01
1.1174345048e+03 1.5981184301e-01
1.1178338411e+03 1.5986939384e-01
1.1182484530e+03 1.5992823407e-01
1.1186600633e+03 1.5998722805e-01
1.1190552623e+03 1.6004375780e-01
1.1194340732e+03 1.6009915166e-01
1.1198030784e+03 1.6015266186e-01
1.1201679209e+03 1.6020533890e-01
1.1205295645e+03 1.6025553613e-01
1.1208867879e+03 1.6030438081e-01
1.1212296079e+03 1.6034991723e-01
1.1215623069e+03 1.6039424155e-01
1.1219129479e+03 1.6044018072e-01
1.1222773475e+03 1.6048847355e-01
1.1226402858e+03 1.6053649489e-01
1.1229966031e+03 1.6058522514e-01
1.1233588187e+03 1.6063483407e-01
1.1237317080e+03 1.6068617356e-01
1.1241017123e+03 1.6073580373e-01
1.1244544329e+03 1.6078369555e-01
1.1247861658e+03 1.6082903023e-01
1.1251006180e+03 1.6087336687e-01
1.1254219591e+03 1.6091815172e-01
1.1257488459e+03 1.6096374704e-01
1.1260782642e+03 1.6100854222e-01
1.1264700983e+03 1.6106227928e-01
1.1270240284e+03 1.6113798660e-01
1.1275571188e+03 1.6121208259e-01
1.1280689378e+03 1.6128337647e-01
1.1285617066e+03 1.6135320190e-01
1.1290352665e+03 1.6141996778e-01
1.1295080255e+03 1.6148679797e-01
1.1299999400e+03 1.6155496890e-01
1.1305013093e+03 1.6162474310e-01
1.1309959207e+03 1.6169364751e-01
1.1314767778e+03 1.6176258528e-01
1.1319546396e+03 1.6183183865e-01
1.1324353102e+03 1.6190271611e-01
1.1329008395e+03 1.6197077841e-01
1.1333322995e+03 1.6203439261e-01
1.1337204169e+03 1.6209148674e-01
1.1340771786e+03 1.6214511499e-01
1.1344307219e+03 1.6219752045e-01
1.1347966211e+03 1.6225144089e-01
1.1351804010e+03 1.6230674119e-01
1.1355814871e+03 1.6236528318e-01
1.1359966907e+03 1.6242552755e-01
1.1364187261e+03 1.6248693795e-01
1.1368383886e+03 1.6254655909e-01
1.1372567679e+03 1.6260573118e-01
1.1376799167e+03 1.6266376745e-01
1.1381152699e+03 1.6272240287e-01
1.1385595230e+03 1.6278049009e-01
1.1390059234e+03 1.6283977076e-01
1.1394543425e+03 1.6290016416e-01
1.1398941434e+03 1.6296118944e-01
1.1403186211e+03 1.6301976799e-01
1.1407380113e+03 1.6307779061e-01
1.1411646738e+03 1.6313600647e-01
1.1415838846e+03 1.6319438946e-01
1.1419912799e+03 1.6325142767e-01
1.1423889238e+03 1.6330782100e-01
1.1427884548e+03 1.6336301292e-01
1.1431831833e+03 1.6341721285e-01
1.1435779858e+03 1.6347049258e-01
1.1439833345e+03 1.6352604575e-01
1.1443939954e+03 1.6358229103e-01
1.1448030791e+03 1.6363978539e-01
1.1452034003e+03 1.6369638897e-01
1.1455962603e+03 1.6375273438e-01
1.1459979616e+03 1.6380886142e-01
1.1464081998e+03 1.6386590672e-01
1.1468338829e+03 1.6392476038e-01
1.1472675394e+03 1.6398654419e-01
1.1477145717e+03 1.6405053977e-01
1.1481720375e+03 1.6411669005e-01
1.1486385682e+03 1.6418322040e-01
1.1491068027e+03 1.6425060900e-01
1.1495686735e+03 1.6431686701e-01
1.1500181152e+03 1.6438229213e-01
1.1504649328e+03 1.6444668103e-01
1.1509054956e+03 1.6451033820e-01
1.1513311688e+03 1.6457060298e-01
1.1517339252e+03 1.6462761500e-01
1.1523271061e+03 1.6470975995e-01
1.1529507592e+03 1.6479671256e-01
1.1535625394e+03 1.6488154029e-01
1.1541860873e+03 1.6496839571e-01
1.1548252812e+03 1.6505604480e-01
1.1554576166e+03 1.6514233524e-01
1.1560589149e+03 1.6522312051e-01
1.1566299000e+03 1.6530043029e-01
1.1571926414e+03 1.6537646401e-01
1.1577613786e+03 1.6545424893e-01
1.1583358300e+03 1.6553211675e-01
1.1588919432e+03 1.6560783534e-01
1.1594080949e+03 1.6567765073e-01
1.1598943126e+03 1.6574475880e-01
1.1603639483e+03 1.6580966696e-01
1.1608197369e+03 1.6587317589e-01
1.1612710502e+03 1.6593502221e-01
1.1617192218e+03 1.6599700255e-01
1.1621639613e+03 1.6605819164e-01
1.1625881138e+03 1.6611726751e-01
1.1630015873e+03 1.6617419525e-01
1.1634256473e+03 1.6623344393e-01
1.1638719813e+03 1.6629574779e-01
1.1643397937e+03 1.6636207698e-01
1.1648110860e+03 1.6642818195e-01
1.1652648027e+03 1.6649216789e-01
1.1656915210e+03 1.6655197212e-01
1.1660934290e+03 1.6660972951e-01
1.1664891647e+03 1.6666672432e-01
1.1668790414e+03 1.6672355015e-01
1.1672662485e+03 1.6677894534e-01
1.1676447889e+03 1.6683353149e-01
1.1680291768e+03 1.6688870729e-01
1.1684388646e+03 1.6694878053e-01
1.1688878776e+03 1.6701406337e-01
1.1693686931e+03 1.6708402439e-01
1.1698635372e+03 1.6715474635e-01
1.1703370688e+03 1.6722282187e-01
1.1707685560e+03 1.6728410103e-01
1.1711506062e+03 1.6733849484e-01
1.1715198887e+03 1.6738985627e-01
1.1718994202e+03 1.6744287521e-01
1.1722689198e+03 1.6749336109e-01
1.1725916165e+03 1.6753711771e-01
1.1728701956e+03 1.6757352304e-01
1.1731442844e+03 1.6761029022e-01
1.1734473336e+03 1.6765150638e-01
1.1737684433e+03 1.6769653368e-01
1.1740951164e+03 1.6774134928e-01
1.1745508126e+03 1.6780340587e-01
1.1750621184e+03 1.6787175767e-01
1.1755874069e+03 1.6794275545e-01
1.1761087076e+03 1.6801317358e-01
1.1766103407e+03 1.6808210691e-01
1.1770837623e+03 1.6814694099e-01
1.1775422546e+03 1.6821064358e-01
1.1779869087e+03 1.6827200202e-01
1.1784055151e+03 1.6833050480e-01
1.1787963904e+03 1.6838495241e-01
1.1791803477e+03 1.6843976122e-01
1.1795784032e+03 1.6849641314e-01
1.1799894449e+03 1.6855557967e-01
1.1804156423e+03 1.6861597936e-01
1.1808429504e+03 1.6867691938e-01
1.1812556180e+03 1.6873505974e-01
1.1816515920e+03 1.6879170435e-01
1.1820334278e+03 1.6884625849e-01
1.1824056294e+03 1.6890042381e-01
1.1827656108e+03 1.6895202131e-01
1.1831125401e+03 1.6900184688e-01
1.1834599386e+03 1.6905095269e-01
1.1838152062e+03 1.6910233483e-01
1.1841859813e+03 1.6915594786e-01
1.1845501752e+03 1.6920941308e-01
1.1849053202e+03 1.6926034551e-01
1.1852692072e+03 1.6931245317e-01
1.1856547810e+03 1.6936686604e-01
1.1860314287e+03 1.6942108950e-01
1.1863755874e+03 1.6947045235e-01
1.1867131962e+03 1.6951923281e-01
1.1870589005e+03 1.6956748196e-01
1.1873924341e+03 1.6961323352e-01
1.1876936434e+03 1.6965284121e-01
1.1879802297e+03 1.6969115155e-01
1.1882774241e+03 1.6973099536e-01
1.1885752000e+03 1.6977184685e-01
1.1888750639e+03 1.6981228303e-01
1.1891696581e+03 1.6985280539e-01
1.1894599965e+03 1.6989239758e-01
1.1897374268e+03 1.6993069885e-01
1.1900081487e+03 1.6996708827e-01
1.1902685288e+03 1.7000275876e-01
1.1905058310e+03 1.7003478682e-01
1.1907180682e+03 1.7006375939e-01
1.1909268692e+03 1.7009128525e-01
1.1911469264e+03 1.7012129189e-01
1.1913804170e+03 1.7015332114e-01
1.1916121335e+03 1.7018656839e-01
1.1918484112e+03 1.7022059670e-01
1.1921009473e+03 1.7025843355e-01
1.1923858858e+03 1.7030078186e-01
1.1926917310e+03 1.7034665223e-01
1.1930172018e+03 1.7039412345e-01
1.1933631935e+03 1.7044459065e-01
1.1937379288e+03 1.7049792436e-01
1.1941318351e+03 1.7055414950e-01
1.1945333545e+03 1.7061070707e-01
1.1949240764e+03 1.7066678409e-01
1.1952897337e+03 1.7071914171e-01
1.1956227418e+03 1.7076783135e-01
1.1959407163e+03 1.7081381420e-01
1.1962484688e+03 1.7085879280e-01
1.1966278270e+03 1.7091238486e-01
1.1971313274e+03 1.7098298020e-01
1.1976506025e+03 1.7105488019e-01
1.1981865759e+03 1.7112998287e-01
1.1987329567e+03 1.7120634285e-01
1.1992775585e+03 1.7128350975e-01
1.1998175119e+03 1.7135923247e-01
1.2003591936e+03 1.7143508360e-01
1.2009147743e+03 1.7151133623e-01
1.2014867395e+03 1.7159014765e-01
1.2020809113e+03 1.7167137214e-01
1.2026927586e+03 1.7175534992e-01
1.2032991121e+03 1.7183728556e-01
1.2038741610e+03 1.7191535566e-01
1.2044129200e+03 1.7198827424e-01
1.2049254323e+03 1.7205890076e-01
1.2054268250e+03 1.7212768820e-01
1.2059286957e+03 1.7219736647e-01
1.2064368065e+03 1.7226735264e-01
1.2069351850e+03 1.7233650418e-01
1.2074114543e+03 1.7240160034e-01
1.2078522554e+03 1.7246209282e-01
1.2082668768e+03 1.7251821591e-01
1.2086752827e+03 1.7257448257e-01
1.2090855450e+03 1.7263095344e-01
1.2094735174e+03 1.7268555207e-01
1.2098202921e+03 1.7273408347e-01
1.2101422118e+03 1.7278033641e-01
1.2104757633e+03 1.7282852299e-01
1.2108300359e+03 1.7288111148e-01
1.2111978474e+03 1.7293495501e-01
1.2115685683e+03 1.7298909900e-01
1.2119511224e+03 1.7304341753e-01
1.2123392851e+03 1.7309862423e-01
1.2127147884e+03 1.7315109377e-01
1.2130540151e+03 1.7319944298e-01
1.2133724207e+03 1.7324496908e-01
1.2136933563e+03 1.7329202238e-01
1.2140342269e+03 1.7334098558e-01
1.2143796170e+03 1.7339085765e-01
1.2147251156e+03 1.7344007675e-01
1.2150653850e+03 1.7348940868e-01
1.2153973541e+03 1.7353675030e-01
1.2157176641e+03 1.7358266979e-01
1.2160427555e+03 1.7362828790e-01
1.2163809850e+03 1.7367640499e-01
1.2167291113e+03 1.7372527455e-01
1.2170709742e+03 1.7377374124e-01
1.2174088452e+03 1.7382052911e-01
1.2177444615e+03 1.7386719349e-01
1.2180825441e+03 1.7391310871e-01
1.2184182709e+03 1.7395910416e-01
1.2187652117e+03 1.7400605600e-01
1.2191257423e+03 1.7405591641e-01
1.2194952184e+03 1.7410666494e-01
1.2198591266e+03 1.7415752078e-01
1.2202197222e+03 1.7420749660e-01
1.2205655626e+03 1.7425634341e-01
1.2208983384e+03 1.7430276109e-01
1.2213307109e+03 1.7436326976e-01
1.2218233357e+03 1.7443104496e-01
1.2223071131e+03 1.7449814914e-01
1.2227810723e+03 1.7456327576e-01
1.2232327108e+03 1.7462594574e-01
1.2236455420e+03 1.7468232828e-01
1.2240170114e+03 1.7473353855e-01
1.2243620009e+03 1.7478080676e-01
1.2246850500e+03 1.7482665524e-01
1.2249936559e+03 1.7487115349e-01
1.2252984034e+03 1.7491714002e-01
1.2256242219e+03 1.7496604365e-01
1.2259834609e+03 1.7501965259e-01
1.2263615992e+03 1.7507366799e-01
1.2267444179e+03 1.7512789204e-01
1.2271367741e+03 1.7518278805e-01
1.2275411921e+03 1.7524055532e-01
1.2279503861e+03 1.7529838910e-01
1.2283492363e+03 1.7535513090e-01
1.2287393643e+03 1.7540987265e-01
1.2291154256e+03 1.7546371837e-01
1.2294795272e+03 1.7551570444e-01
1.2298441952e+03 1.7556849556e-01
1.2302142848e+03 1.7562101545e-01
1.2305887743e+03 1.7567451340e-01
1.2309688164e+03 1.7572794171e-01
1.2313652426e+03 1.7578399512e-01
1.2317930672e+03 1.7584309193e-01
1.2322412809e+03 1.7590505797e-01
1.2326986585e+03 1.7596710532e-01
1.2331525402e+03 1.7602913284e-01
1.2336088618e+03 1.7609098309e-01
1.2340648387e+03 1.7615399643e-01
1.2345077171e+03 1.7621505615e-01
1.2349271008e+03 1.7627375784e-01
1.2353372623e+03 1.7633030022e-01
1.2357434990e+03 1.7638667036e-01
1.2361463005e+03 1.7644191136e-01
1.2365231911e+03 1.7649454926e-01
1.2368818146e+03 1.7654391430e-01
1.2372398216e+03 1.7659330820e-01
1.2376061801e+03 1.7664250987e-01
1.2379634984e+03 1.7669091305e-01
1.2383058969e+03 1.7673681108e-01
1.2386539524e+03 1.7678467725e-01
1.2390216188e+03 1.7683494727e-01
1.2393946702e+03 1.7688693582e-01
1.2397746575e+03 1.7693984311e-01
1.2401656688e+03 1.7699626052e-01
1.2405759759e+03 1.7705605256e-01
1.2409820848e+03 1.7711664683e-01
1.2413710876e+03 1.7717401824e-01
1.2417395624e+03 1.7722851451e-01
1.2421074357e+03 1.7728101371e-01
1.2424888762e+03 1.7733456518e-01
1.2428939579e+03 1.7738952559e-01
1.2433048767e+03 1.7744579155e-01
1.2437177687e+03 1.7750233090e-01
1.2441288131e+03 1.7756030271e-01
1.2445462146e+03 1.7761905130e-01
1.2449545707e+03 1.7767730455e-01
1.2453497514e+03 1.7773292017e-01
1.2457355735e+03 1.7778800130e-01
1.2461260474e+03 1.7784305390e-01
1.2465168988e+03 1.7789865223e-01
1.2469630642e+03 1.7796084371e-01
1.2474325935e+03 1.7802667937e-01
1.2479051379e+03 1.7809170950e-01
1.2483836632e+03 1.7815748493e-01
1.2488687349e+03 1.7822320994e-01
1.2493540414e+03 1.7829024779e-01
1.2498394641e+03 1.7835722276e-01
1.2503201581e+03 1.7842419274e-01
1.2507917599e+03 1.7848874659e-01
1.2512555296e+03 1.7855272594e-01
1.2517142808e+03 1.7861525649e-01
1.2521660886e+03 1.7867725975e-01
1.2526152564e+03 1.7873793263e-01
1.2530636143e+03 1.7879923924e-01
1.2535127542e+03 1.7886011252e-01
1.2539564220e+03 1.7892096309e-01
1.2544017154e+03 1.7898137754e-01
1.2548553943e+03 1.7904384405e-01
1.2553180207e+03 1.7910705608e-01
1.2557628032e+03 1.7916873933e-01
1.2561723443e+03 1.7922524483e-01
1.2565448845e+03 1.7927805665e-01
1.2568936885e+03 1.7932790979e-01
1.2572190408e+03 1.7937646193e-01
1.2575350281e+03 1.7942392077e-01
1.2578616771e+03 1.7947380040e-01
1.2582146722e+03 1.7952626098e-01
1.2585847067e+03 1.7958094014e-01
1.2589665498e+03 1.7963518746e-01
1.2593593949e+03 1.7968996506e-01
1.2597800324e+03 1.7974645168e-01
1.2602151987e+03 1.7980511122e-01
1.2606442256e+03 1.7986252177e-01
1.2610502984e+03 1.7991834000e-01
1.2614434350e+03 1.7997274528e-01
1.2618267332e+03 1.8002751443e-01
1.2621943876e+03 1.8007974058e-01
1.2625457719e+03 1.8012989954e-01
1.2629057870e+03 1.8017988197e-01
1.2632844207e+03 1.8023312912e-01
1.2636814551e+03 1.8028872775e-01
1.2640656398e+03 1.8034358445e-01
1.2644377243e+03 1.8039571327e-01
1.2648043003e+03 1.8044726696e-01
1.2651731403e+03 1.8049829405e-01
1.2655352352e+03 1.8054951904e-01
1.2658901304e+03 1.8059930376e-01
1.2662427226e+03 1.8064927859e-01
1.2666160565e+03 1.8070106935e-01
1.2669943926e+03 1.8075397900e-01
1.2673486849e+03 1.8080224368e-01
1.2676515318e+03 1.8084314424e-01
1.2679264635e+03 1.8087870807e-01
1.2681941708e+03 1.8091405577e-01
1.2684579988e+03 1.8094896448e-01
1.2687111297e+03 1.8098417678e-01
1.2689689700e+03 1.8101981637e-01
1.2692364934e+03 1.8105731161e-01
1.2695953158e+03 1.8110649000e-01
1.2700295347e+03 1.8116747085e-01
1.2704458516e+03 1.8122667564e-01
1.2708461805e+03 1.8128556713e-01
1.2712360889e+03 1.8134298992e-01
1.2716213470e+03 1.8140101662e-01
1.2720159768e+03 1.8145985440e-01
1.2724157426e+03 1.8151985350e-01
1.2728242877e+03 1.8157947611e-01
1.2732459477e+03 1.8164058006e-01
1.2736799771e+03 1.8170167350e-01
1.2741322981e+03 1.8176482823e-01
1.2746103253e+03 1.8182922671e-01
1.2751117865e+03 1.8189605801e-01
1.2756232504e+03 1.8196301919e-01
1.2761268143e+03 1.8203058021e-01
1.2766255135e+03 1.8209851870e-01
1.2771222448e+03 1.8216819873e-01
1.2776162299e+03 1.8223686601e-01
1.2780880230e+03 1.8230281732e-01
1.2785187829e+03 1.8236251134e-01
1.2789006203e+03 1.8241687049e-01
1.2792589881e+03 1.8246779526e-01
1.2796152550e+03 1.8251921454e-01
1.2799890598e+03 1.8257211550e-01
1.2803857808e+03 1.8262880543e-01
1.2808026737e+03 1.8268736112e-01
1.2812288822e+03 1.8274755830e-01
1.2816678853e+03 1.8280836354e-01
1.2821238629e+03 1.8287190938e-01
1.2825973406e+03 1.8293679375e-01
1.2830698868e+03 1.8300166106e-01
1.2835390160e+03 1.8306450506e-01
1.2840033811e+03 1.8312661142e-01
1.2844597262e+03 1.8318621411e-01
1.2848940760e+03 1.8324340368e-01
1.2853201882e+03 1.8329919399e-01
1.2857472222e+03 1.8335657114e-01
1.2861748883e+03 1.8341376577e-01
1.2865962323e+03 1.8347109743e-01
1.2870342113e+03 1.8353050534e-01
1.2874987622e+03 1.8359538306e-01
1.2879937151e+03 1.8366516556e-01
1.2884929973e+03 1.8373770903e-01
1.2889754809e+03 1.8380820982e-01
1.2894191395e+03 1.8387456368e-01
1.2898313361e+03 1.8393543106e-01
1.2902108398e+03 1.8399131938e-01
1.2905666740e+03 1.8404198217e-01
1.2908993996e+03 1.8408975826e-01
1.2912291276e+03 1.8413627237e-01
1.2915593335e+03 1.8418286031e-01
1.2918869468e+03 1.8422686738e-01
1.2922015878e+03 1.8426850218e-01
1.2925168309e+03 1.8430903467e-01
1.2928382563e+03 1.8435176631e-01
1.2931851237e+03 1.8439840911e-01
1.2935532111e+03 1.8444975350e-01
1.2939449752e+03 1.8450417040e-01
1.2943418480e+03 1.8456041077e-01
1.2947379029e+03 1.8461618168e-01
1.2951239664e+03 1.8467168782e-01
1.2955116674e+03 1.8472694845e-01
1.2958925436e+03 1.8478236581e-01
1.2962656702e+03 1.8483621883e-01
1.2966321877e+03 1.8488980611e-01
1.2970151222e+03 1.8494428429e-01
1.2974798245e+03 1.8500962841e-01
1.2980014113e+03 1.8508099378e-01
1.2985419172e+03 1.8515522947e-01
1.2990915110e+03 1.8522995259e-01
1.2996401096e+03 1.8530511848e-01
1.3001794775e+03 1.8537749099e-01
1.3007001974e+03 1.8544708536e-01
1.3011980281e+03 1.8551214494e-01
1.3016615443e+03 1.8557327268e-01
1.3020911543e+03 1.8562952117e-01
1.3024835256e+03 1.8568205366e-01
1.3028571517e+03 1.8573174507e-01
1.3032270754e+03 1.8578208086e-01
1.3036095739e+03 1.8583404829e-01
1.3039979672e+03 1.8588875882e-01
1.3043958364e+03 1.8594548576e-01
1.3048235295e+03 1.8600841940e-01
1.3052921535e+03 1.8607697908e-01
1.3057720075e+03 1.8614782011e-01
1.3062408122e+03 1.8621579766e-01
1.3066782018e+03 1.8627962451e-01
1.3070861065e+03 1.8633822859e-01
1.3074669109e+03 1.8639334027e-01
1.3078488059e+03 1.8644685740e-01
1.3082426233e+03 1.8650149888e-01
1.3086345133e+03 1.8655394900e-01
1.3090013135e+03 1.8660302399e-01
1.3093664562e+03 1.8665104523e-01
1.3097527007e+03 1.8670336486e-01
1.3101760031e+03 1.8676109716e-01
1.3106195986e+03 1.8682329791e-01
1.3110720869e+03 1.8688635665e-01
1.3115102695e+03 1.8694842953e-01
1.3119329207e+03 1.8700800415e-01
1.3123398777e+03 1.8706688200e-01
1.3127301239e+03 1.8712328533e-01
1.3130879036e+03 1.8717611710e-01
1.3134335658e+03 1.8722603479e-01
1.3137929591e+03 1.8727774739e-01
1.3141910787e+03 1.8733303242e-01
1.3146081118e+03 1.8739095202e-01
1.3150201402e+03 1.8744722752e-01
1.3154101392e+03 1.8750139721e-01
1.3157959571e+03 1.8755398120e-01
1.3161760081e+03 1.8760554536e-01
1.3165542819e+03 1.8765496174e-01
1.3169260734e+03 1.8770393980e-01
1.3172997687e+03 1.8775282813e-01
1.3176570663e+03 1.8780069223e-01
1.3179963424e+03 1.8784542068e-01
1.3183174433e+03 1.8788849398e-01
1.3186735115e+03 1.8793582841e-01
1.3191762679e+03 1.8800451192e-01
1.3196717696e+03 1.8807242290e-01
1.3201613195e+03 1.8814151061e-01
1.3206437161e+03 1.8821006361e-01
1.3211185308e+03 1.8827920816e-01
1.3215921898e+03 1.8834753301e-01
1.3220561616e+03 1.8841485569e-01
1.3225062869e+03 1.8847895997e-01
1.3229362966e+03 1.8854077021e-01
1.3233526054e+03 1.8859968379e-01
1.3237604063e+03 1.8865776857e-01
1.3241740413e+03 1.8871512412e-01
1.3245961428e+03 1.8877353336e-01
1.3250290769e+03 1.8883215467e-01
1.3254721342e+03 1.8889320398e-01
1.3259256430e+03 1.8895567068e-01
1.3263751740e+03 1.8901924187e-01
1.3268131611e+03 1.8908119415e-01
1.3272330259e+03 1.8914200863e-01
1.3276425866e+03 1.8920075437e-01
1.3280387258e+03 1.8925813715e-01
1.3284290944e+03 1.8931366243e-01
1.3288012430e+03 1.8936759161e-01
1.3291508365e+03 1.8941788447e-01
1.3294855077e+03 1.8946665116e-01
1.3298421591e+03 1.8951670430e-01
1.3302458090e+03 1.8957294037e-01
1.3306963363e+03 1.8963407619e-01
1.3311667591e+03 1.8969847391e-01
1.3316496880e+03 1.8976391954e-01
1.3321437293e+03 1.8983172979e-01
1.3326531975e+03 1.8990028605e-01
1.3331497610e+03 1.8996673491e-01
1.3336310778e+03 1.9002972670e-01
1.3341088546e+03 1.9009370544e-01
1.3345951644e+03 1.9015912625e-01
1.3350590188e+03 1.9022249105e-01
1.3354857024e+03 1.9027931626e-01
1.3358904084e+03 1.9033364521e-01
1.3363008032e+03 1.9038857449e-01
1.3367046844e+03 1.9044440443e-01
1.3371046938e+03 1.9049980095e-01
1.3375117882e+03 1.9055788517e-01
1.3379552754e+03 1.9062126288e-01
1.3384205770e+03 1.9068926688e-01
1.3388951055e+03 1.9075777377e-01
1.3393611042e+03 1.9082507008e-01
1.3398105294e+03 1.9088800580e-01
1.3402186521e+03 1.9094526210e-01
1.3405929760e+03 1.9099707549e-01
1.3409483693e+03 1.9104735509e-01
1.3413137782e+03 1.9109810521e-01
1.3416816717e+03 1.9114966559e-01
1.3420558340e+03 1.9120138942e-01
1.3424341783e+03 1.9125528534e-01
1.3428359138e+03 1.9131266350e-01
1.3432577527e+03 1.9137446938e-01
1.3436986552e+03 1.9143835060e-01
1.3441348753e+03 1.9150237988e-01
1.3445636814e+03 1.9156462589e-01
1.3449717238e+03 1.9162461207e-01
1.3453619149e+03 1.9168046427e-01
1.3457218893e+03 1.9173205002e-01
1.3460733579e+03 1.9178159856e-01
1.3464226442e+03 1.9183198514e-01
1.3467776571e+03 1.9188190249e-01
1.3471178042e+03 1.9192925055e-01
1.3474369908e+03 1.9197153020e-01
1.3477271576e+03 1.9201006603e-01
1.3480165362e+03 1.9204778392e-01
1.3483211123e+03 1.9208864821e-01
1.3486518621e+03 1.9213226246e-01
1.3490483831e+03 1.9218540896e-01
1.3496001867e+03 1.9225903785e-01
1.3501092709e+03 1.9232849959e-01
1.3505697876e+03 1.9239115293e-01
1.3509898047e+03 1.9244897847e-01
1.3513858716e+03 1.9250233472e-01
1.3517600297e+03 1.9255366095e-01
1.3521306542e+03 1.9260419823e-01
1.3525121442e+03 1.9265746582e-01
1.3529132257e+03 1.9271309055e-01
1.3533207390e+03 1.9277135255e-01
1.3537349262e+03 1.9283078262e-01
1.3541539463e+03 1.9289201465e-01
1.3545792091e+03 1.9295268365e-01
1.3549979775e+03 1.9301241603e-01
1.3554049801e+03 1.9306921336e-01
1.3557878773e+03 1.9312351404e-01
1.3561585860e+03 1.9317555141e-01
1.3565271512e+03 1.9322818191e-01
1.3569116170e+03 1.9328170648e-01
1.3572999568e+03 1.9333600457e-01
1.3576756705e+03 1.9338789768e-01
1.3580229263e+03 1.9343781140e-01
1.3583578292e+03 1.9348648377e-01
1.3586976345e+03 1.9353749510e-01
1.3590568078e+03 1.9359076523e-01
1.3594156755e+03 1.9364469116e-01
1.3597698816e+03 1.9369640501e-01
1.3601073575e+03 1.9374586267e-01
1.3604432048e+03 1.9379402886e-01
1.3607769610e+03 1.9384282431e-01
1.3611189970e+03 1.9389168529e-01
1.3614716673e+03 1.9394214890e-01
1.3618336402e+03 1.9399203209e-01
1.3621884254e+03 1.9404047883e-01
1.3625403543e+03 1.9408652962e-01
1.3628936417e+03 1.9413299245e-01
1.3632717867e+03 1.9418206153e-01
1.3636732680e+03 1.9423550387e-01
1.3641007472e+03 1.9429205645e-01
1.3645297681e+03 1.9435000265e-01
1.3649407190e+03 1.9440495081e-01
1.3653236608e+03 1.9445744859e-01
1.3656891495e+03 1.9450743727e-01
1.3660260376e+03 1.9455474117e-01
1.3663472050e+03 1.9459885881e-01
1.3666605072e+03 1.9464238080e-01
1.3670000482e+03 1.9468875418e-01
1.3673435467e+03 1.9473703920e-01
1.3676806594e+03 1.9478423815e-01
1.3680112522e+03 1.9483188432e-01
1.3683644068e+03 1.9488208524e-01
1.3687468954e+03 1.9493734283e-01
1.3691472676e+03 1.9499417684e-01
1.3695298599e+03 1.9504910756e-01
1.3698829971e+03 1.9509865841e-01
1.3701999743e+03 1.9514383427e-01
1.3705117671e+03 1.9518752620e-01
1.3708122984e+03 1.9523037071e-01
1.3711060508e+03 1.9527080503e-01
1.3713830341e+03 1.9530928950e-01
1.3716710308e+03 1.9534893627e-01
1.3719750430e+03 1.9539293355e-01
1.3723013828e+03 1.9544041115e-01
1.3726432081e+03 1.9549175932e-01
1.3730135111e+03 1.9554678703e-01
1.3734028622e+03 1.9560553290e-01
1.3738100738e+03 1.9566544135e-01
1.3742087538e+03 1.9572408404e-01
1.3745935477e+03 1.9577893601e-01
1.3749360190e+03 1.9582786844e-01
1.3752557284e+03 1.9587199816e-01
1.3755596841e+03 1.9591426037e-01
1.3758647492e+03 1.9595549337e-01
1.3761634360e+03 1.9599632500e-01
1.3764718393e+03 1.9603705756e-01
1.3767955522e+03 1.9608016359e-01
1.3771444665e+03 1.9612541246e-01
1.3774867659e+03 1.9617041035e-01
1.3778180074e+03 1.9621320783e-01
1.3782739814e+03 1.9627422946e-01
1.3788114020e+03 1.9634610800e-01
1.3793301353e+03 1.9641703588e-01
1.3798261958e+03 1.9648474357e-01
1.3802921294e+03 1.9654981301e-01
1.3807416943e+03 1.9661209833e-01
1.3811811025e+03 1.9667373672e-01
1.3816223937e+03 1.9673436058e-01
1.3820658791e+03 1.9679591620e-01
1.3825203416e+03 1.9685836068e-01
1.3829879342e+03 1.9692378170e-01
1.3834793195e+03 1.9699145059e-01
1.3839718802e+03 1.9705965291e-01
1.3844503221e+03 1.9712499830e-01
1.3849038781e+03 1.9718865041e-01
1.3853542785e+03 1.9725231750e-01
1.3858044374e+03 1.9731753501e-01
1.3862469100e+03 1.9738019724e-01
1.3866598702e+03 1.9743815353e-01
1.3870537634e+03 1.9749146631e-01
1.3874415308e+03 1.9754491556e-01
1.3878480329e+03 1.9760129909e-01
1.3882573034e+03 1.9766040760e-01
1.3886584349e+03 1.9771871693e-01
1.3890368581e+03 1.9777580271e-01
1.3894056027e+03 1.9783162452e-01
1.3897514737e+03 1.9788543889e-01
1.3900735704e+03 1.9793422179e-01
1.3903783591e+03 1.9797976150e-01
1.3906925039e+03 1.9802384385e-01
1.3910117575e+03 1.9806813661e-01
1.3913385423e+03 1.9811195346e-01
1.3916630373e+03 1.9815627954e-01
1.3920013325e+03 1.9820174201e-01
1.3923558404e+03 1.9825044545e-01
1.3927586886e+03 1.9830513834e-01
1.3932139815e+03 1.9836787196e-01
1.3937122716e+03 1.9843484483e-01
1.3942033377e+03 1.9850040868e-01
1.3946675932e+03 1.9856068366e-01
1.3951039511e+03 1.9861858127e-01
1.3955410671e+03 1.9867715491e-01
1.3959823450e+03 1.9873847032e-01
1.3964265517e+03 1.9879977704e-01
1.3968452340e+03 1.9885842653e-01
1.3972488856e+03 1.9891417601e-01
1.3976451226e+03 1.9897007818e-01
1.3980560762e+03 1.9902720137e-01
1.3984622073e+03 1.9908422941e-01
1.3988720983e+03 1.9914039560e-01
1.3992698147e+03 1.9919521614e-01
1.3996591161e+03 1.9924735121e-01
1.4000308581e+03 1.9929769798e-01
1.4004059379e+03 1.9934840734e-01
1.4007790998e+03 1.9940141504e-01
1.4011457497e+03 1.9945414339e-01
1.4014848149e+03 1.9950456688e-01
1.4018157590e+03 1.9955251859e-01
1.4021440003e+03 1.9959994017e-01
1.4024842451e+03 1.9964733773e-01
1.4028164479e+03 1.9969474633e-01
1.4031626790e+03 1.9974429516e-01
1.4035245241e+03 1.9979793235e-01
1.4039129482e+03 1.9985482022e-01
1.4043034553e+03 1.9991328444e-01
1.4046968829e+03 1.9997174108e-01
1.4050864698e+03 2.0003045502e-01
1.4054874979e+03 2.0008862238e-01
1.4058846295e+03 2.0014568523e-01
1.4062861557e+03 2.0020184559e-01
1.4066683038e+03 2.0025634115e-01
1.4070319078e+03 2.0030721709e-01
1.4073623050e+03 2.0035366597e-01
1.4076857145e+03 2.0039754266e-01
1.4080086539e+03 2.0044203298e-01
1.4083513664e+03 2.0048829188e-01
1.4087047759e+03 2.0053664691e-01
1.4091643069e+03 2.0059787645e-01
1.4097444897e+03 2.0067563611e-01
1.4103427528e+03 2.0075432563e-01
1.4109307725e+03 2.0083222049e-01
1.4114857576e+03 2.0090520608e-01
1.4119832013e+03 2.0097261702e-01
1.4124331082e+03 2.0103426717e-01
1.4128504035e+03 2.0109330775e-01
1.4132629232e+03 2.0115088556e-01
1.4136763678e+03 2.0120925942e-01
1.4141031971e+03 2.0126824449e-01
1.4145324025e+03 2.0132785518e-01
1.4149726917e+03 2.0138719896e-01
1.4154162357e+03 2.0144724803e-01
1.4158701425e+03 2.0150770335e-01
1.4163186765e+03 2.0156874339e-01
1.4167593967e+03 2.0162861540e-01
1.4171791529e+03 2.0168773645e-01
1.4175862524e+03 2.0174562478e-01
1.4179702920e+03 2.0180209940e-01
1.4183445359e+03 2.0185589468e-01
1.4187074742e+03 2.0190787501e-01
1.4190807278e+03 2.0195967385e-01
1.4194699392e+03 2.0201495766e-01
1.4198845136e+03 2.0207368033e-01
1.4203020457e+03 2.0213448826e-01
1.4207217140e+03 2.0219526380e-01
1.4211263402e+03 2.0225517728e-01
1.4215204611e+03 2.0231253139e-01
1.4218875898e+03 2.0236665610e-01
1.4222538154e+03 2.0241963029e-01
1.4226322020e+03 2.0247537209e-01
1.4230303571e+03 2.0253252070e-01
1.4234191199e+03 2.0258812817e-01
1.4237955871e+03 2.0263991447e-01
1.4241609521e+03 2.0269051553e-01
1.4245478737e+03 2.0274301982e-01
1.4249567293e+03 2.0279926188e-01
1.4253846473e+03 2.0285680320e-01
1.4257949030e+03 2.0291234328e-01
1.4261937172e+03 2.0296476599e-01
1.4265796499e+03 2.0301559751e-01
1.4269653412e+03 2.0306495683e-01
1.4273445847e+03 2.0311465740e-01
1.4277424878e+03 2.0316696525e-01
1.4281460938e+03 2.0322204590e-01
1.4285481859e+03 2.0327680079e-01
1.4289271058e+03 2.0333013756e-01
1.4292990153e+03 2.0338238970e-01
1.4296503889e+03 2.0343290857e-01
1.4299943483e+03 2.0348067410e-01
1.4303197142e+03 2.0352557504e-01
1.4306468894e+03 2.0356888032e-01
1.4309698063e+03 2.0361223907e-01
1.4313086331e+03 2.0365696249e-01
1.4316518248e+03 2.0370374192e-01
1.4320146066e+03 2.0375338434e-01
1.4323934581e+03 2.0380771847e-01
1.4327933632e+03 2.0386506684e-01
1.4331795543e+03 2.0392145431e-01
1.4335559667e+03 2.0397486918e-01
1.4339138737e+03 2.0402613387e-01
1.4342737184e+03 2.0407661257e-01
1.4346179606e+03 2.0412600010e-01
1.4349601666e+03 2.0417436074e-01
1.4352880277e+03 2.0422196427e-01
1.4356165545e+03 2.0426895097e-01
1.4359414882e+03 2.0431658515e-01
1.4362973200e+03 2.0436782381e-01
1.4366774188e+03 2.0442374749e-01
1.4370803480e+03 2.0448211107e-01
1.4374640258e+03 2.0453862526e-01
1.4378241046e+03 2.0459020987e-01
1.4381507008e+03 2.0463689233e-01
1.4384747933e+03 2.0468099337e-01
1.4388073196e+03 2.0472652735e-01
1.4392159958e+03 2.0478141380e-01
1.4396167941e+03 2.0483625972e-01
1.4400403622e+03 2.0489290117e-01
1.4404902885e+03 2.0495335375e-01
1.4409836964e+03 2.0501804919e-01
1.4415093718e+03 2.0508739637e-01
1.4420511996e+03 2.0515757941e-01
1.4425711149e+03 2.0522600741e-01
1.4430712255e+03 2.0529198653e-01
1.4435461732e+03 2.0535719781e-01
1.4440118148e+03 2.0542160271e-01
1.4444680600e+03 2.0548626369e-01
1.4449296363e+03 2.0555053985e-01
1.4453841828e+03 2.0561458577e-01
1.4458456490e+03 2.0567864200e-01
1.4463062707e+03 2.0574330911e-01
1.4467704834e+03 2.0580657112e-01
1.4472160986e+03 2.0586704718e-01
1.4476508530e+03 2.0592465464e-01
1.4480657387e+03 2.0598108423e-01
1.4484744510e+03 2.0603677726e-01
1.4488785090e+03 2.0609375706e-01
1.4493098876e+03 2.0615413937e-01
1.4497557545e+03 2.0621775320e-01
1.4502109428e+03 2.0628155157e-01
1.4506502791e+03 2.0634376552e-01
1.4510861863e+03 2.0640422775e-01
1.4514963955e+03 2.0646214395e-01
1.4518806605e+03 2.0651591485e-01
1.4522338280e+03 2.0656672856e-01
1.4525889886e+03 2.0661681603e-01
1.4529475786e+03 2.0666813524e-01
1.4533210698e+03 2.0672076803e-01
1.4536912149e+03 2.0677470087e-01
1.4540724903e+03 2.0682978275e-01
1.4544533916e+03 2.0688557340e-01
1.4548425370e+03 2.0694070352e-01
1.4552093960e+03 2.0699284845e-01
1.4555591718e+03 2.0704086766e-01
1.4558938882e+03 2.0708696792e-01
1.4562590418e+03 2.0713563918e-01
1.4566547575e+03 2.0718930622e-01
1.4570758971e+03 2.0724552094e-01
1.4574885127e+03 2.0730130609e-01
1.4579073773e+03 2.0735625104e-01
1.4583281382e+03 2.0741168759e-01
1.4587704214e+03 2.0746906139e-01
1.4592150915e+03 2.0752874836e-01
1.4596716182e+03 2.0759049599e-01
1.4601160831e+03 2.0765235695e-01
1.4605512631e+03 2.0771191425e-01
1.4609568926e+03 2.0776830075e-01
1.4613622012e+03 2.0782422852e-01
1.4617699884e+03 2.0788259973e-01
1.4621967626e+03 2.0794325769e-01
1.4626046536e+03 2.0800171385e-01
1.4629910011e+03 2.0805454061e-01
1.4633480034e+03 2.0810274323e-01
1.4637244750e+03 2.0815222639e-01
1.4641195323e+03 2.0820591175e-01
1.4645464977e+03 2.0826386766e-01
1.4649824458e+03 2.0832454069e-01
1.4654942869e+03 2.0839459352e-01
1.4660322334e+03 2.0846907767e-01
1.4665585234e+03 2.0854092146e-01
1.4670567419e+03 2.0861002905e-01
1.4675391498e+03 2.0867638430e-01
1.4680011073e+03 2.0874161978e-01
1.4684749114e+03 2.0880821745e-01
1.4689615400e+03 2.0887789950e-01
1.4694662542e+03 2.0894873261e-01
1.4699686614e+03 2.0901951537e-01
1.4704868803e+03 2.0909126482e-01
1.4710159209e+03 2.0916613560e-01
1.4715506722e+03 2.0924166391e-01
1.4720629271e+03 2.0931513898e-01
1.4725654484e+03 2.0938525515e-01
1.4730567228e+03 2.0945345634e-01
1.4735468635e+03 2.0951959516e-01
1.4740152211e+03 2.0958336788e-01
1.4744932636e+03 2.0964717118e-01
1.4749882079e+03 2.0971388632e-01
1.4755141939e+03 2.0978345756e-01
1.4760364045e+03 2.0985327816e-01
1.4765592174e+03 2.0992217408e-01
1.4770824545e+03 2.0999238926e-01
1.4776190510e+03 2.1006400384e-01
1.4781419798e+03 2.1013568073e-01
1.4786448984e+03 2.1020459007e-01
1.4791049271e+03 2.1026914927e-01
1.4795556617e+03 2.1033139423e-01
1.4800024103e+03 2.1039397596e-01
1.4804775199e+03 2.1045968231e-01
1.4809544434e+03 2.1052709081e-01
1.4814323031e+03 2.1059382196e-01
1.4818866577e+03 2.1065808429e-01
1.4823282162e+03 2.1071894010e-01
1.4827518390e+03 2.1077751940e-01
1.4831829107e+03 2.1083525260e-01
1.4836196667e+03 2.1089418297e-01
1.4840776209e+03 2.1095488005e-01
1.4845258266e+03 2.1101557983e-01
1.4849779831e+03 2.1107621361e-01
1.4854242242e+03 2.1113723189e-01
1.4858975372e+03 2.1120112743e-01
1.4863734705e+03 2.1126712221e-01
1.4868372970e+03 2.1133173184e-01
1.4872545392e+03 2.1139219282e-01
1.4876516298e+03 2.1144938757e-01
1.4880314240e+03 2.1150509164e-01
1.4884176419e+03 2.1156022751e-01
1.4887935831e+03 2.1161450653e-01
1.4891835412e+03 2.1166939391e-01
1.4895719519e+03 2.1172516707e-01
1.4899756496e+03 2.1178228433e-01
1.4903679051e+03 2.1183889436e-01
1.4907619731e+03 2.1189432109e-01
1.4911397267e+03 2.1194781164e-01
1.4915260308e+03 2.1200045343e-01
1.4919092048e+03 2.1205264639e-01
1.4923102590e+03 2.1210561624e-01
1.4927163353e+03 2.1216027714e-01
1.4931522364e+03 2.1221799534e-01
1.4935964449e+03 2.1227739861e-01
1.4941782093e+03 2.1235389956e-01
1.4947388205e+03 2.1242935677e-01
1.4952859338e+03 2.1250372403e-01
1.4958237824e+03 2.1257929075e-01
1.4963738148e+03 2.1265602019e-01
1.4969088039e+03 2.1273173174e-01
1.4974283712e+03 2.1280414249e-01
1.4979193471e+03 2.1287312159e-01
1.4983989921e+03 2.1293871617e-01
1.4988476831e+03 2.1300103179e-01
1.4992850144e+03 2.1306187156e-01
1.4997168166e+03 2.1312437048e-01
1.5001663819e+03 2.1318835327e-01
1.5006224003e+03 2.1325256890e-01
1.5010957085e+03 2.1331585117e-01
1.5015698603e+03 2.1337890954e-01
1.5020465409e+03 2.1344130403e-01
1.5024993970e+03 2.1350224384e-01
1.5029527999e+03 2.1356297492e-01
1.5033986944e+03 2.1362441308e-01
1.5038468682e+03 2.1368597472e-01
1.5042668501e+03 2.1374587207e-01
1.5046747089e+03 2.1380410148e-01
1.5050630729e+03 2.1386105156e-01
1.5054553697e+03 2.1391723780e-01
1.5058466513e+03 2.1397402931e-01
1.5062548070e+03 2.1403193936e-01
1.5066712912e+03 2.1409164388e-01
1.5071146756e+03 2.1415335558e-01
1.5075639922e+03 2.1421675058e-01
1.5080253147e+03 2.1428135111e-01
1.5084595908e+03 2.1434390636e-01
1.5088774984e+03 2.1440268565e-01
1.5092774764e+03 2.1445848605e-01
1.5097023539e+03 2.1451511837e-01
1.5101457684e+03 2.1457490350e-01
1.5106147133e+03 2.1463756144e-01
1.5110912185e+03 2.1470265208e-01
1.5115913115e+03 2.1476953328e-01
1.5120887978e+03 2.1483638913e-01
1.5125983812e+03 2.1490355225e-01
1.5130889223e+03 2.1496965360e-01
1.5135543872e+03 2.1503247561e-01
1.5139613080e+03 2.1508992025e-01
1.5143508213e+03 2.1514520329e-01
1.5147394757e+03 2.1520169666e-01
1.5151565233e+03 2.1526017175e-01
1.5155742687e+03 2.1531887046e-01
1.5159937317e+03 2.1537658540e-01
1.5163899795e+03 2.1543281689e-01
1.5168080639e+03 2.1549177097e-01
1.5172398997e+03 2.1555392623e-01
1.5176945048e+03 2.1561735086e-01
1.5181297067e+03 2.1567743930e-01
1.5185577999e+03 2.1573377879e-01
1.5189640738e+03 2.1578777999e-01
1.5193635200e+03 2.1584054919e-01
1.5197311794e+03 2.1589100645e-01
1.5200948443e+03 2.1594030429e-01
1.5204523364e+03 2.1599006643e-01
1.5208368020e+03 2.1604297868e-01
1.5212182467e+03 2.1609751298e-01
1.5216117851e+03 2.1615376172e-01
1.5219830216e+03 2.1620861459e-01
1.5223433371e+03 2.1626038890e-01
1.5226718326e+03 2.1630778838e-01
1.5229955805e+03 2.1635281937e-01
1.5233009553e+03 2.1639677353e-01
1.5236132712e+03 2.1644132422e-01
1.5239145064e+03 2.1648571684e-01
1.5242266340e+03 2.1653028955e-01
1.5245314963e+03 2.1657466450e-01
1.5248684682e+03 2.1662205311e-01
1.5252212886e+03 2.1667189855e-01
1.5255884776e+03 2.1672124425e-01
1.5259743399e+03 2.1677299147e-01
1.5264723085e+03 2.1683846501e-01
1.5269714369e+03 2.1690563334e-01
1.5274948978e+03 2.1697532614e-01
1.5280298416e+03 2.1704741783e-01
1.5285814286e+03 2.1712050559e-01
1.5291088544e+03 2.1719174201e-01
1.5296211245e+03 2.1726084046e-01
1.5301085972e+03 2.1732885536e-01
1.5305865741e+03 2.1739533067e-01
1.5310333949e+03 2.1745897504e-01
1.5314682425e+03 2.1751996329e-01
1.5318783613e+03 2.1757880598e-01
1.5322756068e+03 2.1763488945e-01
1.5326473495e+03 2.1768839342e-01
1.5330315086e+03 2.1774213721e-01
1.5334216929e+03 2.1779739446e-01
1.5338323859e+03 2.1785382896e-01
1.5342367220e+03 2.1790964587e-01
1.5346535639e+03 2.1796528729e-01
1.5350624573e+03 2.1802103256e-01
1.5354706599e+03 2.1807656539e-01
1.5358513943e+03 2.1813027506e-01
1.5362223566e+03 2.1818151253e-01
1.5365693812e+03 2.1823018985e-01
1.5369216607e+03 2.1827879668e-01
1.5372694442e+03 2.1832871204e-01
1.5376353217e+03 2.1838033387e-01
1.5379971669e+03 2.1843191864e-01
1.5383676120e+03 2.1848275779e-01
1.5387305839e+03 2.1853372739e-01
1.5391113137e+03 2.1858693162e-01
1.5394888870e+03 2.1864163588e-01
1.5398777742e+03 2.1869679403e-01
1.5402529061e+03 2.1875080561e-01
1.5406461333e+03 2.1880627716e-01
1.5410442855e+03 2.1886393720e-01
1.5414550370e+03 2.1892192106e-01
1.5418485164e+03 2.1897724125e-01
1.5422405632e+03 2.1902965351e-01
1.5426232905e+03 2.1908129495e-01
1.5430304272e+03 2.1913530535e-01
1.5434334551e+03 2.1918973674e-01
1.5438400084e+03 2.1924291892e-01
1.5442182444e+03 2.1929304112e-01
1.5446042208e+03 2.1934365137e-01
1.5449850794e+03 2.1939579025e-01
1.5453811968e+03 2.1944996088e-01
1.5457717940e+03 2.1950520376e-01
1.5461716643e+03 2.1956091562e-01
1.5465513085e+03 2.1961530435e-01
1.5469284149e+03 2.1966885341e-01
1.5472898431e+03 2.1972203706e-01
1.5476809052e+03 2.1977825227e-01
1.5480912071e+03 2.1983775035e-01
1.5485346256e+03 2.1990013140e-01
1.5489514535e+03 2.1995966221e-01
1.5493361860e+03 2.2001328062e-01
1.5496693340e+03 2.2006056234e-01
1.5500013233e+03 2.2010640942e-01
1.5503259574e+03 2.2015262168e-01
1.5506763097e+03 2.2020147361e-01
1.5510398242e+03 2.2025313788e-01
1.5514370324e+03 2.2030792210e-01
1.5518198406e+03 2.2036187669e-01
1.5521860686e+03 2.2041301074e-01
1.5525115671e+03 2.2046021036e-01
1.5528417399e+03 2.2050652624e-01
1.5531649618e+03 2.2055207120e-01
1.5535076165e+03 2.2059871895e-01
1.5538439141e+03 2.2064627842e-01
1.5542044644e+03 2.2069694104e-01
1.5545626022e+03 2.2074857954e-01
1.5549291266e+03 2.2079956133e-01
1.5552751415e+03 2.2084829576e-01
1.5556410444e+03 2.2089866973e-01
1.5560130905e+03 2.2095140995e-01
1.5564096350e+03 2.2100632015e-01
1.5567879804e+03 2.2105934913e-01
1.5571659713e+03 2.2111050607e-01
1.5575226757e+03 2.2115937510e-01
1.5578933742e+03 2.2120839729e-01
1.5582465169e+03 2.2125527738e-01
1.5586099849e+03 2.2130173803e-01
1.5591420335e+03 2.2137222857e-01
1.5597016025e+03 2.2144664195e-01
1.5602172456e+03 2.2151773643e-01
1.5607169100e+03 2.2158629071e-01
1.5611958517e+03 2.2165331953e-01
1.5616732859e+03 2.2171921983e-01
1.5621192739e+03 2.2178275878e-01
1.5625585961e+03 2.2184508838e-01
1.5629817002e+03 2.2190653077e-01
1.5634238569e+03 2.2196877706e-01
1.5638667467e+03 2.2203136289e-01
1.5643248669e+03 2.2209434973e-01
1.5647679544e+03 2.2215629882e-01
1.5652139031e+03 2.2221747818e-01
1.5656558641e+03 2.2227925253e-01
1.5661112732e+03 2.2234193696e-01
1.5665443129e+03 2.2240321989e-01
1.5669795018e+03 2.2246372866e-01
1.5674106487e+03 2.2252425973e-01
1.5678615571e+03 2.2258576414e-01
1.5682904794e+03 2.2264573241e-01
1.5687220204e+03 2.2270559515e-01
1.5691502158e+03 2.2276610162e-01
1.5695940283e+03 2.2282662249e-01
1.5700154728e+03 2.2288441524e-01
1.5704356392e+03 2.2294104980e-01
1.5708521643e+03 2.2299933477e-01
1.5712920849e+03 2.2306057571e-01
1.5717151757e+03 2.2312082474e-01
1.5721391391e+03 2.2317918649e-01
1.5725611075e+03 2.2323735233e-01
1.5730341991e+03 2.2330069392e-01
1.5735273073e+03 2.2336795002e-01
1.5740323346e+03 2.2343590645e-01
1.5745069658e+03 2.2350110530e-01
1.5749803766e+03 2.2356502011e-01
1.5754321085e+03 2.2362682722e-01
1.5758779968e+03 2.2368589850e-01
1.5762901970e+03 2.2374073736e-01
1.5767051455e+03 2.2379455790e-01
1.5771109036e+03 2.2384897352e-01
1.5775347226e+03 2.2390577756e-01
1.5779507537e+03 2.2396361561e-01
1.5783775980e+03 2.2402219612e-01
1.5787847623e+03 2.2407967808e-01
1.5792073426e+03 2.2413888342e-01
1.5796252524e+03 2.2419960396e-01
1.5800558883e+03 2.2426123950e-01
1.5804592361e+03 2.2431990477e-01
1.5808748588e+03 2.2437843114e-01
1.5812904743e+03 2.2443775985e-01
1.5817143362e+03 2.2449657879e-01
1.5820990957e+03 2.2455051071e-01
1.5824704635e+03 2.2460079077e-01
1.5828089564e+03 2.2464783133e-01
1.5831598348e+03 2.2469606563e-01
1.5835122931e+03 2.2474636043e-01
1.5838983140e+03 2.2479996977e-01
1.5842709816e+03 2.2485242735e-01
1.5846454003e+03 2.2490383103e-01
1.5850013995e+03 2.2495460130e-01
1.5853734985e+03 2.2500716241e-01
1.5857392285e+03 2.2506020593e-01
1.5861244617e+03 2.2511410689e-01
1.5864977617e+03 2.2516700722e-01
1.5868958555e+03 2.2522213819e-01
1.5872815773e+03 2.2527712900e-01
1.5876645763e+03 2.2533044231e-01
1.5879937172e+03 2.2537694865e-01
1.5883087779e+03 2.2541950968e-01
1.5886068096e+03 2.2546031158e-01
1.5889378007e+03 2.2550406764e-01
1.5892822340e+03 2.2555108208e-01
1.5896614842e+03 2.2560225636e-01
1.5900362285e+03 2.2565458033e-01
1.5904390749e+03 2.2570945092e-01
1.5908450293e+03 2.2576532152e-01
1.5912802834e+03 2.2582331045e-01
1.5917159493e+03 2.2588235515e-01
1.5923034312e+03 2.2596081932e-01
1.5928401204e+03 2.2603414232e-01
1.5933336146e+03 2.2610089845e-01
1.5937574403e+03 2.2615994398e-01
1.5941528660e+03 2.2621469369e-01
1.5945145511e+03 2.2626706202e-01
1.5948742405e+03 2.2631866297e-01
1.5952139077e+03 2.2636873391e-01
1.5955791217e+03 2.2642065947e-01
1.5959596881e+03 2.2647578348e-01
1.5963788368e+03 2.2653512873e-01
1.5968079053e+03 2.2659662666e-01
1.5972745534e+03 2.2666061502e-01
1.5977487631e+03 2.2672544658e-01
1.5982363727e+03 2.2679059137e-01
1.5986948394e+03 2.2685374582e-01
1.5991526635e+03 2.2691625339e-01
1.5995937472e+03 2.2697757172e-01
1.6000537898e+03 2.2703989550e-01
1.6004920597e+03 2.2710070741e-01
1.6009219797e+03 2.2715992333e-01
1.6013243261e+03 2.2721731017e-01
1.6017382116e+03 2.2727526101e-01
1.6021390413e+03 2.2733278432e-01
1.6025489492e+03 2.2739058282e-01
1.6029508648e+03 2.2744874260e-01
1.6033783029e+03 2.2750877161e-01
1.6037909460e+03 2.2756696358e-01
1.6042248959e+03 2.2762561384e-01
1.6046641385e+03 2.2768530691e-01
1.6051494911e+03 2.2774954390e-01
1.6056434226e+03 2.2781591191e-01
1.6061577643e+03 2.2788365359e-01
1.6066673430e+03 2.2795223489e-01
1.6072021188e+03 2.2802360310e-01
1.6077360859e+03 2.2809669580e-01
1.6082864349e+03 2.2817080215e-01
1.6088074799e+03 2.2824162290e-01
1.6093199475e+03 2.2830948645e-01
1.6097789941e+03 2.2837121849e-01
1.6102160653e+03 2.2842904431e-01
1.6106118088e+03 2.2848306418e-01
1.6110243975e+03 2.2853897481e-01
1.6114448899e+03 2.2859848384e-01
1.6118951911e+03 2.2866213881e-01
1.6123346477e+03 2.2872652821e-01
1.6127784236e+03 2.2879052254e-01
1.6131977408e+03 2.2885221226e-01
1.6136427011e+03 2.2891571297e-01
1.6140910922e+03 2.2898040942e-01
1.6145691505e+03 2.2904724034e-01
1.6150144121e+03 2.2910995504e-01
1.6154485513e+03 2.2916880139e-01
1.6158568675e+03 2.2922464108e-01
1.6162797639e+03 2.2928108544e-01
1.6166786940e+03 2.2933589490e-01
1.6170601425e+03 2.2938735412e-01
1.6173960336e+03 2.2943386656e-01
1.6177513467e+03 2.2948173660e-01
1.6181161533e+03 2.2953248061e-01
1.6185204941e+03 2.2958797559e-01
1.6189101924e+03 2.2964343278e-01
1.6193200862e+03 2.2970086615e-01
1.6197241258e+03 2.2975921906e-01
1.6201475952e+03 2.2981952548e-01
1.6205543901e+03 2.2987946415e-01
1.6209836817e+03 2.2994112293e-01
1.6213966553e+03 2.3000059576e-01
1.6218027192e+03 2.3005590237e-01
1.6221575636e+03 2.3010396377e-01
1.6225123810e+03 2.3015008095e-01
1.6228456007e+03 2.3019456222e-01
1.6232041904e+03 2.3024150421e-01
1.6235656539e+03 2.3029062494e-01
1.6239682343e+03 2.3034460519e-01
1.6243644306e+03 2.3039926815e-01
1.6247736695e+03 2.3045411192e-01
1.6251477153e+03 2.3050485262e-01
1.6255211082e+03 2.3055385207e-01
1.6260158213e+03 2.3062042123e-01
1.6265294330e+03 2.3068889950e-01
1.6270160720e+03 2.3075593725e-01
1.6274850605e+03 2.3082058946e-01
1.6278990233e+03 2.3088076628e-01
1.6283055943e+03 2.3094031998e-01
1.6286810316e+03 2.3099774786e-01
1.6290533044e+03 2.3105305793e-01
1.6293966168e+03 2.3110467623e-01
1.6297599869e+03 2.3115666034e-01
1.6301179837e+03 2.3120831714e-01
1.6305024585e+03 2.3126139168e-01
1.6308876619e+03 2.3131502923e-01
1.6313063389e+03 2.3137136254e-01
1.6317188966e+03 2.3142791051e-01
1.6321476461e+03 2.3148516307e-01
1.6325575447e+03 2.3154078761e-01
1.6329761151e+03 2.3159603891e-01
1.6333703089e+03 2.3164948164e-01
1.6337899777e+03 2.3170566314e-01
1.6342081912e+03 2.3176360663e-01
1.6346393069e+03 2.3182241724e-01
1.6350412596e+03 2.3187896697e-01
1.6354544675e+03 2.3193642197e-01
1.6358607270e+03 2.3199536008e-01
1.6362855577e+03 2.3205678105e-01
1.6366803128e+03 2.3211622176e-01
1.6370741053e+03 2.3217372803e-01
1.6374396134e+03 2.3222665341e-01
1.6378259882e+03 2.3227844939e-01
1.6382075101e+03 2.3232914121e-01
1.6386299721e+03 2.3238377342e-01
1.6390701360e+03 2.3244274416e-01
1.6395544664e+03 2.3250692299e-01
1.6400372403e+03 2.3257223453e-01
1.6405373339e+03 2.3263817983e-01
1.6410184891e+03 2.3270256119e-01
1.6415047100e+03 2.3276645745e-01
1.6419470468e+03 2.3282624837e-01
1.6423941299e+03 2.3288595622e-01
1.6428264542e+03 2.3294549261e-01
1.6432811564e+03 2.3300737450e-01
1.6436962018e+03 2.3306618951e-01
1.6440950788e+03 2.3312263244e-01
1.6444671399e+03 2.3317760845e-01
1.6448659899e+03 2.3323503422e-01
1.6452662105e+03 2.3329371159e-01
1.6456956291e+03 2.3335455256e-01
1.6461139662e+03 2.3341449901e-01
1.6465600037e+03 2.3347597143e-01
1.6469915643e+03 2.3353619303e-01
1.6474418495e+03 2.3359750921e-01
1.6478747253e+03 2.3365765981e-01
1.6483267515e+03 2.3371835309e-01
1.6487449352e+03 2.3377484944e-01
1.6491407159e+03 2.3382656468e-01
1.6494832726e+03 2.3387269722e-01
1.6498293524e+03 2.3391831811e-01
1.6501602586e+03 2.3396322646e-01
1.6505201592e+03 2.3401075294e-01
1.6508793006e+03 2.3406016065e-01
1.6512782918e+03 2.3411477487e-01
1.6516683810e+03 2.3417065400e-01
1.6520783263e+03 2.3422859456e-01
1.6524761077e+03 2.3428679296e-01
1.6529017582e+03 2.3434793287e-01
1.6533047431e+03 2.3440752910e-01
1.6537045761e+03 2.3446462338e-01
1.6540650279e+03 2.3451615396e-01
1.6544392654e+03 2.3456644316e-01
1.6547970617e+03 2.3461471996e-01
1.6551844314e+03 2.3466525209e-01
1.6555570095e+03 2.3471497004e-01
1.6559530383e+03 2.3476613900e-01
1.6563457663e+03 2.3481820960e-01
1.6567934262e+03 2.3487716182e-01
1.6572503419e+03 2.3493995087e-01
1.6577338142e+03 2.3500555134e-01
1.6581799546e+03 2.3506713980e-01
1.6586240528e+03 2.3512670459e-01
1.6590371833e+03 2.3518386229e-01
1.6594756210e+03 2.3524417462e-01
1.6598999924e+03 2.3530489036e-01
1.6604120938e+03 2.3537616126e-01
1.6608848781e+03 2.3544333246e-01
1.6613685752e+03 2.3551051068e-01
1.6618234292e+03 2.3557520048e-01
1.6622854317e+03 2.3563921974e-01
1.6627113885e+03 2.3569899382e-01
1.6631380078e+03 2.3575679109e-01
1.6635301187e+03 2.3581113223e-01
1.6639408182e+03 2.3586658422e-01
1.6643379574e+03 2.3592101087e-01
1.6647600304e+03 2.3597651574e-01
1.6651697092e+03 2.3603136509e-01
1.6656023356e+03 2.3608842600e-01
1.6660150559e+03 2.3614488956e-01
1.6664565019e+03 2.3620400419e-01
1.6668951582e+03 2.3626361558e-01
1.6673649587e+03 2.3632555284e-01
1.6678101273e+03 2.3638580762e-01
1.6682687143e+03 2.3644759282e-01
1.6687005191e+03 2.3650842967e-01
1.6691465065e+03 2.3657067056e-01
1.6695695178e+03 2.3663177096e-01
1.6700134962e+03 2.3669487430e-01
1.6704399803e+03 2.3675731937e-01
1.6708946983e+03 2.3682170986e-01
1.6713458610e+03 2.3688580409e-01
1.6718392145e+03 2.3695285993e-01
1.6723279584e+03 2.3701966890e-01
1.6728508540e+03 2.3708886023e-01
1.6733555437e+03 2.3715627213e-01
1.6738727230e+03 2.3722377077e-01
1.6743636044e+03 2.3728995447e-01
1.6748870921e+03 2.3736060008e-01
1.6754140592e+03 2.3743408342e-01
1.6759788957e+03 2.3751114845e-01
1.6765135311e+03 2.3758489713e-01
1.6770311376e+03 2.3765471283e-01
1.6774867931e+03 2.3771808896e-01
1.6779447442e+03 2.3778103685e-01
1.6783741197e+03 2.3784173307e-01
1.6788198450e+03 2.3790296195e-01
1.6792335224e+03 2.3796111117e-01
1.6796594896e+03 2.3801986087e-01
1.6800679598e+03 2.3807820010e-01
1.6805138120e+03 2.3814010658e-01
1.6809590340e+03 2.3820244517e-01
1.6814383882e+03 2.3826696512e-01
1.6818952107e+03 2.3832947861e-01
1.6823587141e+03 2.3839162196e-01
1.6827832771e+03 2.3845011150e-01
1.6832120075e+03 2.3850765143e-01
1.6835969007e+03 2.3856039465e-01
1.6839848133e+03 2.3861186032e-01
1.6843503597e+03 2.3866156557e-01
1.6847485819e+03 2.3871406814e-01
1.6851353144e+03 2.3876629725e-01
1.6855429515e+03 2.3882017653e-01
1.6859273139e+03 2.3887314627e-01
1.6863329592e+03 2.3892850217e-01
1.6867288380e+03 2.3898475549e-01
1.6871668354e+03 2.3904592384e-01
1.6876017450e+03 2.3910882479e-01
1.6880675421e+03 2.3917509578e-01
1.6885235705e+03 2.3924173525e-01
1.6890159500e+03 2.3931134880e-01
1.6894904498e+03 2.3937872758e-01
1.6899768279e+03 2.3944467300e-01
1.6904408518e+03 2.3950787512e-01
1.6909398754e+03 2.3957383343e-01
1.6914503555e+03 2.3964269074e-01
1.6920482424e+03 2.3972191531e-01
1.6926282475e+03 2.3980061282e-01
1.6932232150e+03 2.3988042995e-01
1.6937787907e+03 2.3995661992e-01
1.6943486672e+03 2.4003317453e-01
1.6948932138e+03 2.4010793795e-01
1.6954567706e+03 2.4018440801e-01
1.6959837095e+03 2.4025801015e-01
1.6965297432e+03 2.4033277832e-01
1.6970607311e+03 2.4040668218e-01
1.6976282573e+03 2.4048369600e-01
1.6981623478e+03 2.4055750393e-01
1.6986992218e+03 2.4063027869e-01
1.6991961298e+03 2.4069937693e-01
1.6997197049e+03 2.4077066118e-01
1.7002206138e+03 2.4083985842e-01
1.7007368873e+03 2.4090876966e-01
1.7012131354e+03 2.4097324634e-01
1.7017067946e+03 2.4103893455e-01
1.7021685501e+03 2.4110247936e-01
1.7026455314e+03 2.4116663647e-01
1.7030803717e+03 2.4122590012e-01
1.7035211285e+03 2.4128375778e-01
1.7039283313e+03 2.4133832311e-01
1.7043768866e+03 2.4139714003e-01
1.7048268213e+03 2.4145804819e-01
1.7053124674e+03 2.4152306283e-01
1.7057631983e+03 2.4158588343e-01
1.7062337543e+03 2.4165092165e-01
1.7066911573e+03 2.4171645021e-01
1.7071873896e+03 2.4178628087e-01
1.7076624648e+03 2.4185507826e-01
1.7081539013e+03 2.4192452592e-01
1.7086154526e+03 2.4199090281e-01
1.7091043658e+03 2.4205874222e-01
1.7095809722e+03 2.4212564735e-01
1.7100952196e+03 2.4219536759e-01
1.7105942826e+03 2.4226382133e-01
1.7111218417e+03 2.4233424752e-01
1.7116216228e+03 2.4240223364e-01
1.7121236529e+03 2.4246850981e-01
1.7125754208e+03 2.4252887726e-01
1.7130384901e+03 2.4258936896e-01
1.7134953475e+03 2.4265164317e-01
1.7140008658e+03 2.4272032035e-01
1.7144900039e+03 2.4278913000e-01
1.7149872235e+03 2.4285804122e-01
1.7154382400e+03 2.4292270621e-01
1.7159030551e+03 2.4298796086e-01
1.7163397623e+03 2.4305050451e-01
1.7167914379e+03 2.4311257581e-01
1.7172197650e+03 2.4317211320e-01
1.7176789337e+03 2.4323398427e-01
1.7181149597e+03 2.4329426823e-01
1.7185592135e+03 2.4335406283e-01
1.7189646837e+03 2.4340971529e-01
1.7193879448e+03 2.4346600530e-01
1.7197827961e+03 2.4352007851e-01
1.7201932161e+03 2.4357516819e-01
1.7205585178e+03 2.4362579411e-01
1.7209204345e+03 2.4367419772e-01
1.7213593446e+03 2.4373382256e-01
1.7218377412e+03 2.4379735520e-01
1.7222939692e+03 2.4385991403e-01
1.7227751673e+03 2.4392490923e-01
1.7232235890e+03 2.4398731776e-01
1.7236843894e+03 2.4405026657e-01
1.7241066080e+03 2.4411023287e-01
1.7245553544e+03 2.4417337547e-01
1.7249870463e+03 2.4423663139e-01
1.7254470776e+03 2.4430231161e-01
1.7258854545e+03 2.4436574968e-01
1.7263584537e+03 2.4443103371e-01
1.7268148779e+03 2.4449452593e-01
1.7273078529e+03 2.4456111520e-01
1.7277851147e+03 2.4462735666e-01
1.7283010463e+03 2.4469748537e-01
1.7287933251e+03 2.4476572799e-01
1.7293204074e+03 2.4483673212e-01
1.7298305824e+03 2.4490646001e-01
1.7303664280e+03 2.4497738272e-01
1.7308609859e+03 2.4504380505e-01
1.7313667306e+03 2.4511064382e-01
1.7318355422e+03 2.4517537600e-01
1.7323346074e+03 2.4524400016e-01
1.7328119283e+03 2.4531198289e-01
1.7333300726e+03 2.4538412658e-01
1.7338113260e+03 2.4545286674e-01
1.7343008475e+03 2.4552093224e-01
1.7347326170e+03 2.4558199882e-01
1.7351803880e+03 2.4564232170e-01
1.7355995940e+03 2.4569907413e-01
1.7360514362e+03 2.4575799460e-01
1.7364691891e+03 2.4581400323e-01
1.7369049824e+03 2.4587121264e-01
1.7372945133e+03 2.4592395782e-01
1.7377078626e+03 2.4597857658e-01
1.7380941823e+03 2.4603159590e-01
1.7385214009e+03 2.4608912924e-01
1.7389234112e+03 2.4614508893e-01
1.7393439857e+03 2.4620184844e-01
1.7397254925e+03 2.4625468231e-01
1.7401376649e+03 2.4631005292e-01
1.7405429202e+03 2.4636620031e-01
1.7410062293e+03 2.4642896533e-01
1.7414747963e+03 2.4649462447e-01
1.7419944533e+03 2.4656662742e-01
1.7424826757e+03 2.4663703514e-01
1.7429726486e+03 2.4670687942e-01
1.7434100452e+03 2.4677080611e-01
1.7438665303e+03 2.4683430542e-01
1.7443062096e+03 2.4689541683e-01
1.7447915975e+03 2.4696044918e-01
1.7452653048e+03 2.4702562739e-01
1.7457671961e+03 2.4709336808e-01
1.7462329681e+03 2.4715761026e-01
1.7467238360e+03 2.4722355393e-01
1.7471957128e+03 2.4728846688e-01
1.7477033531e+03 2.4735675235e-01
1.7481821562e+03 2.4742244610e-01
1.7486800623e+03 2.4748890213e-01
1.7491484334e+03 2.4755299555e-01
1.7496452738e+03 2.4762025809e-01
1.7501126286e+03 2.4768632485e-01
1.7505957278e+03 2.4775400053e-01
1.7510454595e+03 2.4781887190e-01
1.7515212328e+03 2.4788522903e-01
1.7519606481e+03 2.4794732779e-01
1.7524012140e+03 2.4800730404e-01
1.7527825584e+03 2.4805993540e-01
1.7531698695e+03 2.4811100527e-01
1.7535251684e+03 2.4815854111e-01
1.7539100949e+03 2.4820829710e-01
1.7543402735e+03 2.4826536251e-01
1.7549122270e+03 2.4833984091e-01
1.7554170815e+03 2.4840722456e-01
1.7559356209e+03 2.4847580080e-01
1.7564218252e+03 2.4854231663e-01
1.7569377160e+03 2.4861197157e-01
1.7574023859e+03 2.4867641785e-01
1.7578828405e+03 2.4874152508e-01
1.7583322328e+03 2.4880364931e-01
1.7588117204e+03 2.4886834695e-01
1.7592461287e+03 2.4892858247e-01
1.7596935599e+03 2.4898961931e-01
1.7601141435e+03 2.4904881010e-01
1.7605747183e+03 2.4911248509e-01
1.7610089606e+03 2.4917452751e-01
1.7614722985e+03 2.4923968019e-01
1.7619220814e+03 2.4930419123e-01
1.7624301258e+03 2.4937431312e-01
1.7629451988e+03 2.4944561408e-01
1.7635045977e+03 2.4952082282e-01
1.7640234690e+03 2.4959153100e-01
1.7645504158e+03 2.4966186086e-01
1.7650510047e+03 2.4973020777e-01
1.7655945349e+03 2.4980343704e-01
1.7661143541e+03 2.4987503298e-01
1.7666497566e+03 2.4994709146e-01
1.7671558193e+03 2.5001614570e-01
1.7677004623e+03 2.5008913036e-01
1.7682293158e+03 2.5016215837e-01
1.7687773797e+03 2.5023750550e-01
1.7692821494e+03 2.5030913705e-01
1.7698038397e+03 2.5038179708e-01
1.7702959665e+03 2.5045158133e-01
1.7708108904e+03 2.5052268156e-01
1.7712890783e+03 2.5058952552e-01
1.7717847078e+03 2.5065637261e-01
1.7722419223e+03 2.5071837516e-01
1.7727142820e+03 2.5078051186e-01
1.7731430149e+03 2.5083799265e-01
1.7735877505e+03 2.5089620377e-01
1.7739947713e+03 2.5095041603e-01
1.7744241156e+03 2.5100610697e-01
1.7748382852e+03 2.5106139953e-01
1.7753116231e+03 2.5112409182e-01
1.7757915168e+03 2.5118983904e-01
1.7763146737e+03 2.5126060382e-01
1.7768076775e+03 2.5132873413e-01
1.7773247530e+03 2.5139873499e-01
1.7778140547e+03 2.5146632932e-01
1.7783388114e+03 2.5153757437e-01
1.7788433020e+03 2.5160746081e-01
1.7793754712e+03 2.5167963450e-01
1.7798736174e+03 2.5174837695e-01
1.7803877843e+03 2.5181829539e-01
1.7808588657e+03 2.5188422573e-01
1.7813457176e+03 2.5195154893e-01
1.7818012115e+03 2.5201567534e-01
1.7822941688e+03 2.5208299675e-01
1.7828679392e+03 2.5216129781e-01
1.7835328230e+03 2.5225018571e-01
1.7841702208e+03 2.5233645879e-01
1.7848508126e+03 2.5242755183e-01
1.7855085999e+03 2.5251682581e-01
1.7862093098e+03 2.5261071416e-01
1.7868903801e+03 2.5270261252e-01
1.7875948208e+03 2.5279606625e-01
1.7882433261e+03 2.5288305515e-01
1.7888997913e+03 2.5297089516e-01
1.7895210603e+03 2.5305616325e-01
1.7901687424e+03 2.5314466093e-01
1.7907742193e+03 2.5322857572e-01
1.7913758967e+03 2.5331066313e-01
1.7919323257e+03 2.5338731756e-01
1.7925129761e+03 2.5346552324e-01
1.7930920149e+03 2.5354350313e-01
1.7937168793e+03 2.5362545728e-01
1.7943289209e+03 2.5370615589e-01
1.7949637749e+03 2.5378900204e-01
1.7955737737e+03 2.5386975984e-01
1.7961988524e+03 2.5395122892e-01
1.7967751614e+03 2.5402656115e-01
1.7973439111e+03 2.5409967422e-01
1.7978745305e+03 2.5416918104e-01
1.7984197296e+03 2.5424048042e-01
1.7989480490e+03 2.5431128969e-01
