# Displacement thickness delta* as function of Re_theta
# Columns: Re_theta   delta*
8.7458540668e+02 2.4672116345e-01
8.7488925598e+02 2.4686062995e-01
8.7521895891e+02 2.4699413250e-01
8.7557874390e+02 2.4709664788e-01
8.7594916871e+02 2.4721394495e-01
8.7633191723e+02 2.4732686093e-01
8.7674102483e+02 2.4745361416e-01
8.7715968964e+02 2.4762606110e-01
8.7757026434e+02 2.4791117235e-01
8.7800388246e+02 2.4827748209e-01
8.7889214752e+02 2.4880517675e-01
8.7978327738e+02 2.4929582548e-01
8.8064141213e+02 2.4973161862e-01
8.8146780002e+02 2.5007187357e-01
8.8229214148e+02 2.5035939833e-01
8.8311481808e+02 2.5058703304e-01
8.8394847281e+02 2.5076466598e-01
8.8482330986e+02 2.5085770232e-01
8.8576333490e+02 2.5093690562e-01
8.8677151068e+02 2.5105243494e-01
8.8783635989e+02 2.5122777470e-01
8.8896190931e+02 2.5140408898e-01
8.9015206635e+02 2.5160483475e-01
8.9142432795e+02 2.5187254636e-01
8.9275398099e+02 2.5223786251e-01
8.9408364919e+02 2.5262826947e-01
8.9541755431e+02 2.5303881567e-01
8.9678197779e+02 2.5345919651e-01
8.9816954607e+02 2.5392253703e-01
8.9954165909e+02 2.5440221969e-01
9.0088184731e+02 2.5489152960e-01
9.0265857996e+02 2.5546525757e-01
9.0446376849e+02 2.5598930090e-01
9.0623668921e+02 2.5645969502e-01
9.0798257744e+02 2.5695409928e-01
9.0969133846e+02 2.5745326240e-01
9.1137375422e+02 2.5795229892e-01
9.1304444114e+02 2.5842920007e-01
9.1470161427e+02 2.5892577463e-01
9.1633178877e+02 2.5941339486e-01
9.1792485038e+02 2.5990132543e-01
9.1947462887e+02 2.6036612332e-01
9.2098550542e+02 2.6082794140e-01
9.2186963532e+02 2.6134661648e-01
9.2188707406e+02 2.6132452263e-01
9.2192077217e+02 2.6142715066e-01
9.2198488048e+02 2.6134753764e-01
9.2203741853e+02 2.6152662520e-01
9.2216759160e+02 2.6144373473e-01
9.2221666376e+02 2.6164904868e-01
9.2243210107e+02 2.6156606910e-01
9.2244200800e+02 2.6125402850e-01
9.2245041897e+02 2.6175895581e-01
9.2268420008e+02 2.6186007256e-01
9.2278371045e+02 2.6168853258e-01
9.2294147987e+02 2.6192874534e-01
9.2321971620e+02 2.6177873139e-01
9.2322869546e+02 2.6201323197e-01
9.2356632836e+02 2.6213986754e-01
9.2373095941e+02 2.6189143927e-01
9.2383636746e+02 2.6168223915e-01
9.2396026909e+02 2.6235636507e-01
9.2432764454e+02 2.6202181677e-01
9.2439530305e+02 2.6263280295e-01
9.2485173121e+02 2.6296350360e-01
9.2501165672e+02 2.6216840001e-01
9.2531559122e+02 2.6329696402e-01
9.2545901462e+02 2.6223127912e-01
9.2576510496e+02 2.6363234557e-01
9.2577095613e+02 2.6232688602e-01
9.2618553101e+02 2.6393556703e-01
9.2658547036e+02 2.6423287613e-01
9.2659949358e+02 2.6256700939e-01
9.2702715296e+02 2.6449896511e-01
9.2718102097e+02 2.6286678480e-01
9.2745846116e+02 2.6472806412e-01
9.2746678019e+02 2.6288620900e-01
9.2792888141e+02 2.6487443190e-01
9.2836952529e+02 2.6326340265e-01
9.2843503949e+02 2.6496745631e-01
9.2874973492e+02 2.6345109378e-01
9.2897693935e+02 2.6501449108e-01
9.2926754722e+02 2.6363303949e-01
9.2953546118e+02 2.6506576731e-01
9.3009673499e+02 2.6512015016e-01
9.3012114409e+02 2.6400435452e-01
9.3012873264e+02 2.6400262135e-01
9.3065284892e+02 2.6521729013e-01
9.3094616597e+02 2.6435411100e-01
9.3118863786e+02 2.6532965262e-01
9.3123340746e+02 2.6453527732e-01
9.3169098602e+02 2.6472146534e-01
9.3170786724e+02 2.6545328144e-01
9.3208475479e+02 2.6504835115e-01
9.3222283949e+02 2.6556274596e-01
9.3232508277e+02 2.6507435733e-01
9.3271255561e+02 2.6546270231e-01
9.3282737319e+02 2.6540404457e-01
9.3285959458e+02 2.6574872188e-01
9.3312220802e+02 2.6573925312e-01
9.3317330062e+02 2.6565174000e-01
9.3332324814e+02 2.6584542203e-01
9.3334013200e+02 2.6581499936e-01
9.3354583187e+02 2.6599090356e-01
9.3424651979e+02 2.6627493600e-01
9.3494480871e+02 2.6653273911e-01
9.3564098599e+02 2.6676747395e-01
9.3633605761e+02 2.6697290466e-01
9.3703052090e+02 2.6720501744e-01
9.3772618033e+02 2.6746063113e-01
9.3841700537e+02 2.6773576514e-01
9.3909481108e+02 2.6796912769e-01
9.3976291724e+02 2.6817938961e-01
9.4043219195e+02 2.6837284619e-01
9.4109577549e+02 2.6858624725e-01
9.4175535816e+02 2.6880820471e-01
9.4241713915e+02 2.6906829825e-01
9.4306461944e+02 2.6931870103e-01
9.4367355373e+02 2.6954398545e-01
9.4424385347e+02 2.6972955178e-01
9.4481509774e+02 2.6993907506e-01
9.4541979930e+02 2.7015691598e-01
9.4604023215e+02 2.7039476073e-01
9.4662192401e+02 2.7065440507e-01
9.4712315013e+02 2.7097160798e-01
9.4756059365e+02 2.7128852693e-01
9.4796054749e+02 2.7157836078e-01
9.4867223376e+02 2.7193221588e-01
9.4942420359e+02 2.7231338341e-01
9.5010508883e+02 2.7265753357e-01
9.5074117018e+02 2.7296330740e-01
9.5134815374e+02 2.7321073069e-01
9.5192563340e+02 2.7343733935e-01
9.5247663581e+02 2.7360664578e-01
9.5300603829e+02 2.7371214352e-01
9.5352461215e+02 2.7374239940e-01
9.5404234422e+02 2.7376959169e-01
9.5457021309e+02 2.7380660191e-01
9.5511169534e+02 2.7388625377e-01
9.5565693827e+02 2.7399223583e-01
9.5619498599e+02 2.7415033195e-01
9.5672245046e+02 2.7431371601e-01
9.5725649984e+02 2.7446921806e-01
9.5779032180e+02 2.7457414172e-01
9.5829816724e+02 2.7465627613e-01
9.5877423395e+02 2.7471078288e-01
9.5923611463e+02 2.7476646729e-01
9.5970671674e+02 2.7481571076e-01
9.6016984669e+02 2.7489717476e-01
9.6060831050e+02 2.7500494002e-01
9.6102372469e+02 2.7515508497e-01
9.6142690367e+02 2.7528749424e-01
9.6182141962e+02 2.7538200124e-01
9.6221198416e+02 2.7542241356e-01
9.6260921563e+02 2.7548393630e-01
9.6301169718e+02 2.7557238676e-01
9.6341553403e+02 2.7569791523e-01
9.6380086634e+02 2.7580765909e-01
9.6416564887e+02 2.7591516752e-01
9.6451120904e+02 2.7599180017e-01
9.6486913741e+02 2.7607569707e-01
9.6525842698e+02 2.7616691699e-01
9.6565557210e+02 2.7630722558e-01
9.6601985928e+02 2.7647323341e-01
9.6633189720e+02 2.7666824313e-01
9.6661009645e+02 2.7685345991e-01
9.6725748095e+02 2.7715339203e-01
9.6784625237e+02 2.7738789738e-01
9.6838034919e+02 2.7758575823e-01
9.6888109746e+02 2.7775173968e-01
9.6936033099e+02 2.7791778126e-01
9.6981430284e+02 2.7804441175e-01
9.7022903375e+02 2.7812795288e-01
9.7060748769e+02 2.7814607318e-01
9.7095742028e+02 2.7814475693e-01
9.7130694526e+02 2.7812335402e-01
9.7167101038e+02 2.7809568439e-01
9.7204366884e+02 2.7803279080e-01
9.7241539874e+02 2.7797881020e-01
9.7278792988e+02 2.7792787374e-01
9.7315594015e+02 2.7787334885e-01
9.7350398807e+02 2.7775906246e-01
9.7381782391e+02 2.7762424793e-01
9.7409980714e+02 2.7749174491e-01
9.7436925615e+02 2.7739877061e-01
9.7464631186e+02 2.7731050349e-01
9.7493971119e+02 2.7724454126e-01
9.7525397390e+02 2.7719008461e-01
9.7557865248e+02 2.7717319796e-01
9.7590373578e+02 2.7715836842e-01
9.7622631754e+02 2.7715208911e-01
9.7654417504e+02 2.7711751932e-01
9.7684585940e+02 2.7706013747e-01
9.7713293349e+02 2.7695759065e-01
9.7740686189e+02 2.7685765161e-01
9.7767611949e+02 2.7676791373e-01
9.7795177319e+02 2.7670907716e-01
9.7824027030e+02 2.7662957349e-01
9.7854144718e+02 2.7653880823e-01
9.7885853979e+02 2.7641975421e-01
9.7920221836e+02 2.7633604785e-01
9.7957076099e+02 2.7630449879e-01
9.7995657349e+02 2.7636001969e-01
9.8036484741e+02 2.7646272723e-01
9.8079117106e+02 2.7661236019e-01
9.8119768529e+02 2.7675623124e-01
9.8156467256e+02 2.7688249181e-01
9.8193014271e+02 2.7696379281e-01
9.8232437823e+02 2.7703956982e-01
9.8272109899e+02 2.7708042288e-01
9.8308263718e+02 2.7708075232e-01
9.8343631518e+02 2.7702655873e-01
9.8381242320e+02 2.7697756679e-01
9.8419355302e+02 2.7692985188e-01
9.8454986735e+02 2.7689747167e-01
9.8488329472e+02 2.7686402520e-01
9.8521069975e+02 2.7688073634e-01
9.8552517028e+02 2.7691490915e-01
9.8582604749e+02 2.7695341240e-01
9.8611255569e+02 2.7694301423e-01
9.8638743518e+02 2.7692425079e-01
9.8666076693e+02 2.7691125940e-01
9.8695458053e+02 2.7696249754e-01
9.8727899173e+02 2.7706489448e-01
9.8760483230e+02 2.7722903940e-01
9.8789952989e+02 2.7742765186e-01
9.8815476543e+02 2.7768435496e-01
9.8838901206e+02 2.7796365072e-01
9.8862517361e+02 2.7825556884e-01
9.8887239450e+02 2.7851747833e-01
9.8912493733e+02 2.7878688047e-01
9.8937058407e+02 2.7904798863e-01
9.8961091812e+02 2.7931305889e-01
9.8984628932e+02 2.7955692554e-01
9.9006736863e+02 2.7982344042e-01
9.9040641610e+02 2.8013869805e-01
9.9092212093e+02 2.8051293043e-01
9.9140422454e+02 2.8082723416e-01
9.9186627901e+02 2.8111924034e-01
9.9231344247e+02 2.8139375674e-01
9.9273695746e+02 2.8168339424e-01
9.9314643041e+02 2.8197850545e-01
9.9354081196e+02 2.8231777806e-01
9.9391143758e+02 2.8266950470e-01
9.9425649011e+02 2.8301717541e-01
9.9458446555e+02 2.8330390818e-01
9.9489915888e+02 2.8355519246e-01
9.9520827617e+02 2.8376181876e-01
9.9552751998e+02 2.8394320013e-01
9.9585561556e+02 2.8404927258e-01
9.9618236114e+02 2.8409999711e-01
9.9649765164e+02 2.8409053358e-01
9.9681537237e+02 2.8406772072e-01
9.9713232890e+02 2.8400986980e-01
9.9743563111e+02 2.8394752812e-01
9.9772894969e+02 2.8387389436e-01
9.9801734110e+02 2.8381216235e-01
9.9829572756e+02 2.8371852168e-01
9.9855940069e+02 2.8360036531e-01
9.9882287972e+02 2.8344960400e-01
9.9909495063e+02 2.8331578064e-01
9.9937006199e+02 2.8318063032e-01
9.9965117264e+02 2.8307403322e-01
9.9993242314e+02 2.8299454599e-01
1.0002027004e+03 2.8299458883e-01
1.0004486595e+03 2.8303527019e-01
1.0006780830e+03 2.8309522556e-01
1.0009192278e+03 2.8313113794e-01
1.0011747288e+03 2.8318071838e-01
1.0014164774e+03 2.8321950640e-01
1.0016281633e+03 2.8324103992e-01
1.0018277496e+03 2.8319917261e-01
1.0020501874e+03 2.8315744016e-01
1.0022893951e+03 2.8314581989e-01
1.0025238230e+03 2.8320842671e-01
1.0027442575e+03 2.8328982448e-01
1.0029653242e+03 2.8338432886e-01
1.0031980666e+03 2.8345913427e-01
1.0034445533e+03 2.8354426481e-01
1.0036971354e+03 2.8362157011e-01
1.0039457493e+03 2.8371255344e-01
1.0041775977e+03 2.8381102858e-01
1.0043807955e+03 2.8397271705e-01
1.0045388721e+03 2.8416778170e-01
1.0046543443e+03 2.8436679523e-01
1.0047659492e+03 2.8450331156e-01
1.0051411532e+03 2.8465916580e-01
1.0055506191e+03 2.8475500802e-01
1.0059322130e+03 2.8481597654e-01
1.0062972989e+03 2.8482437716e-01
1.0066405987e+03 2.8479502612e-01
1.0069614351e+03 2.8470417078e-01
1.0072683744e+03 2.8461707175e-01
1.0075850943e+03 2.8455102912e-01
1.0079236811e+03 2.8454639413e-01
1.0082741412e+03 2.8455374616e-01
1.0086222194e+03 2.8457787603e-01
1.0089945226e+03 2.8460945685e-01
1.0094137983e+03 2.8468246466e-01
1.0098577455e+03 2.8473680645e-01
1.0102904011e+03 2.8474910460e-01
1.0107221839e+03 2.8472493771e-01
1.0111906040e+03 2.8478345278e-01
1.0117050599e+03 2.8494984217e-01
1.0122426807e+03 2.8520457841e-01
1.0127866808e+03 2.8544225621e-01
1.0133327677e+03 2.8565550757e-01
1.0138565271e+03 2.8582923547e-01
1.0143445986e+03 2.8599086127e-01
1.0148269967e+03 2.8610534414e-01
1.0153136183e+03 2.8619834754e-01
1.0157926005e+03 2.8626997521e-01
1.0162582552e+03 2.8638627734e-01
1.0167185255e+03 2.8654210551e-01
1.0171894038e+03 2.8674517063e-01
1.0176930578e+03 2.8693882406e-01
1.0182263513e+03 2.8715655689e-01
1.0187491384e+03 2.8740922196e-01
1.0192336855e+03 2.8771298301e-01
1.0196897520e+03 2.8799626291e-01
1.0201234858e+03 2.8825113830e-01
1.0205353862e+03 2.8847263327e-01
1.0209255611e+03 2.8871459443e-01
1.0212853983e+03 2.8894146122e-01
1.0216303134e+03 2.8914778476e-01
1.0219770849e+03 2.8927873335e-01
1.0223413891e+03 2.8936548764e-01
1.0227250290e+03 2.8939940903e-01
1.0231487368e+03 2.8942348202e-01
1.0236281741e+03 2.8942267911e-01
1.0241589635e+03 2.8942971078e-01
1.0247270530e+03 2.8942349599e-01
1.0253092008e+03 2.8942824845e-01
1.0258849435e+03 2.8943342054e-01
1.0264532648e+03 2.8948367750e-01
1.0270152532e+03 2.8954787021e-01
1.0275751708e+03 2.8964407603e-01
1.0281130695e+03 2.8974298929e-01
1.0286135978e+03 2.8987954592e-01
1.0290759931e+03 2.9002474948e-01
1.0296983188e+03 2.9023458200e-01
1.0304031270e+03 2.9043170727e-01
1.0310816764e+03 2.9061481226e-01
1.0317659755e+03 2.9080320223e-01
1.0324773953e+03 2.9104877581e-01
1.0332031405e+03 2.9131091194e-01
1.0338936825e+03 2.9157652192e-01
1.0345240951e+03 2.9179290064e-01
1.0351352817e+03 2.9197813452e-01
1.0357665399e+03 2.9210602722e-01
1.0364070328e+03 2.9222180776e-01
1.0370362832e+03 2.9233869649e-01
1.0376493774e+03 2.9250727407e-01
1.0382498998e+03 2.9270282788e-01
1.0388430804e+03 2.9294173847e-01
1.0394472768e+03 2.9320161281e-01
1.0400663904e+03 2.9350382654e-01
1.0406723550e+03 2.9380669522e-01
1.0412281988e+03 2.9411243117e-01
1.0417320107e+03 2.9437885063e-01
1.0422195516e+03 2.9463059278e-01
1.0427199121e+03 2.9485534602e-01
1.0432377406e+03 2.9508616943e-01
1.0437541418e+03 2.9527963388e-01
1.0442735003e+03 2.9545409606e-01
1.0449503577e+03 2.9563680369e-01
1.0456736548e+03 2.9583636756e-01
1.0463173455e+03 2.9598423161e-01
1.0468890020e+03 2.9608652149e-01
1.0474082345e+03 2.9610437900e-01
1.0478853180e+03 2.9608112620e-01
1.0483390678e+03 2.9603894222e-01
1.0487968442e+03 2.9604212332e-01
1.0492710167e+03 2.9606091492e-01
1.0497528837e+03 2.9609530082e-01
1.0502857300e+03 2.9613952785e-01
1.0507747298e+03 2.9623204563e-01
1.0512462520e+03 2.9637739712e-01
1.0517940697e+03 2.9659809523e-01
1.0523360312e+03 2.9679703509e-01
1.0528484610e+03 2.9698701796e-01
1.0533352392e+03 2.9716237571e-01
1.0538018527e+03 2.9735287143e-01
1.0542586323e+03 2.9751970500e-01
1.0547052001e+03 2.9769020992e-01
1.0551249465e+03 2.9784974369e-01
1.0554996965e+03 2.9801593244e-01
1.0558242237e+03 2.9812706987e-01
1.0561161524e+03 2.9818790006e-01
1.0563900909e+03 2.9818349357e-01
1.0566331816e+03 2.9816995550e-01
1.0568057854e+03 2.9917338344e-01
1.0568091183e+03 2.9918189058e-01
1.0568361546e+03 2.9914056844e-01
1.0568448158e+03 2.9913804172e-01
1.0568568216e+03 2.9816473701e-01
1.0569132370e+03 2.9909993324e-01
1.0569761029e+03 2.9905071767e-01
1.0569999024e+03 2.9905124069e-01
1.0570022301e+03 2.9822133074e-01
1.0570941742e+03 2.9902911880e-01
1.0571355113e+03 2.9894981297e-01
1.0571476086e+03 2.9831396164e-01
1.0571797694e+03 2.9898748438e-01
1.0572315230e+03 2.9893722591e-01
1.0572488855e+03 2.9845371563e-01
1.0572830579e+03 2.9884653307e-01
1.0572905079e+03 2.9859447588e-01
1.0573000287e+03 2.9873986966e-01
1.0573427177e+03 2.9883533452e-01
1.0575509005e+03 2.9875023505e-01
1.0577777994e+03 2.9865119325e-01
1.0580275713e+03 2.9854975063e-01
1.0583075938e+03 2.9845251278e-01
1.0586413835e+03 2.9844456907e-01
1.0590361779e+03 2.9850547565e-01
1.0594875492e+03 2.9862890257e-01
1.0599818549e+03 2.9877681875e-01
1.0604950256e+03 2.9898872842e-01
1.0610037461e+03 2.9921507410e-01
1.0615235152e+03 2.9942690072e-01
1.0620817085e+03 2.9958466172e-01
1.0626580603e+03 2.9975000646e-01
1.0632278962e+03 2.9992886081e-01
1.0637844531e+03 3.0013941828e-01
1.0643251049e+03 3.0035126071e-01
1.0648432690e+03 3.0059073592e-01
1.0653881795e+03 3.0081868477e-01
1.0662762655e+03 3.0112118345e-01
1.0670906655e+03 3.0133983436e-01
1.0678384708e+03 3.0154444138e-01
1.0685369383e+03 3.0175507267e-01
1.0691906305e+03 3.0201347751e-01
1.0697986434e+03 3.0227671595e-01
1.0703780271e+03 3.0256627070e-01
1.0709515472e+03 3.0285718078e-01
1.0715300425e+03 3.0316868337e-01
1.0720980329e+03 3.0343366180e-01
1.0726555414e+03 3.0366127452e-01
1.0732049792e+03 3.0382856475e-01
1.0737399728e+03 3.0398372404e-01
1.0742425257e+03 3.0410694571e-01
1.0747059229e+03 3.0422614631e-01
1.0751506680e+03 3.0432499919e-01
1.0755878836e+03 3.0442945065e-01
1.0760133357e+03 3.0448811790e-01
1.0764212238e+03 3.0449550059e-01
1.0768376365e+03 3.0444453754e-01
1.0772871249e+03 3.0441931752e-01
1.0777396389e+03 3.0439847957e-01
1.0781625607e+03 3.0437119802e-01
1.0785495076e+03 3.0429901281e-01
1.0789262026e+03 3.0426232132e-01
1.0793106441e+03 3.0428203398e-01
1.0797076094e+03 3.0438240673e-01
1.0801192293e+03 3.0451414611e-01
1.0805384338e+03 3.0467997139e-01
1.0809531069e+03 3.0482889810e-01
1.0813462892e+03 3.0498048953e-01
1.0817036211e+03 3.0511703254e-01
1.0820429663e+03 3.0526578736e-01
1.0823859905e+03 3.0536697481e-01
1.0827357302e+03 3.0544512990e-01
1.0830623886e+03 3.0551282444e-01
1.0833528388e+03 3.0563623351e-01
1.0836194475e+03 3.0578214966e-01
1.0838744200e+03 3.0595466386e-01
1.0841228812e+03 3.0610609059e-01
1.0843815664e+03 3.0624520530e-01
1.0846649499e+03 3.0633265740e-01
1.0849997362e+03 3.0641611144e-01
1.0854985477e+03 3.0653674101e-01
1.0859773982e+03 3.0670219801e-01
1.0864415176e+03 3.0689121978e-01
1.0868881170e+03 3.0710830893e-01
1.0873250123e+03 3.0730368908e-01
1.0877685335e+03 3.0750153040e-01
1.0882135865e+03 3.0766573465e-01
1.0886390332e+03 3.0779986388e-01
1.0890376693e+03 3.0785818680e-01
1.0894194363e+03 3.0786606234e-01
1.0897947857e+03 3.0780881866e-01
1.0901607909e+03 3.0773227359e-01
1.0905193702e+03 3.0763991665e-01
1.0908695353e+03 3.0758474760e-01
1.0912152723e+03 3.0753767868e-01
1.0915674683e+03 3.0750952406e-01
1.0919298115e+03 3.0747097648e-01
1.0922882169e+03 3.0747243206e-01
1.0926420622e+03 3.0748086181e-01
1.0930104384e+03 3.0749407491e-01
1.0933961469e+03 3.0746849844e-01
1.0937870153e+03 3.0745945870e-01
1.0941758849e+03 3.0747679362e-01
1.0945702547e+03 3.0757218011e-01
1.0949698144e+03 3.0771896993e-01
1.0953550206e+03 3.0791589286e-01
1.0957106058e+03 3.0808531904e-01
1.0960479738e+03 3.0822407724e-01
1.0964052834e+03 3.0831851405e-01
1.0967968959e+03 3.0842673293e-01
1.0972119915e+03 3.0853608692e-01
1.0976281519e+03 3.0867794918e-01
1.0980247392e+03 3.0881867687e-01
1.0984103994e+03 3.0899026327e-01
1.0987797326e+03 3.0915917359e-01
1.0991229407e+03 3.0934162477e-01
1.0994451437e+03 3.0949192921e-01
1.0997743716e+03 3.0963907175e-01
1.1001280630e+03 3.0976871628e-01
1.1004861866e+03 3.0990913000e-01
1.1008294144e+03 3.1001924176e-01
1.1011637744e+03 3.1012508207e-01
1.1015057367e+03 3.1022023339e-01
1.1018546063e+03 3.1034300221e-01
1.1021878621e+03 3.1045006750e-01
1.1024915169e+03 3.1054696210e-01
1.1027682604e+03 3.1058934094e-01
1.1030365832e+03 3.1059784150e-01
1.1033107594e+03 3.1054785623e-01
1.1036053836e+03 3.1049394496e-01
1.1039172120e+03 3.1042529514e-01
1.1042397109e+03 3.1037333660e-01
1.1045549908e+03 3.1029894072e-01
1.1048587968e+03 3.1023966280e-01
1.1051581280e+03 3.1018675457e-01
1.1054793577e+03 3.1019053945e-01
1.1058312441e+03 3.1022482197e-01
1.1062005273e+03 3.1030590470e-01
1.1065612919e+03 3.1037826941e-01
1.1069097877e+03 3.1045860320e-01
1.1072457376e+03 3.1052380477e-01
1.1075695175e+03 3.1061245960e-01
1.1078714793e+03 3.1069960525e-01
1.1081367635e+03 3.1082424114e-01
1.1083661087e+03 3.1097033977e-01
1.1085822836e+03 3.1115103889e-01
1.1088022502e+03 3.1129797229e-01
1.1090369146e+03 3.1142060343e-01
1.1092815121e+03 3.1150510468e-01
1.1095423796e+03 3.1161732913e-01
1.1099077923e+03 3.1176792021e-01
1.1104490698e+03 3.1199573715e-01
1.1109781647e+03 3.1219280152e-01
1.1114791598e+03 3.1238105333e-01
1.1119517282e+03 3.1255248904e-01
1.1124043932e+03 3.1275729905e-01
1.1128413058e+03 3.1295059311e-01
1.1132575425e+03 3.1313198622e-01
1.1136565850e+03 3.1328007246e-01
1.1140553180e+03 3.1345927353e-01
1.1144544357e+03 3.1364575402e-01
1.1148607698e+03 3.1384004027e-01
1.1152963631e+03 3.1399231757e-01
1.1157526049e+03 3.1412971536e-01
1.1162021433e+03 3.1422717818e-01
1.1166268728e+03 3.1431168032e-01
1.1170338572e+03 3.1436027405e-01
1.1174345048e+03 3.1441985968e-01
1.1178338411e+03 3.1447478928e-01
1.1182484530e+03 3.1456624581e-01
1.1186600633e+03 3.1464531800e-01
1.1190552623e+03 3.1471878879e-01
1.1194340732e+03 3.1475347571e-01
1.1198030784e+03 3.1480307740e-01
1.1201679209e+03 3.1487730528e-01
1.1205295645e+03 3.1503103855e-01
1.1208867879e+03 3.1522793098e-01
1.1212296079e+03 3.1546817927e-01
1.1215623069e+03 3.1569828062e-01
1.1219129479e+03 3.1595250102e-01
1.1222773475e+03 3.1619739679e-01
1.1226402858e+03 3.1643809536e-01
1.1229966031e+03 3.1662428856e-01
1.1233588187e+03 3.1680273996e-01
1.1237317080e+03 3.1698224564e-01
1.1241017123e+03 3.1720025389e-01
1.1244544329e+03 3.1739435411e-01
1.1247861658e+03 3.1755903759e-01
1.1251006180e+03 3.1766495937e-01
1.1254219591e+03 3.1777472458e-01
1.1257488459e+03 3.1788209819e-01
1.1260782642e+03 3.1802823495e-01
1.1264700983e+03 3.1818810072e-01
1.1270240284e+03 3.1839899599e-01
1.1275571188e+03 3.1855685240e-01
1.1280689378e+03 3.1868935166e-01
1.1285617066e+03 3.1877666747e-01
1.1290352665e+03 3.1886845816e-01
1.1295080255e+03 3.1896414312e-01
1.1299999400e+03 3.1911048582e-01
1.1305013093e+03 3.1925742382e-01
1.1309959207e+03 3.1939594300e-01
1.1314767778e+03 3.1946457925e-01
1.1319546396e+03 3.1949678934e-01
1.1324353102e+03 3.1948670213e-01
1.1329008395e+03 3.1948551609e-01
1.1333322995e+03 3.1946466185e-01
1.1337204169e+03 3.1944081833e-01
1.1340771786e+03 3.1938203783e-01
1.1344307219e+03 3.1934634259e-01
1.1347966211e+03 3.1932962670e-01
1.1351804010e+03 3.1935522253e-01
1.1355814871e+03 3.1936258010e-01
1.1359966907e+03 3.1938031528e-01
1.1364187261e+03 3.1940471121e-01
1.1368383886e+03 3.1948127041e-01
1.1372567679e+03 3.1957944304e-01
1.1376799167e+03 3.1974351508e-01
1.1381152699e+03 3.1996487374e-01
1.1385595230e+03 3.2025538144e-01
1.1390059234e+03 3.2052497747e-01
1.1394543425e+03 3.2075671675e-01
1.1398941434e+03 3.2091790745e-01
1.1403186211e+03 3.2107319610e-01
1.1407380113e+03 3.2122210660e-01
1.1411646738e+03 3.2139445860e-01
1.1415838846e+03 3.2152388400e-01
1.1419912799e+03 3.2163092012e-01
1.1423889238e+03 3.2171545687e-01
1.1427884548e+03 3.2184927145e-01
1.1431831833e+03 3.2200313216e-01
1.1435779858e+03 3.2218730363e-01
1.1439833345e+03 3.2235435281e-01
1.1443939954e+03 3.2251898915e-01
1.1448030791e+03 3.2263755738e-01
1.1452034003e+03 3.2273748716e-01
1.1455962603e+03 3.2281590559e-01
1.1459979616e+03 3.2294621514e-01
1.1464081998e+03 3.2309357829e-01
1.1468338829e+03 3.2324568646e-01
1.1472675394e+03 3.2333404774e-01
1.1477145717e+03 3.2340271247e-01
1.1481720375e+03 3.2345362007e-01
1.1486385682e+03 3.2353356332e-01
1.1491068027e+03 3.2359881740e-01
1.1495686735e+03 3.2366595328e-01
1.1500181152e+03 3.2370253601e-01
1.1504649328e+03 3.2375278044e-01
1.1509054956e+03 3.2379683139e-01
1.1513311688e+03 3.2387681257e-01
1.1517339252e+03 3.2396135747e-01
1.1523271061e+03 3.2413463286e-01
1.1529507592e+03 3.2430424602e-01
1.1535625394e+03 3.2448619947e-01
1.1541860873e+03 3.2466607152e-01
1.1548252812e+03 3.2489894854e-01
1.1554576166e+03 3.2515786325e-01
1.1560589149e+03 3.2545143659e-01
1.1566299000e+03 3.2571360904e-01
1.1571926414e+03 3.2596493434e-01
1.1577613786e+03 3.2618733190e-01
1.1583358300e+03 3.2643336152e-01
1.1588919432e+03 3.2667095831e-01
1.1594080949e+03 3.2690550112e-01
1.1598943126e+03 3.2708603612e-01
1.1603639483e+03 3.2725014736e-01
1.1608197369e+03 3.2739336121e-01
1.1612710502e+03 3.2756819632e-01
1.1617192218e+03 3.2773037854e-01
1.1621639613e+03 3.2789701225e-01
1.1625881138e+03 3.2803515258e-01
1.1630015873e+03 3.2818582502e-01
1.1634256473e+03 3.2831208316e-01
1.1638719813e+03 3.2843629544e-01
1.1643397937e+03 3.2854006047e-01
1.1648110860e+03 3.2866604203e-01
1.1652648027e+03 3.2878054944e-01
1.1656915210e+03 3.2889553745e-01
1.1660934290e+03 3.2895893524e-01
1.1664891647e+03 3.2901297709e-01
1.1668790414e+03 3.2905153282e-01
1.1672662485e+03 3.2912543506e-01
1.1676447889e+03 3.2918747508e-01
1.1680291768e+03 3.2924600843e-01
1.1684388646e+03 3.2925673262e-01
1.1688878776e+03 3.2926855826e-01
1.1693686931e+03 3.2927850008e-01
1.1698635372e+03 3.2932806655e-01
1.1703370688e+03 3.2937200500e-01
1.1707685560e+03 3.2944197572e-01
1.1711506062e+03 3.2951442051e-01
1.1715198887e+03 3.2962538937e-01
1.1718994202e+03 3.2973819075e-01
1.1722689198e+03 3.2988877110e-01
1.1725916165e+03 3.3005520109e-01
1.1728701956e+03 3.3025639903e-01
1.1731442844e+03 3.3042254716e-01
1.1734473336e+03 3.3056269875e-01
1.1737684433e+03 3.3065942374e-01
1.1740951164e+03 3.3079163384e-01
1.1745508126e+03 3.3099161243e-01
1.1750621184e+03 3.3125361620e-01
1.1755874069e+03 3.3149766444e-01
1.1761087076e+03 3.3173211707e-01
1.1766103407e+03 3.3192234266e-01
1.1770837623e+03 3.3210539965e-01
1.1775422546e+03 3.3225529676e-01
1.1779869087e+03 3.3240944623e-01
1.1784055151e+03 3.3253617632e-01
1.1787963904e+03 3.3265797586e-01
1.1791803477e+03 3.3273403865e-01
1.1795784032e+03 3.3280560229e-01
1.1799894449e+03 3.3285539715e-01
1.1804156423e+03 3.3293080476e-01
1.1808429504e+03 3.3300283482e-01
1.1812556180e+03 3.3309479680e-01
1.1816515920e+03 3.3315976512e-01
1.1820334278e+03 3.3321781209e-01
1.1824056294e+03 3.3324498069e-01
1.1827656108e+03 3.3330009004e-01
1.1831125401e+03 3.3336033981e-01
1.1834599386e+03 3.3344079840e-01
1.1838152062e+03 3.3347402953e-01
1.1841859813e+03 3.3349138901e-01
1.1845501752e+03 3.3348611614e-01
1.1849053202e+03 3.3352385868e-01
1.1852692072e+03 3.3357316006e-01
1.1856547810e+03 3.3364276791e-01
1.1860314287e+03 3.3368085077e-01
1.1863755874e+03 3.3372466150e-01
1.1867131962e+03 3.3377022141e-01
1.1870589005e+03 3.3387740665e-01
1.1873924341e+03 3.3402977855e-01
1.1876936434e+03 3.3423790768e-01
1.1879802297e+03 3.3442395545e-01
1.1882774241e+03 3.3460191838e-01
1.1885752000e+03 3.3474942818e-01
1.1888750639e+03 3.3491342882e-01
1.1891696581e+03 3.3504476422e-01
1.1894599965e+03 3.3517626658e-01
1.1897374268e+03 3.3529360983e-01
1.1900081487e+03 3.3543971768e-01
1.1902685288e+03 3.3556627952e-01
1.1905058310e+03 3.3569761138e-01
1.1907180682e+03 3.3581409643e-01
1.1909268692e+03 3.3595626930e-01
1.1911469264e+03 3.3607179355e-01
1.1913804170e+03 3.3617822232e-01
1.1916121335e+03 3.3623513738e-01
1.1918484112e+03 3.3627625291e-01
1.1921009473e+03 3.3626751430e-01
1.1923858858e+03 3.3625731858e-01
1.1926917310e+03 3.3623334957e-01
1.1930172018e+03 3.3624655650e-01
1.1933631935e+03 3.3626574681e-01
1.1937379288e+03 3.3632776468e-01
1.1941318351e+03 3.3639866103e-01
1.1945333545e+03 3.3649415218e-01
1.1949240764e+03 3.3655674576e-01
1.1952897337e+03 3.3661415051e-01
1.1956227418e+03 3.3663829975e-01
1.1959407163e+03 3.3667459039e-01
1.1962484688e+03 3.3669985389e-01
1.1966278270e+03 3.3678906540e-01
1.1971313274e+03 3.3692544132e-01
1.1976506025e+03 3.3709047235e-01
1.1981865759e+03 3.3722917341e-01
1.1987329567e+03 3.3736660002e-01
1.1992775585e+03 3.3747402563e-01
1.1998175119e+03 3.3760552674e-01
1.2003591936e+03 3.3774800519e-01
1.2009147743e+03 3.3793967125e-01
1.2014867395e+03 3.3813104495e-01
1.2020809113e+03 3.3834614257e-01
1.2026927586e+03 3.3855984698e-01
1.2032991121e+03 3.3881415573e-01
1.2038741610e+03 3.3905240114e-01
1.2044129200e+03 3.3927986236e-01
1.2049254323e+03 3.3946114385e-01
1.2054268250e+03 3.3964621286e-01
1.2059286957e+03 3.3980546129e-01
1.2064368065e+03 3.3998010170e-01
1.2069351850e+03 3.4014204089e-01
1.2074114543e+03 3.4033258420e-01
1.2078522554e+03 3.4051262574e-01
1.2082668768e+03 3.4070334863e-01
1.2086752827e+03 3.4085549010e-01
1.2090855450e+03 3.4099301457e-01
1.2094735174e+03 3.4108762846e-01
1.2098202921e+03 3.4118125666e-01
1.2101422118e+03 3.4123314735e-01
1.2104757633e+03 3.4126646242e-01
1.2108300359e+03 3.4125335614e-01
1.2111978474e+03 3.4126352345e-01
1.2115685683e+03 3.4128886018e-01
1.2119511224e+03 3.4136541657e-01
1.2123392851e+03 3.4144708295e-01
1.2127147884e+03 3.4155852809e-01
1.2130540151e+03 3.4163885412e-01
1.2133724207e+03 3.4170253418e-01
1.2136933563e+03 3.4172329417e-01
1.2140342269e+03 3.4176557348e-01
1.2143796170e+03 3.4180063655e-01
1.2147251156e+03 3.4184952305e-01
1.2150653850e+03 3.4186753475e-01
1.2153973541e+03 3.4190650783e-01
1.2157176641e+03 3.4194857724e-01
1.2160427555e+03 3.4202619443e-01
1.2163809850e+03 3.4209016855e-01
1.2167291113e+03 3.4217215752e-01
1.2170709742e+03 3.4224873350e-01
1.2174088452e+03 3.4236762701e-01
1.2177444615e+03 3.4249098340e-01
1.2180825441e+03 3.4264893138e-01
1.2184182709e+03 3.4280049469e-01
1.2187652117e+03 3.4297180801e-01
1.2191257423e+03 3.4311349439e-01
1.2194952184e+03 3.4325607951e-01
1.2198591266e+03 3.4336241424e-01
1.2202197222e+03 3.4347010716e-01
1.2205655626e+03 3.4354455976e-01
1.2208983384e+03 3.4363136640e-01
1.2213307109e+03 3.4374087701e-01
1.2218233357e+03 3.4389875039e-01
1.2223071131e+03 3.4404130944e-01
1.2227810723e+03 3.4419969938e-01
1.2232327108e+03 3.4434128819e-01
1.2236455420e+03 3.4450516064e-01
1.2240170114e+03 3.4464710398e-01
1.2243620009e+03 3.4479097233e-01
1.2246850500e+03 3.4487621631e-01
1.2249936559e+03 3.4491729419e-01
1.2252984034e+03 3.4488057355e-01
1.2256242219e+03 3.4483975917e-01
1.2259834609e+03 3.4481374306e-01
1.2263615992e+03 3.4486844931e-01
1.2267444179e+03 3.4495232054e-01
1.2271367741e+03 3.4505649554e-01
1.2275411921e+03 3.4512459935e-01
1.2279503861e+03 3.4520650777e-01
1.2283492363e+03 3.4528266917e-01
1.2287393643e+03 3.4537916862e-01
1.2291154256e+03 3.4543823908e-01
1.2294795272e+03 3.4549565961e-01
1.2298441952e+03 3.4553539376e-01
1.2302142848e+03 3.4560591029e-01
1.2305887743e+03 3.4566859459e-01
1.2309688164e+03 3.4575685981e-01
1.2313652426e+03 3.4584623023e-01
1.2317930672e+03 3.4598821609e-01
1.2322412809e+03 3.4614216159e-01
1.2326986585e+03 3.4633490779e-01
1.2331525402e+03 3.4651592974e-01
1.2336088618e+03 3.4670794938e-01
1.2340648387e+03 3.4686080028e-01
1.2345077171e+03 3.4700513885e-01
1.2349271008e+03 3.4711249370e-01
1.2353372623e+03 3.4723831448e-01
1.2357434990e+03 3.4735463515e-01
1.2361463005e+03 3.4749333278e-01
1.2365231911e+03 3.4760449419e-01
1.2368818146e+03 3.4773985745e-01
1.2372398216e+03 3.4788503724e-01
1.2376061801e+03 3.4807495225e-01
1.2379634984e+03 3.4825201295e-01
1.2383058969e+03 3.4843237828e-01
1.2386539524e+03 3.4857831340e-01
1.2390216188e+03 3.4873197620e-01
1.2393946702e+03 3.4885604051e-01
1.2397746575e+03 3.4897345305e-01
1.2401656688e+03 3.4902583166e-01
1.2405759759e+03 3.4904904547e-01
1.2409820848e+03 3.4902652158e-01
1.2413710876e+03 3.4902227932e-01
1.2417395624e+03 3.4901425547e-01
1.2421074357e+03 3.4906105639e-01
1.2424888762e+03 3.4914934060e-01
1.2428939579e+03 3.4931440535e-01
1.2433048767e+03 3.4947792506e-01
1.2437177687e+03 3.4963784251e-01
1.2441288131e+03 3.4974120989e-01
1.2445462146e+03 3.4984091631e-01
1.2449545707e+03 3.4991831428e-01
1.2453497514e+03 3.5001453051e-01
1.2457355735e+03 3.5008576329e-01
1.2461260474e+03 3.5017090067e-01
1.2465168988e+03 3.5024067061e-01
1.2469630642e+03 3.5035427001e-01
1.2474325935e+03 3.5046478269e-01
1.2479051379e+03 3.5061808621e-01
1.2483836632e+03 3.5078834927e-01
1.2488687349e+03 3.5099141028e-01
1.2493540414e+03 3.5115474300e-01
1.2498394641e+03 3.5131310575e-01
1.2503201581e+03 3.5145779010e-01
1.2507917599e+03 3.5163771893e-01
1.2512555296e+03 3.5180581621e-01
1.2517142808e+03 3.5199215685e-01
1.2521660886e+03 3.5216617845e-01
1.2526152564e+03 3.5236678931e-01
1.2530636143e+03 3.5254543876e-01
1.2535127542e+03 3.5273615603e-01
1.2539564220e+03 3.5290681678e-01
1.2544017154e+03 3.5309811896e-01
1.2548553943e+03 3.5326507404e-01
1.2553180207e+03 3.5344332349e-01
1.2557628032e+03 3.5359117205e-01
1.2561723443e+03 3.5373943095e-01
1.2565448845e+03 3.5383574127e-01
1.2568936885e+03 3.5389967086e-01
1.2572190408e+03 3.5388648966e-01
1.2575350281e+03 3.5385166114e-01
1.2578616771e+03 3.5378806096e-01
1.2582146722e+03 3.5375547883e-01
1.2585847067e+03 3.5373341668e-01
1.2589665498e+03 3.5378608633e-01
1.2593593949e+03 3.5389022703e-01
1.2597800324e+03 3.5407815296e-01
1.2602151987e+03 3.5427653833e-01
1.2606442256e+03 3.5448343478e-01
1.2610502984e+03 3.5463613136e-01
1.2614434350e+03 3.5476329335e-01
1.2618267332e+03 3.5483198411e-01
1.2621943876e+03 3.5490334705e-01
1.2625457719e+03 3.5497158679e-01
1.2629057870e+03 3.5508542593e-01
1.2632844207e+03 3.5517890804e-01
1.2636814551e+03 3.5527219411e-01
1.2640656398e+03 3.5533488541e-01
1.2644377243e+03 3.5543416317e-01
1.2648043003e+03 3.5553752932e-01
1.2651731403e+03 3.5566062815e-01
1.2655352352e+03 3.5574278936e-01
1.2658901304e+03 3.5583305788e-01
1.2662427226e+03 3.5591614118e-01
1.2666160565e+03 3.5603816597e-01
1.2669943926e+03 3.5615026605e-01
1.2673486849e+03 3.5629577832e-01
1.2676515318e+03 3.5644703187e-01
1.2679264635e+03 3.5663981274e-01
1.2681941708e+03 3.5680996230e-01
1.2684579988e+03 3.5696500314e-01
1.2687111297e+03 3.5705876483e-01
1.2689689700e+03 3.5715481411e-01
1.2692364934e+03 3.5723590870e-01
1.2695953158e+03 3.5736020098e-01
1.2700295347e+03 3.5745747509e-01
1.2704458516e+03 3.5752062097e-01
1.2708461805e+03 3.5751748365e-01
1.2712360889e+03 3.5750583544e-01
1.2716213470e+03 3.5745610648e-01
1.2720159768e+03 3.5741625550e-01
1.2724157426e+03 3.5736727173e-01
1.2728242877e+03 3.5736900636e-01
1.2732459477e+03 3.5739448683e-01
1.2736799771e+03 3.5748145451e-01
1.2741322981e+03 3.5760110588e-01
1.2746103253e+03 3.5781043010e-01
1.2751117865e+03 3.5806392329e-01
1.2756232504e+03 3.5835862553e-01
1.2761268143e+03 3.5859491045e-01
1.2766255135e+03 3.5878602630e-01
1.2771222448e+03 3.5891483938e-01
1.2776162299e+03 3.5906593719e-01
1.2780880230e+03 3.5921383726e-01
1.2785187829e+03 3.5937201306e-01
1.2789006203e+03 3.5947426844e-01
1.2792589881e+03 3.5956376906e-01
1.2796152550e+03 3.5962384566e-01
1.2799890598e+03 3.5970918862e-01
1.2803857808e+03 3.5978141407e-01
1.2808026737e+03 3.5988407190e-01
1.2812288822e+03 3.5998371765e-01
1.2816678853e+03 3.6012062385e-01
1.2821238629e+03 3.6025167717e-01
1.2825973406e+03 3.6041699753e-01
1.2830698868e+03 3.6058127932e-01
1.2835390160e+03 3.6079145101e-01
1.2840033811e+03 3.6101251202e-01
1.2844597262e+03 3.6127769731e-01
1.2848940760e+03 3.6152439816e-01
1.2853201882e+03 3.6177020849e-01
1.2857472222e+03 3.6196703650e-01
1.2861748883e+03 3.6216325585e-01
1.2865962323e+03 3.6232632415e-01
1.2870342113e+03 3.6249818633e-01
1.2874987622e+03 3.6262356842e-01
1.2879937151e+03 3.6272114354e-01
1.2884929973e+03 3.6273957856e-01
1.2889754809e+03 3.6273382258e-01
1.2894191395e+03 3.6268828608e-01
1.2898313361e+03 3.6267454709e-01
1.2902108398e+03 3.6267801271e-01
1.2905666740e+03 3.6274217807e-01
1.2908993996e+03 3.6280176820e-01
1.2912291276e+03 3.6288778549e-01
1.2915593335e+03 3.6298462109e-01
1.2918869468e+03 3.6315778646e-01
1.2922015878e+03 3.6335672363e-01
1.2925168309e+03 3.6358950379e-01
1.2928382563e+03 3.6378028024e-01
1.2931851237e+03 3.6395518921e-01
1.2935532111e+03 3.6407859044e-01
1.2939449752e+03 3.6420900558e-01
1.2943418480e+03 3.6430755870e-01
1.2947379029e+03 3.6441034176e-01
1.2951239664e+03 3.6447336796e-01
1.2955116674e+03 3.6454343440e-01
1.2958925436e+03 3.6457831324e-01
1.2962656702e+03 3.6462136010e-01
1.2966321877e+03 3.6464555050e-01
1.2970151222e+03 3.6471261866e-01
1.2974798245e+03 3.6481579788e-01
1.2980014113e+03 3.6498657970e-01
1.2985419172e+03 3.6515774353e-01
1.2990915110e+03 3.6535289310e-01
1.2996401096e+03 3.6553463236e-01
1.3001794775e+03 3.6576132629e-01
1.3007001974e+03 3.6600015364e-01
1.3011980281e+03 3.6627642908e-01
1.3016615443e+03 3.6652274410e-01
1.3020911543e+03 3.6676672323e-01
1.3024835256e+03 3.6696558864e-01
1.3028571517e+03 3.6716773443e-01
1.3032270754e+03 3.6733561350e-01
1.3036095739e+03 3.6750472294e-01
1.3039979672e+03 3.6761512985e-01
1.3043958364e+03 3.6769268507e-01
1.3048235295e+03 3.6770369557e-01
1.3052921535e+03 3.6771328287e-01
1.3057720075e+03 3.6770452652e-01
1.3062408122e+03 3.6773719182e-01
1.3066782018e+03 3.6776412465e-01
1.3070861065e+03 3.6781780015e-01
1.3074669109e+03 3.6785981550e-01
1.3078488059e+03 3.6795127996e-01
1.3082426233e+03 3.6807074363e-01
1.3086345133e+03 3.6825819742e-01
1.3090013135e+03 3.6845152853e-01
1.3093664562e+03 3.6867365118e-01
1.3097527007e+03 3.6886096831e-01
1.3101760031e+03 3.6904275204e-01
1.3106195986e+03 3.6917573447e-01
1.3110720869e+03 3.6931277778e-01
1.3115102695e+03 3.6941433959e-01
1.3119329207e+03 3.6951327281e-01
1.3123398777e+03 3.6955763254e-01
1.3127301239e+03 3.6958992139e-01
1.3130879036e+03 3.6958518552e-01
1.3134335658e+03 3.6961257588e-01
1.3137929591e+03 3.6965043441e-01
1.3141910787e+03 3.6974769390e-01
1.3146081118e+03 3.6985085797e-01
1.3150201402e+03 3.6998414401e-01
1.3154101392e+03 3.7009342103e-01
1.3157959571e+03 3.7023375687e-01
1.3161760081e+03 3.7038498581e-01
1.3165542819e+03 3.7059704047e-01
1.3169260734e+03 3.7080338337e-01
1.3172997687e+03 3.7102377155e-01
1.3176570663e+03 3.7120950509e-01
1.3179963424e+03 3.7140875628e-01
1.3183174433e+03 3.7157849150e-01
1.3186735115e+03 3.7176511710e-01
1.3191762679e+03 3.7194891173e-01
1.3196717696e+03 3.7211244490e-01
1.3201613195e+03 3.7220550812e-01
1.3206437161e+03 3.7227020083e-01
1.3211185308e+03 3.7227998227e-01
1.3215921898e+03 3.7230891298e-01
1.3220561616e+03 3.7233456312e-01
1.3225062869e+03 3.7239791310e-01
1.3229362966e+03 3.7244959367e-01
1.3233526054e+03 3.7253593813e-01
1.3237604063e+03 3.7262170070e-01
1.3241740413e+03 3.7275776784e-01
1.3245961428e+03 3.7290475487e-01
1.3250290769e+03 3.7309233654e-01
1.3254721342e+03 3.7325287324e-01
1.3259256430e+03 3.7340981699e-01
1.3263751740e+03 3.7351178777e-01
1.3268131611e+03 3.7359871322e-01
1.3272330259e+03 3.7363629365e-01
1.3276425866e+03 3.7368917454e-01
1.3280387258e+03 3.7372884640e-01
1.3284290944e+03 3.7379644752e-01
1.3288012430e+03 3.7383093605e-01
1.3291508365e+03 3.7387117271e-01
1.3294855077e+03 3.7389699435e-01
1.3298421591e+03 3.7397962525e-01
1.3302458090e+03 3.7408410849e-01
1.3306963363e+03 3.7424277762e-01
1.3311667591e+03 3.7439721221e-01
1.3316496880e+03 3.7457670852e-01
1.3321437293e+03 3.7473432159e-01
1.3326531975e+03 3.7493678770e-01
1.3331497610e+03 3.7515768007e-01
1.3336310778e+03 3.7542512777e-01
1.3341088546e+03 3.7565164345e-01
1.3345951644e+03 3.7586215326e-01
1.3350590188e+03 3.7603617921e-01
1.3354857024e+03 3.7624410518e-01
1.3358904084e+03 3.7643919905e-01
1.3363008032e+03 3.7663841646e-01
1.3367046844e+03 3.7677725276e-01
1.3371046938e+03 3.7690005257e-01
1.3375117882e+03 3.7696294103e-01
1.3379552754e+03 3.7701227789e-01
1.3384205770e+03 3.7701469543e-01
1.3388951055e+03 3.7704356470e-01
1.3393611042e+03 3.7708690790e-01
1.3398105294e+03 3.7720120823e-01
1.3402186521e+03 3.7731833866e-01
1.3405929760e+03 3.7744850668e-01
1.3409483693e+03 3.7753775139e-01
1.3413137782e+03 3.7765051336e-01
1.3416816717e+03 3.7775343918e-01
1.3420558340e+03 3.7787869301e-01
1.3424341783e+03 3.7795715881e-01
1.3428359138e+03 3.7802211052e-01
1.3432577527e+03 3.7803522793e-01
1.3436986552e+03 3.7806351330e-01
1.3441348753e+03 3.7807403685e-01
1.3445636814e+03 3.7810406322e-01
1.3449717238e+03 3.7810996081e-01
1.3453619149e+03 3.7816023594e-01
1.3457218893e+03 3.7821015142e-01
1.3460733579e+03 3.7828124630e-01
1.3464226442e+03 3.7831795970e-01
1.3467776571e+03 3.7839550801e-01
1.3471178042e+03 3.7849715299e-01
1.3474369908e+03 3.7866116996e-01
1.3477271576e+03 3.7881314436e-01
1.3480165362e+03 3.7897974318e-01
1.3483211123e+03 3.7911729525e-01
1.3486518621e+03 3.7928372441e-01
1.3490483831e+03 3.7945635689e-01
1.3496001867e+03 3.7969467685e-01
1.3501092709e+03 3.7987260079e-01
1.3505697876e+03 3.8003970323e-01
1.3509898047e+03 3.8018219122e-01
1.3513858716e+03 3.8035566348e-01
1.3517600297e+03 3.8049571048e-01
1.3521306542e+03 3.8063518317e-01
1.3525121442e+03 3.8073708115e-01
1.3529132257e+03 3.8084600721e-01
1.3533207390e+03 3.8089856104e-01
1.3537349262e+03 3.8093839104e-01
1.3541539463e+03 3.8095128240e-01
1.3545792091e+03 3.8101722669e-01
1.3549979775e+03 3.8109382620e-01
1.3554049801e+03 3.8120801966e-01
1.3557878773e+03 3.8129663821e-01
1.3561585860e+03 3.8139465622e-01
1.3565271512e+03 3.8146209638e-01
1.3569116170e+03 3.8156847689e-01
1.3572999568e+03 3.8167537662e-01
1.3576756705e+03 3.8179870663e-01
1.3580229263e+03 3.8185382099e-01
1.3583578292e+03 3.8188210788e-01
1.3586976345e+03 3.8186194347e-01
1.3590568078e+03 3.8185616992e-01
1.3594156755e+03 3.8182901753e-01
1.3597698816e+03 3.8184699129e-01
1.3601073575e+03 3.8186650845e-01
1.3604432048e+03 3.8191673678e-01
1.3607769610e+03 3.8193944052e-01
1.3611189970e+03 3.8199316277e-01
1.3614716673e+03 3.8205085028e-01
1.3618336402e+03 3.8216958635e-01
1.3621884254e+03 3.8230802480e-01
1.3625403543e+03 3.8250702216e-01
1.3628936417e+03 3.8270378340e-01
1.3632717867e+03 3.8292727566e-01
1.3636732680e+03 3.8312060189e-01
1.3641007472e+03 3.8332758464e-01
1.3645297681e+03 3.8350140103e-01
1.3649407190e+03 3.8368325231e-01
1.3653236608e+03 3.8381718779e-01
1.3656891495e+03 3.8394567370e-01
1.3660260376e+03 3.8403137939e-01
1.3663472050e+03 3.8414324693e-01
1.3666605072e+03 3.8424051015e-01
1.3670000482e+03 3.8436739889e-01
1.3673435467e+03 3.8445759672e-01
1.3676806594e+03 3.8455009802e-01
1.3680112522e+03 3.8460214536e-01
1.3683644068e+03 3.8467121903e-01
1.3687468954e+03 3.8472123763e-01
1.3691472676e+03 3.8480215451e-01
1.3695298599e+03 3.8486762362e-01
1.3698829971e+03 3.8496248678e-01
1.3701999743e+03 3.8502941905e-01
1.3705117671e+03 3.8511527520e-01
1.3708122984e+03 3.8518043723e-01
1.3711060508e+03 3.8528892091e-01
1.3713830341e+03 3.8538682615e-01
1.3716710308e+03 3.8549692079e-01
1.3719750430e+03 3.8554542292e-01
1.3723013828e+03 3.8557557631e-01
1.3726432081e+03 3.8555339033e-01
1.3730135111e+03 3.8553937501e-01
1.3734028622e+03 3.8550250273e-01
1.3738100738e+03 3.8550932256e-01
1.3742087538e+03 3.8551509198e-01
1.3745935477e+03 3.8556856310e-01
1.3749360190e+03 3.8562106878e-01
1.3752557284e+03 3.8572514305e-01
1.3755596841e+03 3.8582155953e-01
1.3758647492e+03 3.8595056650e-01
1.3761634360e+03 3.8606808584e-01
1.3764718393e+03 3.8623049446e-01
1.3767955522e+03 3.8639330268e-01
1.3771444665e+03 3.8660014069e-01
1.3774867659e+03 3.8678703947e-01
1.3778180074e+03 3.8698761160e-01
1.3782739814e+03 3.8718519559e-01
1.3788114020e+03 3.8740776399e-01
1.3793301353e+03 3.8757724578e-01
1.3798261958e+03 3.8774151388e-01
1.3802921294e+03 3.8785557304e-01
1.3807416943e+03 3.8797945262e-01
1.3811811025e+03 3.8808409006e-01
1.3816223937e+03 3.8822909526e-01
1.3820658791e+03 3.8835997471e-01
1.3825203416e+03 3.8850787361e-01
1.3829879342e+03 3.8862347068e-01
1.3834793195e+03 3.8877468852e-01
1.3839718802e+03 3.8891780700e-01
1.3844503221e+03 3.8908119947e-01
1.3849038781e+03 3.8918516720e-01
1.3853542785e+03 3.8926656485e-01
1.3858044374e+03 3.8930105343e-01
1.3862469100e+03 3.8938323166e-01
1.3866598702e+03 3.8949554150e-01
1.3870537634e+03 3.8967035034e-01
1.3874415308e+03 3.8981479308e-01
1.3878480329e+03 3.8994320463e-01
1.3882573034e+03 3.8999302207e-01
1.3886584349e+03 3.9001913078e-01
1.3890368581e+03 3.8997754931e-01
1.3894056027e+03 3.8992597548e-01
1.3897514737e+03 3.8983668042e-01
1.3900735704e+03 3.8979632644e-01
1.3903783591e+03 3.8978942396e-01
1.3906925039e+03 3.8987177384e-01
1.3910117575e+03 3.8997705707e-01
1.3913385423e+03 3.9012876655e-01
1.3916630373e+03 3.9025734455e-01
1.3920013325e+03 3.9040966679e-01
1.3923558404e+03 3.9053463593e-01
1.3927586886e+03 3.9068510261e-01
1.3932139815e+03 3.9081943330e-01
1.3937122716e+03 3.9100894128e-01
1.3942033377e+03 3.9121416940e-01
1.3946675932e+03 3.9146281853e-01
1.3951039511e+03 3.9166614724e-01
1.3955410671e+03 3.9184722238e-01
1.3959823450e+03 3.9196324051e-01
1.3964265517e+03 3.9208984474e-01
1.3968452340e+03 3.9218994942e-01
1.3972488856e+03 3.9230878378e-01
1.3976451226e+03 3.9238789110e-01
1.3980560762e+03 3.9248906243e-01
1.3984622073e+03 3.9257204208e-01
1.3988720983e+03 3.9269720635e-01
1.3992698147e+03 3.9282281898e-01
1.3996591161e+03 3.9300406224e-01
1.4000308581e+03 3.9316863375e-01
1.4004059379e+03 3.9332980547e-01
1.4007790998e+03 3.9341346036e-01
1.4011457497e+03 3.9347235433e-01
1.4014848149e+03 3.9347762849e-01
1.4018157590e+03 3.9351489441e-01
1.4021440003e+03 3.9355881704e-01
1.4024842451e+03 3.9365641929e-01
1.4028164479e+03 3.9372188638e-01
1.4031626790e+03 3.9378097325e-01
1.4035245241e+03 3.9378173901e-01
1.4039129482e+03 3.9379035501e-01
1.4043034553e+03 3.9375881501e-01
1.4046968829e+03 3.9373606439e-01
1.4050864698e+03 3.9368902118e-01
1.4054874979e+03 3.9370728545e-01
1.4058846295e+03 3.9374809080e-01
1.4062861557e+03 3.9383358003e-01
1.4066683038e+03 3.9388372163e-01
1.4070319078e+03 3.9396292997e-01
1.4073623050e+03 3.9403964552e-01
1.4076857145e+03 3.9416248604e-01
1.4080086539e+03 3.9426455042e-01
1.4083513664e+03 3.9439642200e-01
1.4087047759e+03 3.9451781920e-01
1.4091643069e+03 3.9471675965e-01
1.4097444897e+03 3.9494985860e-01
1.4103427528e+03 3.9523333768e-01
1.4109307725e+03 3.9549989740e-01
1.4114857576e+03 3.9576842062e-01
1.4119832013e+03 3.9595468120e-01
1.4124331082e+03 3.9610426848e-01
1.4128504035e+03 3.9619236722e-01
1.4132629232e+03 3.9630085750e-01
1.4136763678e+03 3.9639133999e-01
1.4141031971e+03 3.9652212774e-01
1.4145324025e+03 3.9665289394e-01
1.4149726917e+03 3.9684647929e-01
1.4154162357e+03 3.9704020473e-01
1.4158701425e+03 3.9726008885e-01
1.4163186765e+03 3.9743485694e-01
1.4167593967e+03 3.9760709321e-01
1.4171791529e+03 3.9771163710e-01
1.4175862524e+03 3.9779212602e-01
1.4179702920e+03 3.9781338736e-01
1.4183445359e+03 3.9787147698e-01
1.4187074742e+03 3.9794023770e-01
1.4190807278e+03 3.9805119142e-01
1.4194699392e+03 3.9811893918e-01
1.4198845136e+03 3.9818241773e-01
1.4203020457e+03 3.9819194299e-01
1.4207217140e+03 3.9820997912e-01
1.4211263402e+03 3.9819300828e-01
1.4215204611e+03 3.9820825385e-01
1.4218875898e+03 3.9820541829e-01
1.4222538154e+03 3.9823116280e-01
1.4226322020e+03 3.9822850275e-01
1.4230303571e+03 3.9826713003e-01
1.4234191199e+03 3.9832299662e-01
1.4237955871e+03 3.9844713070e-01
1.4241609521e+03 3.9856187062e-01
1.4245478737e+03 3.9870564793e-01
1.4249567293e+03 3.9882842743e-01
1.4253846473e+03 3.9899139669e-01
1.4257949030e+03 3.9913885627e-01
1.4261937172e+03 3.9932805430e-01
1.4265796499e+03 3.9951418925e-01
1.4269653412e+03 3.9974375383e-01
1.4273445847e+03 3.9993865090e-01
1.4277424878e+03 4.0013665368e-01
1.4281460938e+03 4.0028672167e-01
1.4285481859e+03 4.0044755033e-01
1.4289271058e+03 4.0055506732e-01
1.4292990153e+03 4.0066136462e-01
1.4296503889e+03 4.0073097518e-01
1.4299943483e+03 4.0085220081e-01
1.4303197142e+03 4.0098245534e-01
1.4306468894e+03 4.0116038025e-01
1.4309698063e+03 4.0130961493e-01
1.4313086331e+03 4.0147931960e-01
1.4316518248e+03 4.0160766648e-01
1.4320146066e+03 4.0172715291e-01
1.4323934581e+03 4.0177040371e-01
1.4327933632e+03 4.0181202410e-01
1.4331795543e+03 4.0183128861e-01
1.4335559667e+03 4.0190122852e-01
1.4339138737e+03 4.0195869150e-01
1.4342737184e+03 4.0204676887e-01
1.4346179606e+03 4.0210610342e-01
1.4349601666e+03 4.0218950855e-01
1.4352880277e+03 4.0223486315e-01
1.4356165545e+03 4.0229768203e-01
1.4359414882e+03 4.0232513653e-01
1.4362973200e+03 4.0237172291e-01
1.4366774188e+03 4.0237683311e-01
1.4370803480e+03 4.0240062149e-01
1.4374640258e+03 4.0239902845e-01
1.4378241046e+03 4.0244519196e-01
1.4381507008e+03 4.0249999956e-01
1.4384747933e+03 4.0261910136e-01
1.4388073196e+03 4.0273505956e-01
1.4392159958e+03 4.0290169832e-01
1.4396167941e+03 4.0304012716e-01
1.4400403622e+03 4.0322581497e-01
1.4404902885e+03 4.0341712809e-01
1.4409836964e+03 4.0367028268e-01
1.4415093718e+03 4.0392509887e-01
1.4420511996e+03 4.0422690481e-01
1.4425711149e+03 4.0449136567e-01
1.4430712255e+03 4.0474115708e-01
1.4435461732e+03 4.0490646003e-01
1.4440118148e+03 4.0504916806e-01
1.4444680600e+03 4.0514251012e-01
1.4449296363e+03 4.0526759066e-01
1.4453841828e+03 4.0537355956e-01
1.4458456490e+03 4.0550549133e-01
1.4463062707e+03 4.0561139161e-01
1.4467704834e+03 4.0577215933e-01
1.4472160986e+03 4.0593939363e-01
1.4476508530e+03 4.0614528308e-01
1.4480657387e+03 4.0629747590e-01
1.4484744510e+03 4.0643775288e-01
1.4488785090e+03 4.0652149023e-01
1.4493098876e+03 4.0662149363e-01
1.4497557545e+03 4.0669352826e-01
1.4502109428e+03 4.0680022236e-01
1.4506502791e+03 4.0688667995e-01
1.4510861863e+03 4.0700888140e-01
1.4514963955e+03 4.0710012299e-01
1.4518806605e+03 4.0720309124e-01
1.4522338280e+03 4.0725999249e-01
1.4525889886e+03 4.0734196347e-01
1.4529475786e+03 4.0739988657e-01
1.4533210698e+03 4.0747840187e-01
1.4536912149e+03 4.0750575613e-01
1.4540724903e+03 4.0754242537e-01
1.4544533916e+03 4.0755249504e-01
1.4548425370e+03 4.0761463701e-01
1.4552093960e+03 4.0767420815e-01
1.4555591718e+03 4.0778377915e-01
1.4558938882e+03 4.0788826704e-01
1.4562590418e+03 4.0804956194e-01
1.4566547575e+03 4.0820230613e-01
1.4570758971e+03 4.0838738157e-01
1.4574885127e+03 4.0854724218e-01
1.4579073773e+03 4.0875939955e-01
1.4583281382e+03 4.0897226250e-01
1.4587704214e+03 4.0922222758e-01
1.4592150915e+03 4.0941407358e-01
1.4596716182e+03 4.0959043747e-01
1.4601160831e+03 4.0971062045e-01
1.4605512631e+03 4.0985842268e-01
1.4609568926e+03 4.0997984119e-01
1.4613622012e+03 4.1011269370e-01
1.4617699884e+03 4.1018032816e-01
1.4621967626e+03 4.1025554945e-01
1.4626046536e+03 4.1031897570e-01
1.4629910011e+03 4.1046104092e-01
1.4633480034e+03 4.1061491044e-01
1.4637244750e+03 4.1080930153e-01
1.4641195323e+03 4.1095817604e-01
1.4645464977e+03 4.1111834118e-01
1.4649824458e+03 4.1124114607e-01
1.4654942869e+03 4.1141219132e-01
1.4660322334e+03 4.1156964900e-01
1.4665585234e+03 4.1175159884e-01
1.4670567419e+03 4.1188975549e-01
1.4675391498e+03 4.1203396842e-01
1.4680011073e+03 4.1212239431e-01
1.4684749114e+03 4.1221719455e-01
1.4689615400e+03 4.1227568499e-01
1.4694662542e+03 4.1238199408e-01
1.4699686614e+03 4.1248850164e-01
1.4704868803e+03 4.1263144838e-01
1.4710159209e+03 4.1271959946e-01
1.4715506722e+03 4.1280382191e-01
1.4720629271e+03 4.1285531059e-01
1.4725654484e+03 4.1296593959e-01
1.4730567228e+03 4.1308906694e-01
1.4735468635e+03 4.1326970979e-01
1.4740152211e+03 4.1343276627e-01
1.4744932636e+03 4.1363935455e-01
1.4749882079e+03 4.1383573447e-01
1.4755141939e+03 4.1408131031e-01
1.4760364045e+03 4.1430872099e-01
1.4765592174e+03 4.1456699018e-01
1.4770824545e+03 4.1478958542e-01
1.4776190510e+03 4.1502448632e-01
1.4781419798e+03 4.1519936958e-01
1.4786448984e+03 4.1536677423e-01
1.4791049271e+03 4.1547997588e-01
1.4795556617e+03 4.1562318056e-01
1.4800024103e+03 4.1574030868e-01
1.4804775199e+03 4.1588338671e-01
1.4809544434e+03 4.1598247056e-01
1.4814323031e+03 4.1610000535e-01
1.4818866577e+03 4.1618794099e-01
1.4823282162e+03 4.1631745537e-01
1.4827518390e+03 4.1643864939e-01
1.4831829107e+03 4.1661314890e-01
1.4836196667e+03 4.1677612854e-01
1.4840776209e+03 4.1697553673e-01
1.4845258266e+03 4.1713898567e-01
1.4849779831e+03 4.1732787216e-01
1.4854242242e+03 4.1748359732e-01
1.4858975372e+03 4.1766412700e-01
1.4863734705e+03 4.1778899581e-01
1.4868372970e+03 4.1789696380e-01
1.4872545392e+03 4.1792981796e-01
1.4876516298e+03 4.1797220680e-01
1.4880314240e+03 4.1798801320e-01
1.4884176419e+03 4.1804848007e-01
1.4887935831e+03 4.1809364737e-01
1.4891835412e+03 4.1818187659e-01
1.4895719519e+03 4.1823711019e-01
1.4899756496e+03 4.1831399193e-01
1.4903679051e+03 4.1835756257e-01
1.4907619731e+03 4.1844290498e-01
1.4911397267e+03 4.1851786947e-01
1.4915260308e+03 4.1865358130e-01
1.4919092048e+03 4.1879103045e-01
1.4923102590e+03 4.1897989269e-01
1.4927163353e+03 4.1914142777e-01
1.4931522364e+03 4.1933876105e-01
1.4935964449e+03 4.1952559808e-01
1.4941782093e+03 4.1979577632e-01
1.4947388205e+03 4.2000436149e-01
1.4952859338e+03 4.2018232997e-01
1.4958237824e+03 4.2028941984e-01
1.4963738148e+03 4.2041701972e-01
1.4969088039e+03 4.2050922036e-01
1.4974283712e+03 4.2062733377e-01
1.4979193471e+03 4.2072421276e-01
1.4983989921e+03 4.2087350241e-01
1.4988476831e+03 4.2099359528e-01
1.4992850144e+03 4.2110677417e-01
1.4997168166e+03 4.2114756374e-01
1.5001663819e+03 4.2121725110e-01
1.5006224003e+03 4.2130736862e-01
1.5010957085e+03 4.2150007721e-01
1.5015698603e+03 4.2171211777e-01
1.5020465409e+03 4.2196124426e-01
1.5024993970e+03 4.2215288115e-01
1.5029527999e+03 4.2234522206e-01
1.5033986944e+03 4.2247766686e-01
1.5038468682e+03 4.2260881550e-01
1.5042668501e+03 4.2266735262e-01
1.5046747089e+03 4.2272140855e-01
1.5050630729e+03 4.2273285900e-01
1.5054553697e+03 4.2278333337e-01
1.5058466513e+03 4.2281221921e-01
1.5062548070e+03 4.2288070010e-01
1.5066712912e+03 4.2294103379e-01
1.5071146756e+03 4.2306110319e-01
1.5075639922e+03 4.2315633164e-01
1.5080253147e+03 4.2326068780e-01
1.5084595908e+03 4.2330598773e-01
1.5088774984e+03 4.2339120292e-01
1.5092774764e+03 4.2349079851e-01
1.5097023539e+03 4.2367205294e-01
1.5101457684e+03 4.2384180145e-01
1.5106147133e+03 4.2403295480e-01
1.5110912185e+03 4.2418604224e-01
1.5115913115e+03 4.2438271895e-01
1.5120887978e+03 4.2456640847e-01
1.5125983812e+03 4.2478981961e-01
1.5130889223e+03 4.2496677690e-01
1.5135543872e+03 4.2514051653e-01
1.5139613080e+03 4.2522962239e-01
1.5143508213e+03 4.2530527186e-01
1.5147394757e+03 4.2534222376e-01
1.5151565233e+03 4.2544010125e-01
1.5155742687e+03 4.2553298731e-01
1.5159937317e+03 4.2565679187e-01
1.5163899795e+03 4.2572504572e-01
1.5168080639e+03 4.2580475082e-01
1.5172398997e+03 4.2584589557e-01
1.5176945048e+03 4.2594496347e-01
1.5181297067e+03 4.2606640075e-01
1.5185577999e+03 4.2627368002e-01
1.5189640738e+03 4.2646206921e-01
1.5193635200e+03 4.2665413525e-01
1.5197311794e+03 4.2677993684e-01
1.5200948443e+03 4.2692131100e-01
1.5204523364e+03 4.2701943260e-01
1.5208368020e+03 4.2713396630e-01
1.5212182467e+03 4.2718580450e-01
1.5216117851e+03 4.2723820230e-01
1.5219830216e+03 4.2724023877e-01
1.5223433371e+03 4.2728962376e-01
1.5226718326e+03 4.2734050092e-01
1.5229955805e+03 4.2744573418e-01
1.5233009553e+03 4.2751006113e-01
1.5236132712e+03 4.2758243878e-01
1.5239145064e+03 4.2760516442e-01
1.5242266340e+03 4.2766066049e-01
1.5245314963e+03 4.2768740503e-01
1.5248684682e+03 4.2775476562e-01
1.5252212886e+03 4.2781066162e-01
1.5255884776e+03 4.2793767647e-01
1.5259743399e+03 4.2807986688e-01
1.5264723085e+03 4.2829952840e-01
1.5269714369e+03 4.2847664372e-01
1.5274948978e+03 4.2868145032e-01
1.5280298416e+03 4.2886630968e-01
1.5285814286e+03 4.2909893442e-01
1.5291088544e+03 4.2929204097e-01
1.5296211245e+03 4.2948743018e-01
1.5301085972e+03 4.2960941493e-01
1.5305865741e+03 4.2973269281e-01
1.5310333949e+03 4.2981147956e-01
1.5314682425e+03 4.2991783740e-01
1.5318783613e+03 4.2998325408e-01
1.5322756068e+03 4.3007520464e-01
1.5326473495e+03 4.3013495546e-01
1.5330315086e+03 4.3023271848e-01
1.5334216929e+03 4.3030308963e-01
1.5338323859e+03 4.3042264343e-01
1.5342367220e+03 4.3053816924e-01
1.5346535639e+03 4.3071126679e-01
1.5350624573e+03 4.3084974760e-01
1.5354706599e+03 4.3099386613e-01
1.5358513943e+03 4.3107853452e-01
1.5362223566e+03 4.3119628870e-01
1.5365693812e+03 4.3128820301e-01
1.5369216607e+03 4.3140336309e-01
1.5372694442e+03 4.3146052445e-01
1.5376353217e+03 4.3154350445e-01
1.5379971669e+03 4.3161802281e-01
1.5383676120e+03 4.3175212379e-01
1.5387305839e+03 4.3184465485e-01
1.5391113137e+03 4.3192892275e-01
1.5394888870e+03 4.3194303515e-01
1.5398777742e+03 4.3198796575e-01
1.5402529061e+03 4.3200673996e-01
1.5406461333e+03 4.3205542035e-01
1.5410442855e+03 4.3206069124e-01
1.5414550370e+03 4.3211486533e-01
1.5418485164e+03 4.3218484763e-01
1.5422405632e+03 4.3234135971e-01
1.5426232905e+03 4.3249215573e-01
1.5430304272e+03 4.3268310745e-01
1.5434334551e+03 4.3284721660e-01
1.5438400084e+03 4.3306442129e-01
1.5442182444e+03 4.3325278651e-01
1.5446042208e+03 4.3345885892e-01
1.5449850794e+03 4.3359718122e-01
1.5453811968e+03 4.3373332437e-01
1.5457717940e+03 4.3380831699e-01
1.5461716643e+03 4.3390461214e-01
1.5465513085e+03 4.3395872550e-01
1.5469284149e+03 4.3402839897e-01
1.5472898431e+03 4.3403937517e-01
1.5476809052e+03 4.3408145459e-01
1.5480912071e+03 4.3410751007e-01
1.5485346256e+03 4.3419022469e-01
1.5489514535e+03 4.3424732954e-01
1.5493361860e+03 4.3434388568e-01
1.5496693340e+03 4.3441146339e-01
1.5500013233e+03 4.3451856258e-01
1.5503259574e+03 4.3458558652e-01
1.5506763097e+03 4.3467841614e-01
1.5510398242e+03 4.3474092008e-01
1.5514370324e+03 4.3485675177e-01
1.5518198406e+03 4.3494131583e-01
1.5521860686e+03 4.3503572581e-01
1.5525115671e+03 4.3506814738e-01
1.5528417399e+03 4.3514418499e-01
1.5531649618e+03 4.3521349894e-01
1.5535076165e+03 4.3532716972e-01
1.5538439141e+03 4.3538238767e-01
1.5542044644e+03 4.3544665778e-01
1.5545626022e+03 4.3547120206e-01
1.5549291266e+03 4.3554807908e-01
1.5552751415e+03 4.3560743424e-01
1.5556410444e+03 4.3570680686e-01
1.5560130905e+03 4.3576645967e-01
1.5564096350e+03 4.3586810641e-01
1.5567879804e+03 4.3595498849e-01
1.5571659713e+03 4.3610203027e-01
1.5575226757e+03 4.3623045862e-01
1.5578933742e+03 4.3641495503e-01
1.5582465169e+03 4.3658981204e-01
1.5586099849e+03 4.3681989665e-01
1.5591420335e+03 4.3705427291e-01
1.5597016025e+03 4.3728500058e-01
1.5602172456e+03 4.3742685365e-01
1.5607169100e+03 4.3757319568e-01
1.5611958517e+03 4.3767828700e-01
1.5616732859e+03 4.3781473891e-01
1.5621192739e+03 4.3789331789e-01
1.5625585961e+03 4.3797909364e-01
1.5629817002e+03 4.3802155955e-01
1.5634238569e+03 4.3811952653e-01
1.5638667467e+03 4.3820838339e-01
1.5643248669e+03 4.3834863981e-01
1.5647679544e+03 4.3845847767e-01
1.5652139031e+03 4.3860409134e-01
1.5656558641e+03 4.3871458036e-01
1.5661112732e+03 4.3885154680e-01
1.5665443129e+03 4.3893316392e-01
1.5669795018e+03 4.3904223046e-01
1.5674106487e+03 4.3913019105e-01
1.5678615571e+03 4.3926959262e-01
1.5682904794e+03 4.3936109600e-01
1.5687220204e+03 4.3946468008e-01
1.5691502158e+03 4.3953489998e-01
1.5695940283e+03 4.3967143066e-01
1.5700154728e+03 4.3979447035e-01
1.5704356392e+03 4.3994767764e-01
1.5708521643e+03 4.4003961415e-01
1.5712920849e+03 4.4014414271e-01
1.5717151757e+03 4.4020806593e-01
1.5721391391e+03 4.4033271561e-01
1.5725611075e+03 4.4045228055e-01
1.5730341991e+03 4.4062877120e-01
1.5735273073e+03 4.4077635942e-01
1.5740323346e+03 4.4095990588e-01
1.5745069658e+03 4.4110021540e-01
1.5749803766e+03 4.4127274901e-01
1.5754321085e+03 4.4141629451e-01
1.5758779968e+03 4.4161642519e-01
1.5762901970e+03 4.4180001149e-01
1.5767051455e+03 4.4202652881e-01
1.5771109036e+03 4.4219968526e-01
1.5775347226e+03 4.4237944964e-01
1.5779507537e+03 4.4249315826e-01
1.5783775980e+03 4.4262521552e-01
1.5787847623e+03 4.4270554597e-01
1.5792073426e+03 4.4280212702e-01
1.5796252524e+03 4.4283836899e-01
1.5800558883e+03 4.4290084159e-01
1.5804592361e+03 4.4293233188e-01
1.5808748588e+03 4.4301768287e-01
1.5812904743e+03 4.4308172840e-01
1.5817143362e+03 4.4319740298e-01
1.5820990957e+03 4.4329026511e-01
1.5824704635e+03 4.4343243078e-01
1.5828089564e+03 4.4353131684e-01
1.5831598348e+03 4.4364679167e-01
1.5835122931e+03 4.4370575205e-01
1.5838983140e+03 4.4380450010e-01
1.5842709816e+03 4.4387812823e-01
1.5846454003e+03 4.4398774915e-01
1.5850013995e+03 4.4403998259e-01
1.5853734985e+03 4.4410832598e-01
1.5857392285e+03 4.4413430798e-01
1.5861244617e+03 4.4421518551e-01
1.5864977617e+03 4.4427937749e-01
1.5868958555e+03 4.4438980933e-01
1.5872815773e+03 4.4445580123e-01
1.5876645763e+03 4.4456094336e-01
1.5879937172e+03 4.4463733841e-01
1.5883087779e+03 4.4476690344e-01
1.5886068096e+03 4.4487392360e-01
1.5889378007e+03 4.4502874046e-01
1.5892822340e+03 4.4513776814e-01
1.5896614842e+03 4.4526816707e-01
1.5900362285e+03 4.4535365604e-01
1.5904390749e+03 4.4549085436e-01
1.5908450293e+03 4.4561228221e-01
1.5912802834e+03 4.4579121750e-01
1.5917159493e+03 4.4593833022e-01
1.5923034312e+03 4.4615858674e-01
1.5928401204e+03 4.4631881188e-01
1.5933336146e+03 4.4649463699e-01
1.5937574403e+03 4.4661015008e-01
1.5941528660e+03 4.4673380996e-01
1.5945145511e+03 4.4678306668e-01
1.5948742405e+03 4.4684766245e-01
1.5952139077e+03 4.4687816708e-01
1.5955791217e+03 4.4696296301e-01
1.5959596881e+03 4.4701335097e-01
1.5963788368e+03 4.4709517522e-01
1.5968079053e+03 4.4714895134e-01
1.5972745534e+03 4.4728264249e-01
1.5977487631e+03 4.4742240768e-01
1.5982363727e+03 4.4760901787e-01
1.5986948394e+03 4.4772896620e-01
1.5991526635e+03 4.4786500524e-01
1.5995937472e+03 4.4796746196e-01
1.6000537898e+03 4.4812300916e-01
1.6004920597e+03 4.4823564521e-01
1.6009219797e+03 4.4836595469e-01
1.6013243261e+03 4.4844070618e-01
1.6017382116e+03 4.4854720437e-01
1.6021390413e+03 4.4860818302e-01
1.6025489492e+03 4.4869634960e-01
1.6029508648e+03 4.4873680205e-01
1.6033783029e+03 4.4882557948e-01
1.6037909460e+03 4.4890059593e-01
1.6042248959e+03 4.4905082615e-01
1.6046641385e+03 4.4918716073e-01
1.6051494911e+03 4.4937616998e-01
1.6056434226e+03 4.4953438476e-01
1.6061577643e+03 4.4973891489e-01
1.6066673430e+03 4.4990720576e-01
1.6072021188e+03 4.5010663580e-01
1.6077360859e+03 4.5025778147e-01
1.6082864349e+03 4.5045309842e-01
1.6088074799e+03 4.5062577167e-01
1.6093199475e+03 4.5085629617e-01
1.6097789941e+03 4.5104330130e-01
1.6102160653e+03 4.5125038270e-01
1.6106118088e+03 4.5139306877e-01
1.6110243975e+03 4.5154913744e-01
1.6114448899e+03 4.5163399851e-01
1.6118951911e+03 4.5172400439e-01
1.6123346477e+03 4.5175022862e-01
1.6127784236e+03 4.5180326708e-01
1.6131977408e+03 4.5181409641e-01
1.6136427011e+03 4.5187857487e-01
1.6140910922e+03 4.5192048732e-01
1.6145691505e+03 4.5202517462e-01
1.6150144121e+03 4.5211404122e-01
1.6154485513e+03 4.5227466334e-01
1.6158568675e+03 4.5241968654e-01
1.6162797639e+03 4.5260582286e-01
1.6166786940e+03 4.5273726206e-01
1.6170601425e+03 4.5289185358e-01
1.6173960336e+03 4.5299878342e-01
1.6177513467e+03 4.5314493072e-01
1.6181161533e+03 4.5323811657e-01
1.6185204941e+03 4.5335317198e-01
1.6189101924e+03 4.5340796342e-01
1.6193200862e+03 4.5349357470e-01
1.6197241258e+03 4.5352547442e-01
1.6201475952e+03 4.5357528008e-01
1.6205543901e+03 4.5356039710e-01
1.6209836817e+03 4.5358551953e-01
1.6213966553e+03 4.5360529301e-01
1.6218027192e+03 4.5371938992e-01
1.6221575636e+03 4.5383183029e-01
1.6225123810e+03 4.5400302398e-01
1.6228456007e+03 4.5413446491e-01
1.6232041904e+03 4.5430733108e-01
1.6235656539e+03 4.5443611563e-01
1.6239682343e+03 4.5460209372e-01
1.6243644306e+03 4.5472334858e-01
1.6247736695e+03 4.5489379810e-01
1.6251477153e+03 4.5503548460e-01
1.6255211082e+03 4.5522584700e-01
1.6260158213e+03 4.5541477901e-01
1.6265294330e+03 4.5562897316e-01
1.6270160720e+03 4.5577252382e-01
1.6274850605e+03 4.5591233940e-01
1.6278990233e+03 4.5594901442e-01
1.6283055943e+03 4.5596770651e-01
1.6286810316e+03 4.5591285998e-01
1.6290533044e+03 4.5590814743e-01
1.6293966168e+03 4.5589312011e-01
1.6297599869e+03 4.5595279387e-01
1.6301179837e+03 4.5599581466e-01
1.6305024585e+03 4.5610354913e-01
1.6308876619e+03 4.5619580126e-01
1.6313063389e+03 4.5634829125e-01
1.6317188966e+03 4.5646780089e-01
1.6321476461e+03 4.5663825155e-01
1.6325575447e+03 4.5677631961e-01
1.6329761151e+03 4.5695861411e-01
1.6333703089e+03 4.5708897721e-01
1.6337899777e+03 4.5724688271e-01
1.6342081912e+03 4.5734749426e-01
1.6346393069e+03 4.5747774480e-01
1.6350412596e+03 4.5755306766e-01
1.6354544675e+03 4.5764628177e-01
1.6358607270e+03 4.5766377467e-01
1.6362855577e+03 4.5768634659e-01
1.6366803128e+03 4.5763973418e-01
1.6370741053e+03 4.5764829613e-01
1.6374396134e+03 4.5767462952e-01
1.6378259882e+03 4.5782732315e-01
1.6382075101e+03 4.5799619686e-01
1.6386299721e+03 4.5822519692e-01
1.6390701360e+03 4.5840579418e-01
1.6395544664e+03 4.5862304248e-01
1.6400372403e+03 4.5880196596e-01
1.6405373339e+03 4.5903511677e-01
1.6410184891e+03 4.5923538564e-01
1.6415047100e+03 4.5947126152e-01
1.6419470468e+03 4.5964214077e-01
1.6423941299e+03 4.5983657959e-01
1.6428264542e+03 4.5996679996e-01
1.6432811564e+03 4.6011468691e-01
1.6436962018e+03 4.6018148371e-01
1.6440950788e+03 4.6025180808e-01
1.6444671399e+03 4.6025657221e-01
1.6448659899e+03 4.6030293561e-01
1.6452662105e+03 4.6031888384e-01
1.6456956291e+03 4.6039491677e-01
1.6461139662e+03 4.6045250718e-01
1.6465600037e+03 4.6058500173e-01
1.6469915643e+03 4.6069291968e-01
1.6474418495e+03 4.6084859610e-01
1.6478747253e+03 4.6096511487e-01
1.6483267515e+03 4.6114640752e-01
1.6487449352e+03 4.6130623193e-01
1.6491407159e+03 4.6151290461e-01
1.6494832726e+03 4.6165971533e-01
1.6498293524e+03 4.6183087874e-01
1.6501602586e+03 4.6194760727e-01
1.6505201592e+03 4.6209887886e-01
1.6508793006e+03 4.6218758865e-01
1.6512782918e+03 4.6229505608e-01
1.6516683810e+03 4.6233397908e-01
1.6520783263e+03 4.6240328649e-01
1.6524761077e+03 4.6241887350e-01
1.6529017582e+03 4.6246869969e-01
1.6533047431e+03 4.6247205068e-01
1.6537045761e+03 4.6254021810e-01
1.6540650279e+03 4.6260540556e-01
1.6544392654e+03 4.6276303132e-01
1.6547970617e+03 4.6290771572e-01
1.6551844314e+03 4.6310831484e-01
1.6555570095e+03 4.6326793113e-01
1.6559530383e+03 4.6348366464e-01
1.6563457663e+03 4.6365923094e-01
1.6567934262e+03 4.6386479738e-01
1.6572503419e+03 4.6399642096e-01
1.6577338142e+03 4.6415788581e-01
1.6581799546e+03 4.6427815524e-01
1.6586240528e+03 4.6444679842e-01
1.6590371833e+03 4.6455102470e-01
1.6594756210e+03 4.6466774173e-01
1.6598999924e+03 4.6471684095e-01
1.6604120938e+03 4.6483123128e-01
1.6608848781e+03 4.6490388689e-01
1.6613685752e+03 4.6502800990e-01
1.6618234292e+03 4.6511239873e-01
1.6622854317e+03 4.6525478987e-01
1.6627113885e+03 4.6536772631e-01
1.6631380078e+03 4.6553489522e-01
1.6635301187e+03 4.6565109339e-01
1.6639408182e+03 4.6580887129e-01
1.6643379574e+03 4.6593508488e-01
1.6647600304e+03 4.6613035546e-01
1.6651697092e+03 4.6628882934e-01
1.6656023356e+03 4.6647797307e-01
1.6660150559e+03 4.6660134030e-01
1.6664565019e+03 4.6676967582e-01
1.6668951582e+03 4.6691161398e-01
1.6673649587e+03 4.6711495987e-01
1.6678101273e+03 4.6726020188e-01
1.6682687143e+03 4.6741760019e-01
1.6687005191e+03 4.6749169539e-01
1.6691465065e+03 4.6758786759e-01
1.6695695178e+03 4.6762224706e-01
1.6700134962e+03 4.6768593555e-01
1.6704399803e+03 4.6769120923e-01
1.6708946983e+03 4.6775530748e-01
1.6713458610e+03 4.6781362294e-01
1.6718392145e+03 4.6796922251e-01
1.6723279584e+03 4.6811784537e-01
1.6728508540e+03 4.6834129678e-01
1.6733555437e+03 4.6854183925e-01
1.6738727230e+03 4.6879900618e-01
1.6743636044e+03 4.6898656096e-01
1.6748870921e+03 4.6917810581e-01
1.6754140592e+03 4.6929890307e-01
1.6759788957e+03 4.6947111856e-01
1.6765135311e+03 4.6960648879e-01
1.6770311376e+03 4.6978082328e-01
1.6774867931e+03 4.6988561533e-01
1.6779447442e+03 4.7002027260e-01
1.6783741197e+03 4.7010764464e-01
1.6788198450e+03 4.7025269038e-01
1.6792335224e+03 4.7035456407e-01
1.6796594896e+03 4.7049263828e-01
1.6800679598e+03 4.7056718436e-01
1.6805138120e+03 4.7069129334e-01
1.6809590340e+03 4.7079794755e-01
1.6814383882e+03 4.7098253339e-01
1.6818952107e+03 4.7112652879e-01
1.6823587141e+03 4.7130449897e-01
1.6827832771e+03 4.7142100763e-01
1.6832120075e+03 4.7157927927e-01
1.6835969007e+03 4.7168898379e-01
1.6839848133e+03 4.7184871966e-01
1.6843503597e+03 4.7196768224e-01
1.6847485819e+03 4.7214208150e-01
1.6851353144e+03 4.7227239467e-01
1.6855429515e+03 4.7244302013e-01
1.6859273139e+03 4.7254538695e-01
1.6863329592e+03 4.7266542345e-01
1.6867288380e+03 4.7271353898e-01
1.6871668354e+03 4.7279583839e-01
1.6876017450e+03 4.7282176064e-01
1.6880675421e+03 4.7288791300e-01
1.6885235705e+03 4.7290556415e-01
1.6890159500e+03 4.7299300943e-01
1.6894904498e+03 4.7307697357e-01
1.6899768279e+03 4.7325931664e-01
1.6904408518e+03 4.7342738651e-01
1.6909398754e+03 4.7365540986e-01
1.6914503555e+03 4.7384066749e-01
1.6920482424e+03 4.7408531044e-01
1.6926282475e+03 4.7426520541e-01
1.6932232150e+03 4.7447408181e-01
1.6937787907e+03 4.7462342592e-01
1.6943486672e+03 4.7482393591e-01
1.6948932138e+03 4.7497048463e-01
1.6954567706e+03 4.7514806022e-01
1.6959837095e+03 4.7525739954e-01
1.6965297432e+03 4.7541149722e-01
1.6970607311e+03 4.7552377658e-01
1.6976282573e+03 4.7570020662e-01
1.6981623478e+03 4.7584091522e-01
1.6986992218e+03 4.7603510268e-01
1.6991961298e+03 4.7617093820e-01
1.6997197049e+03 4.7634945697e-01
1.7002206138e+03 4.7648548482e-01
1.7007368873e+03 4.7668629306e-01
1.7012131354e+03 4.7683688300e-01
1.7017067946e+03 4.7702009379e-01
1.7021685501e+03 4.7713531687e-01
1.7026455314e+03 4.7729876077e-01
1.7030803717e+03 4.7742232496e-01
1.7035211285e+03 4.7760660579e-01
1.7039283313e+03 4.7775081250e-01
1.7043768866e+03 4.7795421209e-01
1.7048268213e+03 4.7810911626e-01
1.7053124674e+03 4.7830114241e-01
1.7057631983e+03 4.7841957758e-01
1.7062337543e+03 4.7856099238e-01
1.7066911573e+03 4.7862884978e-01
1.7071873896e+03 4.7872749562e-01
1.7076624648e+03 4.7876484035e-01
1.7081539013e+03 4.7885031340e-01
1.7086154526e+03 4.7889803719e-01
1.7091043658e+03 4.7901352587e-01
1.7095809722e+03 4.7909964004e-01
1.7100952196e+03 4.7926097612e-01
1.7105942826e+03 4.7939678812e-01
1.7111218417e+03 4.7959672208e-01
1.7116216228e+03 4.7975355077e-01
1.7121236529e+03 4.7996886174e-01
1.7125754208e+03 4.8014722486e-01
1.7130384901e+03 4.8037180670e-01
1.7134953475e+03 4.8052366551e-01
1.7140008658e+03 4.8069654180e-01
1.7144900039e+03 4.8079859866e-01
1.7149872235e+03 4.8093061516e-01
1.7154382400e+03 4.8098750803e-01
1.7159030551e+03 4.8107821992e-01
1.7163397623e+03 4.8112730564e-01
1.7167914379e+03 4.8125431896e-01
1.7172197650e+03 4.8136365904e-01
1.7176789337e+03 4.8153568909e-01
1.7181149597e+03 4.8165723896e-01
1.7185592135e+03 4.8182218609e-01
1.7189646837e+03 4.8193972530e-01
1.7193879448e+03 4.8210991382e-01
1.7197827961e+03 4.8222496743e-01
1.7201932161e+03 4.8237547010e-01
1.7205585178e+03 4.8246790311e-01
1.7209204345e+03 4.8261419379e-01
1.7213593446e+03 4.8275869839e-01
1.7218377412e+03 4.8295372516e-01
1.7222939692e+03 4.8308445669e-01
1.7227751673e+03 4.8324995691e-01
1.7232235890e+03 4.8335721676e-01
1.7236843894e+03 4.8350171525e-01
1.7241066080e+03 4.8356994312e-01
1.7245553544e+03 4.8365209631e-01
1.7249870463e+03 4.8365601653e-01
1.7254470776e+03 4.8370443100e-01
1.7258854545e+03 4.8372575427e-01
1.7263584537e+03 4.8383260683e-01
1.7268148779e+03 4.8391995564e-01
1.7273078529e+03 4.8407344424e-01
1.7277851147e+03 4.8417876190e-01
1.7283010463e+03 4.8434032610e-01
1.7287933251e+03 4.8446331619e-01
1.7293204074e+03 4.8465658310e-01
1.7298305824e+03 4.8481828162e-01
1.7303664280e+03 4.8504710935e-01
1.7308609859e+03 4.8522995957e-01
1.7313667306e+03 4.8544289846e-01
1.7318355422e+03 4.8556502143e-01
1.7323346074e+03 4.8570223810e-01
1.7328119283e+03 4.8577154789e-01
1.7333300726e+03 4.8589456587e-01
1.7338113260e+03 4.8596164205e-01
1.7343008475e+03 4.8608276233e-01
1.7347326170e+03 4.8616950867e-01
1.7351803880e+03 4.8634424507e-01
1.7355995940e+03 4.8650018801e-01
1.7360514362e+03 4.8672382782e-01
1.7364691891e+03 4.8689269388e-01
1.7369049824e+03 4.8710213158e-01
1.7372945133e+03 4.8724619488e-01
1.7377078626e+03 4.8743129688e-01
1.7380941823e+03 4.8754810934e-01
1.7385214009e+03 4.8770707501e-01
1.7389234112e+03 4.8780903601e-01
1.7393439857e+03 4.8796164801e-01
1.7397254925e+03 4.8806273324e-01
1.7401376649e+03 4.8821307210e-01
1.7405429202e+03 4.8831520736e-01
1.7410062293e+03 4.8846871609e-01
1.7414747963e+03 4.8856185487e-01
1.7419944533e+03 4.8868428315e-01
1.7424826757e+03 4.8872491023e-01
1.7429726486e+03 4.8878962907e-01
1.7434100452e+03 4.8880331349e-01
1.7438665303e+03 4.8890171071e-01
1.7443062096e+03 4.8899419084e-01
1.7447915975e+03 4.8915931312e-01
1.7452653048e+03 4.8927901505e-01
1.7457671961e+03 4.8944809131e-01
1.7462329681e+03 4.8957271178e-01
1.7467238360e+03 4.8975212719e-01
1.7471957128e+03 4.8988579695e-01
1.7477033531e+03 4.9007415603e-01
1.7481821562e+03 4.9022203135e-01
1.7486800623e+03 4.9043063648e-01
1.7491484334e+03 4.9059012149e-01
1.7496452738e+03 4.9077513142e-01
1.7501126286e+03 4.9087535673e-01
1.7505957278e+03 4.9099486184e-01
1.7510454595e+03 4.9105712451e-01
1.7515212328e+03 4.9117660927e-01
1.7519606481e+03 4.9126229571e-01
1.7524012140e+03 4.9141034401e-01
1.7527825584e+03 4.9152524098e-01
1.7531698695e+03 4.9170711321e-01
1.7535251684e+03 4.9185726307e-01
1.7539100949e+03 4.9205868466e-01
1.7543402735e+03 4.9222988339e-01
1.7549122270e+03 4.9247769474e-01
1.7554170815e+03 4.9265551368e-01
1.7559356209e+03 4.9285586434e-01
1.7564218252e+03 4.9298709479e-01
1.7569377160e+03 4.9315424706e-01
1.7574023859e+03 4.9326730292e-01
1.7578828405e+03 4.9342650170e-01
1.7583322328e+03 4.9354256502e-01
1.7588117204e+03 4.9370472634e-01
1.7592461287e+03 4.9381396184e-01
1.7596935599e+03 4.9395373483e-01
1.7601141435e+03 4.9403408975e-01
1.7605747183e+03 4.9414749900e-01
1.7610089606e+03 4.9420811636e-01
1.7614722985e+03 4.9430394776e-01
1.7619220814e+03 4.9436131820e-01
1.7624301258e+03 4.9448892028e-01
1.7629451988e+03 4.9460973632e-01
1.7635045977e+03 4.9479729762e-01
1.7640234690e+03 4.9495276056e-01
1.7645504158e+03 4.9515789289e-01
1.7650510047e+03 4.9531950310e-01
1.7655945349e+03 4.9552121037e-01
1.7661143541e+03 4.9567673898e-01
1.7666497566e+03 4.9587722912e-01
1.7671558193e+03 4.9603981634e-01
1.7677004623e+03 4.9624326196e-01
1.7682293158e+03 4.9638616374e-01
1.7687773797e+03 4.9654131927e-01
1.7692821494e+03 4.9663121341e-01
1.7698038397e+03 4.9675783517e-01
1.7702959665e+03 4.9684380211e-01
1.7708108904e+03 4.9697706508e-01
1.7712890783e+03 4.9708128557e-01
1.7717847078e+03 4.9725181719e-01
1.7722419223e+03 4.9740338594e-01
1.7727142820e+03 4.9760883019e-01
1.7731430149e+03 4.9777206562e-01
1.7735877505e+03 4.9797597577e-01
1.7739947713e+03 4.9814041131e-01
1.7744241156e+03 4.9834554494e-01
1.7748382852e+03 4.9850061539e-01
1.7753116231e+03 4.9868601602e-01
1.7757915168e+03 4.9882196447e-01
1.7763146737e+03 4.9899232263e-01
1.7768076775e+03 4.9911830835e-01
1.7773247530e+03 4.9928651414e-01
1.7778140547e+03 4.9941785891e-01
1.7783388114e+03 4.9959011530e-01
1.7788433020e+03 4.9972576370e-01
1.7793754712e+03 4.9990611373e-01
1.7798736174e+03 5.0005014508e-01
1.7803877843e+03 5.0022209860e-01
1.7808588657e+03 5.0033718052e-01
1.7813457176e+03 5.0047240527e-01
1.7818012115e+03 5.0057476534e-01
1.7822941688e+03 5.0073228534e-01
1.7828679392e+03 5.0090439061e-01
1.7835328230e+03 5.0113418908e-01
1.7841702208e+03 5.0133053649e-01
1.7848508126e+03 5.0156734016e-01
1.7855085999e+03 5.0177690852e-01
1.7862093098e+03 5.0202678004e-01
1.7868903801e+03 5.0225842112e-01
1.7875948208e+03 5.0253864911e-01
1.7882433261e+03 5.0278224849e-01
1.7888997913e+03 5.0302609450e-01
1.7895210603e+03 5.0319796550e-01
1.7901687424e+03 5.0337569776e-01
1.7907742193e+03 5.0351495724e-01
1.7913758967e+03 5.0368532846e-01
1.7919323257e+03 5.0383478622e-01
1.7925129761e+03 5.0403353696e-01
1.7930920149e+03 5.0423601990e-01
1.7937168793e+03 5.0449882535e-01
1.7943289209e+03 5.0474670153e-01
1.7949637749e+03 5.0502425669e-01
1.7955737737e+03 5.0526961588e-01
1.7961988524e+03 5.0555055442e-01
1.7967751614e+03 5.0581213762e-01
1.7973439111e+03 5.0610256478e-01
1.7978745305e+03 5.0634987798e-01
1.7984197296e+03 5.0659866525e-01
1.7989480490e+03 5.0679681636e-01
