# Rotated two-point auto-correlation R_33^R (mean-aligned) — case DNS_re250_mr00_11 (MR00), y^+ = 15
# Definition: R_{ij}^R is computed by rotating (x,z) into the local mean-flow frame.
# Columns: delta_z_plus    R
0.0000000000e+00 1.0000000000e+00
3.5851299881e+00 9.7911023945e-01
7.1702599761e+00 9.2172864740e-01
1.0755389964e+01 8.3937298211e-01
1.4340519952e+01 7.4408115466e-01
1.7925649940e+01 6.4533304279e-01
2.1510779928e+01 5.4950262218e-01
2.5095909916e+01 4.6043773750e-01
2.8681039904e+01 3.8016519228e-01
3.2266169893e+01 3.0951321415e-01
3.5851299881e+01 2.4853010839e-01
3.9436429869e+01 1.9678146365e-01
4.3021559857e+01 1.5352355164e-01
4.6606689845e+01 1.1784912261e-01
5.0191819833e+01 8.8775801520e-02
5.3776949821e+01 6.5318764568e-02
5.7362079809e+01 4.6524276717e-02
6.0947209797e+01 3.1512287543e-02
6.4532339785e+01 1.9523022065e-02
6.8117469773e+01 9.9293284710e-03
7.1702599761e+01 2.2151431377e-03
7.5287729749e+01 -4.0405959274e-03
7.8872859737e+01 -9.1605657391e-03
8.2457989725e+01 -1.3381831400e-02
8.6043119713e+01 -1.6876326725e-02
8.9628249701e+01 -1.9790280008e-02
9.3213379690e+01 -2.2254181201e-02
9.6798509678e+01 -2.4379495003e-02
1.0038363967e+02 -2.6254661219e-02
1.0396876965e+02 -2.7952941813e-02
1.0755389964e+02 -2.9526998519e-02
1.1113902963e+02 -3.0991995931e-02
1.1472415962e+02 -3.2341993962e-02
1.1830928961e+02 -3.3560982102e-02
1.2189441959e+02 -3.4628915995e-02
1.2547954958e+02 -3.5524352698e-02
1.2906467957e+02 -3.6231129864e-02
1.3264980956e+02 -3.6729594861e-02
1.3623493955e+02 -3.6996161303e-02
1.3982006953e+02 -3.7015396135e-02
1.4340519952e+02 -3.6801885907e-02
1.4699032951e+02 -3.6419950804e-02
1.5057545950e+02 -3.5982056210e-02
1.5416058949e+02 -3.5609269756e-02
1.5774571947e+02 -3.5383861571e-02
1.6133084946e+02 -3.5328594487e-02
1.6491597945e+02 -3.5405545341e-02
1.6850110944e+02 -3.5543860850e-02
1.7208623943e+02 -3.5674319550e-02
1.7567136941e+02 -3.5741317741e-02
1.7925649940e+02 -3.5711299314e-02
1.8284162939e+02 -3.5580819113e-02
1.8642675938e+02 -3.5368470060e-02
1.9001188937e+02 -3.5105764805e-02
1.9359701936e+02 -3.4823013075e-02
1.9718214934e+02 -3.4523589534e-02
2.0076727933e+02 -3.4178909004e-02
2.0435240932e+02 -3.3737721776e-02
2.0793753931e+02 -3.3137073360e-02
2.1152266930e+02 -3.2328813936e-02
2.1510779928e+02 -3.1307679747e-02
2.1869292927e+02 -3.0114695961e-02
2.2227805926e+02 -2.8821813561e-02
2.2586318925e+02 -2.7507786840e-02
2.2944831924e+02 -2.6237778752e-02
2.3303344922e+02 -2.5053494928e-02
2.3661857921e+02 -2.3960210745e-02
2.4020370920e+02 -2.2922948563e-02
2.4378883919e+02 -2.1891008008e-02
2.4737396918e+02 -2.0834023863e-02
2.5095909916e+02 -1.9758152262e-02
2.5454422915e+02 -1.8686571133e-02
2.5812935914e+02 -1.7641199883e-02
2.6171448913e+02 -1.6636364723e-02
2.6529961912e+02 -1.5677706993e-02
2.6888474910e+02 -1.4763014719e-02
2.7246987909e+02 -1.3894875769e-02
2.7605500908e+02 -1.3082170260e-02
2.7964013907e+02 -1.2325012646e-02
2.8322526906e+02 -1.1605265559e-02
2.8681039904e+02 -1.0888228745e-02
2.9039552903e+02 -1.0137395455e-02
2.9398065902e+02 -9.3218460063e-03
2.9756578901e+02 -8.4155509022e-03
3.0115091900e+02 -7.4017517962e-03
3.0473604898e+02 -6.2930578196e-03
3.0832117897e+02 -5.1486402212e-03
3.1190630896e+02 -4.0637400123e-03
3.1549143895e+02 -3.1404122771e-03
3.1907656894e+02 -2.4520914440e-03
3.2266169893e+02 -2.0358831499e-03
3.2624682891e+02 -1.9090547820e-03
3.2983195890e+02 -2.0666501438e-03
3.3341708889e+02 -2.4786796292e-03
3.3700221888e+02 -3.0879098199e-03
3.4058734887e+02 -3.8204879009e-03
3.4417247885e+02 -4.6053202962e-03
3.4775760884e+02 -5.3900048992e-03
3.5134273883e+02 -6.1442236494e-03
3.5492786882e+02 -6.8487893981e-03
3.5851299881e+02 -7.4934902495e-03
3.6209812879e+02 -8.0854629693e-03
3.6568325878e+02 -8.6448926971e-03
3.6926838877e+02 -9.1919555684e-03
3.7285351876e+02 -9.7358167773e-03
3.7643864875e+02 -1.0267927850e-02
3.8002377873e+02 -1.0773785467e-02
3.8360890872e+02 -1.1234080546e-02
3.8719403871e+02 -1.1615439573e-02
3.9077916870e+02 -1.1873258238e-02
3.9436429869e+02 -1.1966256291e-02
3.9794942867e+02 -1.1874589303e-02
4.0153455866e+02 -1.1599310025e-02
4.0511968865e+02 -1.1180941042e-02
4.0870481864e+02 -1.0688960140e-02
4.1228994863e+02 -1.0206371395e-02
4.1587507861e+02 -9.7929374206e-03
4.1946020860e+02 -9.4491339152e-03
4.2304533859e+02 -9.1279957504e-03
4.2663046858e+02 -8.7811830589e-03
4.3021559857e+02 -8.3914729846e-03
4.3380072855e+02 -7.9676716796e-03
4.3738585854e+02 -7.5223707565e-03
4.4097098853e+02 -7.0574858874e-03
4.4455611852e+02 -6.5544790893e-03
4.4814124851e+02 -5.9737380004e-03
4.5172637850e+02 -5.2698019859e-03
4.5531150848e+02 -4.4165614980e-03
